Date,Open,High,Low,Close,Volume,Dividends,Stock Splits,P/E Ratio,P/B Ratio,Dividend Yield,Dividend Payout Ratio,ROE,ROA,Beta,Market Capitalization,Revenue Growth,Debt-to-Equity Ratio,Free Cash Flow,Current Ratio,Quick Ratio,PEG Ratio,Standard Deviation,Value at Risk (VaR),Sharpe Ratio,Sortino Ratio,Maximum Drawdown,Downside Deviation,Tracking Error,R-squared,Treynor Ratio,Information Ratio,Conditional Value at Risk (CVaR),Beta-adjusted Sharpe Ratio,Drawdown Duration,Ulcer Index,Jensens Alpha
2012-01-03 00:00:00-05:00,13.414248006418589,13.522591150892927,13.055361824679402,13.095990180969238,4402700,0.0,0.0,0.05280829015544042,6.083607,0.0016,0.098500006,0.34451,0.06216,0.356,142027210752,0.181,29.523,12943287296,0.315,0.227,0.45,0.2202793529903911,-0.018757948025446166,1.0263519566298853,1.3765822818332791,-0.2290778130332124,0.013989854859610228,0.2309555732143903,0.18470131281221994,0.0025201104082715037,0.0006057380456292723,-0.031199179203312527,2.2997835971460456,231,0.06722926930796083,0.14092028878398402
2012-01-04 00:00:00-05:00,13.055358016073555,13.089214754512787,13.001186459639714,13.041814804077148,9985500,0.0,0.0,0.05280829015544042,6.083607,0.0016,0.098500006,0.34451,0.06216,0.356,142027210752,0.181,29.523,12943287296,0.315,0.227,0.45,0.2202793529903911,-0.018757948025446166,1.0263519566298853,1.3765822818332791,-0.2290778130332124,0.013989854859610228,0.2309555732143903,0.18470131281221994,0.0025201104082715037,0.0006057380456292723,-0.031199179203312527,2.2997835971460456,231,0.06722926930796083,0.14092028878398402
2012-01-05 00:00:00-05:00,12.974099535860084,13.170472227587977,12.87252803290333,13.156929016113281,3718900,0.0,0.0,0.05280829015544042,6.083607,0.0016,0.098500006,0.34451,0.06216,0.356,142027210752,0.181,29.523,12943287296,0.315,0.227,0.45,0.2202793529903911,-0.018757948025446166,1.0263519566298853,1.3765822818332791,-0.2290778130332124,0.013989854859610228,0.2309555732143903,0.18470131281221994,0.0025201104082715037,0.0006057380456292723,-0.031199179203312527,2.2997835971460456,231,0.06722926930796083,0.14092028878398402
2012-01-06 00:00:00-05:00,13.143386761232302,13.387159419312004,13.136615155002108,13.211101531982422,3224100,0.0,0.0,0.05280829015544042,6.083607,0.0016,0.098500006,0.34451,0.06216,0.356,142027210752,0.181,29.523,12943287296,0.315,0.227,0.45,0.2202793529903911,-0.018757948025446166,1.0263519566298853,1.3765822818332791,-0.2290778130332124,0.013989854859610228,0.2309555732143903,0.18470131281221994,0.0025201104082715037,0.0006057380456292723,-0.031199179203312527,2.2997835971460456,231,0.06722926930796083,0.14092028878398402
2012-01-09 00:00:00-05:00,13.197561342131259,13.292361267962155,13.15016137921581,13.238189697265625,10015200,0.0,0.0,0.05280829015544042,6.083607,0.0016,0.098500006,0.34451,0.06216,0.356,142027210752,0.181,29.523,12943287296,0.315,0.227,0.45,0.2202793529903911,-0.018757948025446166,1.0263519566298853,1.3765822818332791,-0.2290778130332124,0.013989854859610228,0.2309555732143903,0.18470131281221994,0.0025201104082715037,0.0006057380456292723,-0.031199179203312527,2.2997835971460456,231,0.06722926930796083,0.14092028878398402
2012-01-10 00:00:00-05:00,13.366841120269786,13.373612724736844,13.224641301116034,13.285584449768066,4117000,0.0,0.0,0.05280829015544042,6.083607,0.0016,0.098500006,0.34451,0.06216,0.356,142027210752,0.181,29.523,12943287296,0.315,0.227,0.45,0.2202793529903911,-0.018757948025446166,1.0263519566298853,1.3765822818332791,-0.2290778130332124,0.013989854859610228,0.2309555732143903,0.18470131281221994,0.0025201104082715037,0.0006057380456292723,-0.031199179203312527,2.2997835971460456,231,0.06722926930796083,0.14092028878398402
2012-01-11 00:00:00-05:00,13.265275082821377,13.332989863742792,13.211103516394648,13.305903434753418,3121100,0.0,0.0,0.05280829015544042,6.083607,0.0016,0.098500006,0.34451,0.06216,0.356,142027210752,0.181,29.523,12943287296,0.315,0.227,0.45,0.2202793529903911,-0.018757948025446166,1.0263519566298853,1.3765822818332791,-0.2290778130332124,0.013989854859610228,0.2309555732143903,0.18470131281221994,0.0025201104082715037,0.0006057380456292723,-0.031199179203312527,2.2997835971460456,231,0.06722926930796083,0.14092028878398402
2012-01-12 00:00:00-05:00,13.373617523266265,13.4413323006818,13.258502789125439,13.339760780334473,10857900,0.0,0.0,0.05280829015544042,6.083607,0.0016,0.098500006,0.34451,0.06216,0.356,142027210752,0.181,29.523,12943287296,0.315,0.227,0.45,0.2202793529903911,-0.018757948025446166,1.0263519566298853,1.3765822818332791,-0.2290778130332124,0.013989854859610228,0.2309555732143903,0.18470131281221994,0.0025201104082715037,0.0006057380456292723,-0.031199179203312527,2.2997835971460456,231,0.06722926930796083,0.14092028878398402
2012-01-13 00:00:00-05:00,13.217872349504205,13.244957481256991,13.021499655201566,13.184014320373535,11908800,0.0,0.0,0.05280829015544042,6.083607,0.0016,0.098500006,0.34451,0.06216,0.356,142027210752,0.181,29.523,12943287296,0.315,0.227,0.45,0.2202793529903911,-0.018757948025446166,1.0263519566298853,1.3765822818332791,-0.2290778130332124,0.013989854859610228,0.2309555732143903,0.18470131281221994,0.0025201104082715037,0.0006057380456292723,-0.031199179203312527,2.2997835971460456,231,0.06722926930796083,0.14092028878398402
2012-01-17 00:00:00-05:00,13.31944386809681,13.44133018999462,13.28558713048153,13.292357444763184,12225100,0.0,0.0,0.05280829015544042,6.083607,0.0016,0.098500006,0.34451,0.06216,0.356,142027210752,0.181,29.523,12943287296,0.315,0.227,0.45,0.2202793529903911,-0.018757948025446166,1.0263519566298853,1.3765822818332791,-0.2290778130332124,0.013989854859610228,0.2309555732143903,0.18470131281221994,0.0025201104082715037,0.0006057380456292723,-0.031199179203312527,2.2997835971460456,231,0.06722926930796083,0.14092028878398402
2012-01-18 00:00:00-05:00,13.319444581304623,13.536130813369377,13.292358156520619,13.441330909729004,4792700,0.0,0.0,0.05280829015544042,6.083607,0.0016,0.098500006,0.34451,0.06216,0.356,142027210752,0.181,29.523,12943287296,0.315,0.227,0.45,0.2202793529903911,-0.018757948025446166,1.0263519566298853,1.3765822818332791,-0.2290778130332124,0.013989854859610228,0.2309555732143903,0.18470131281221994,0.0025201104082715037,0.0006057380456292723,-0.031199179203312527,2.2997835971460456,231,0.06722926930796083,0.14092028878398402
2012-01-19 00:00:00-05:00,13.502277203914229,14.098164480225382,13.502277203914229,14.057536125183105,8643000,0.0,0.0,0.05280829015544042,6.083607,0.0016,0.098500006,0.34451,0.06216,0.356,142027210752,0.181,29.523,12943287296,0.315,0.227,0.45,0.2202793529903911,-0.018757948025446166,1.0263519566298853,1.3765822818332791,-0.2290778130332124,0.013989854859610228,0.2309555732143903,0.18470131281221994,0.0025201104082715037,0.0006057380456292723,-0.031199179203312527,2.2997835971460456,231,0.06722926930796083,0.14092028878398402
2012-01-20 00:00:00-05:00,14.003361275437465,14.10493278503418,13.854388522580587,14.10493278503418,6158700,0.0,0.0,0.05280829015544042,6.083607,0.0016,0.098500006,0.34451,0.06216,0.356,142027210752,0.181,29.523,12943287296,0.315,0.227,0.45,0.2202793529903911,-0.018757948025446166,1.0263519566298853,1.3765822818332791,-0.2290778130332124,0.013989854859610228,0.2309555732143903,0.18470131281221994,0.0025201104082715037,0.0006057380456292723,-0.031199179203312527,2.2997835971460456,231,0.06722926930796083,0.14092028878398402
2012-01-23 00:00:00-05:00,14.091391398545815,14.118477826775592,13.94241991793799,14.01013469696045,4044300,0.0,0.0,0.05280829015544042,6.083607,0.0016,0.098500006,0.34451,0.06216,0.356,142027210752,0.181,29.523,12943287296,0.315,0.227,0.45,0.2202793529903911,-0.018757948025446166,1.0263519566298853,1.3765822818332791,-0.2290778130332124,0.013989854859610228,0.2309555732143903,0.18470131281221994,0.0025201104082715037,0.0006057380456292723,-0.031199179203312527,2.2997835971460456,231,0.06722926930796083,0.14092028878398402
2012-01-24 00:00:00-05:00,13.95279929607648,14.084037543842507,13.821559730842546,14.042593955993652,5041600,0.407,0.0,0.05280829015544042,6.083607,0.0016,0.098500006,0.34451,0.06216,0.356,142027210752,0.181,29.523,12943287296,0.315,0.227,0.45,0.2202793529903911,-0.018757948025446166,1.0263519566298853,1.3765822818332791,-0.2290778130332124,0.013989854859610228,0.2309555732143903,0.18470131281221994,0.0025201104082715037,0.0006057380456292723,-0.031199179203312527,2.2997835971460456,231,0.06722926930796083,0.14092028878398402
2012-01-25 00:00:00-05:00,14.00806033052676,14.236002080222443,13.96661541787799,14.201464653015137,5215700,0.0,0.0,0.05280829015544042,6.083607,0.0016,0.098500006,0.34451,0.06216,0.356,142027210752,0.181,29.523,12943287296,0.315,0.227,0.45,0.2202793529903911,-0.018757948025446166,1.0263519566298853,1.3765822818332791,-0.2290778130332124,0.013989854859610228,0.2309555732143903,0.18470131281221994,0.0025201104082715037,0.0006057380456292723,-0.031199179203312527,2.2997835971460456,231,0.06722926930796083,0.14092028878398402
2012-01-26 00:00:00-05:00,14.042596396073904,14.284353115891703,14.021873939814732,14.215279579162598,5876200,0.0,0.0,0.05280829015544042,6.083607,0.0016,0.098500006,0.34451,0.06216,0.356,142027210752,0.181,29.523,12943287296,0.315,0.227,0.45,0.2202793529903911,-0.018757948025446166,1.0263519566298853,1.3765822818332791,-0.2290778130332124,0.013989854859610228,0.2309555732143903,0.18470131281221994,0.0025201104082715037,0.0006057380456292723,-0.031199179203312527,2.2997835971460456,231,0.06722926930796083,0.14092028878398402
2012-01-27 00:00:00-05:00,14.090948036996206,14.173836547861558,13.987338386515653,14.11167049407959,5109700,0.0,0.0,0.05280829015544042,6.083607,0.0016,0.098500006,0.34451,0.06216,0.356,142027210752,0.181,29.523,12943287296,0.315,0.227,0.45,0.2202793529903911,-0.018757948025446166,1.0263519566298853,1.3765822818332791,-0.2290778130332124,0.013989854859610228,0.2309555732143903,0.18470131281221994,0.0025201104082715037,0.0006057380456292723,-0.031199179203312527,2.2997835971460456,231,0.06722926930796083,0.14092028878398402
2012-01-30 00:00:00-05:00,13.994245299408988,13.994245299408988,13.883728167757571,13.952801704406738,3485800,0.0,0.0,0.05280829015544042,6.083607,0.0016,0.098500006,0.34451,0.06216,0.356,142027210752,0.181,29.523,12943287296,0.315,0.227,0.45,0.2202793529903911,-0.018757948025446166,1.0263519566298853,1.3765822818332791,-0.2290778130332124,0.013989854859610228,0.2309555732143903,0.18470131281221994,0.0025201104082715037,0.0006057380456292723,-0.031199179203312527,2.2997835971460456,231,0.06722926930796083,0.14092028878398402
2012-01-31 00:00:00-05:00,13.980431465103528,14.104763577685796,13.959709007183738,14.008061408996582,4901700,0.0,0.0,0.05280829015544042,6.083607,0.0016,0.098500006,0.34451,0.06216,0.356,142027210752,0.181,29.523,12943287296,0.315,0.227,0.45,0.2202793529903911,-0.018757948025446166,1.0263519566298853,1.3765822818332791,-0.2290778130332124,0.013989854859610228,0.2309555732143903,0.18470131281221994,0.0025201104082715037,0.0006057380456292723,-0.031199179203312527,2.2997835971460456,231,0.06722926930796083,0.14092028878398402
2012-02-01 00:00:00-05:00,14.111666775063794,14.422495644589015,14.084036839567595,14.367237091064453,6122000,0.0,0.0,0.05280829015544042,6.083607,0.0016,0.098500006,0.34451,0.06216,0.356,142027210752,0.181,29.523,12943287296,0.315,0.227,0.45,0.2202793529903911,-0.018757948025446166,1.0263519566298853,1.3765822818332791,-0.2290778130332124,0.013989854859610228,0.2309555732143903,0.18470131281221994,0.0025201104082715037,0.0006057380456292723,-0.031199179203312527,2.2997835971460456,231,0.06722926930796083,0.14092028878398402
2012-02-02 00:00:00-05:00,14.387962778298165,14.491572424773311,14.298168102677876,14.477757453918457,4299500,0.0,0.0,0.05280829015544042,6.083607,0.0016,0.098500006,0.34451,0.06216,0.356,142027210752,0.181,29.523,12943287296,0.315,0.227,0.45,0.2202793529903911,-0.018757948025446166,1.0263519566298853,1.3765822818332791,-0.2290778130332124,0.013989854859610228,0.2309555732143903,0.18470131281221994,0.0025201104082715037,0.0006057380456292723,-0.031199179203312527,2.2997835971460456,231,0.06722926930796083,0.14092028878398402
2012-02-03 00:00:00-05:00,14.588270819982219,14.747138977050781,14.498474858183345,14.747138977050781,4777100,0.0,0.0,0.05280829015544042,6.083607,0.0016,0.098500006,0.34451,0.06216,0.356,142027210752,0.181,29.523,12943287296,0.315,0.227,0.45,0.2202793529903911,-0.018757948025446166,1.0263519566298853,1.3765822818332791,-0.2290778130332124,0.013989854859610228,0.2309555732143903,0.18470131281221994,0.0025201104082715037,0.0006057380456292723,-0.031199179203312527,2.2997835971460456,231,0.06722926930796083,0.14092028878398402
2012-02-06 00:00:00-05:00,14.657347469666284,14.726421003395313,14.567552798046199,14.608996391296387,4039800,0.0,0.0,0.05280829015544042,6.083607,0.0016,0.098500006,0.34451,0.06216,0.356,142027210752,0.181,29.523,12943287296,0.315,0.227,0.45,0.2202793529903911,-0.018757948025446166,1.0263519566298853,1.3765822818332791,-0.2290778130332124,0.013989854859610228,0.2309555732143903,0.18470131281221994,0.0025201104082715037,0.0006057380456292723,-0.031199179203312527,2.2997835971460456,231,0.06722926930796083,0.14092028878398402
2012-02-07 00:00:00-05:00,14.512296330428471,14.733330616308768,14.470852731192982,14.657349586486816,2562700,0.0,0.0,0.05280829015544042,6.083607,0.0016,0.098500006,0.34451,0.06216,0.356,142027210752,0.181,29.523,12943287296,0.315,0.227,0.45,0.2202793529903911,-0.018757948025446166,1.0263519566298853,1.3765822818332791,-0.2290778130332124,0.013989854859610228,0.2309555732143903,0.18470131281221994,0.0025201104082715037,0.0006057380456292723,-0.031199179203312527,2.2997835971460456,231,0.06722926930796083,0.14092028878398402
2012-02-08 00:00:00-05:00,14.636628555193923,14.747145698961559,14.608998610517874,14.733330726623535,2883700,0.0,0.0,0.05280829015544042,6.083607,0.0016,0.098500006,0.34451,0.06216,0.356,142027210752,0.181,29.523,12943287296,0.315,0.227,0.45,0.2202793529903911,-0.018757948025446166,1.0263519566298853,1.3765822818332791,-0.2290778130332124,0.013989854859610228,0.2309555732143903,0.18470131281221994,0.0025201104082715037,0.0006057380456292723,-0.031199179203312527,2.2997835971460456,231,0.06722926930796083,0.14092028878398402
2012-02-09 00:00:00-05:00,14.719513967582476,14.836938583265738,14.636626778552005,14.809309959411621,5074900,0.0,0.0,0.05280829015544042,6.083607,0.0016,0.098500006,0.34451,0.06216,0.356,142027210752,0.181,29.523,12943287296,0.315,0.227,0.45,0.2202793529903911,-0.018757948025446166,1.0263519566298853,1.3765822818332791,-0.2290778130332124,0.013989854859610228,0.2309555732143903,0.18470131281221994,0.0025201104082715037,0.0006057380456292723,-0.031199179203312527,2.2997835971460456,231,0.06722926930796083,0.14092028878398402
2012-02-10 00:00:00-05:00,14.684977858397799,14.816217444742179,14.581368213375653,14.809309959411621,5182100,0.0,0.0,0.05280829015544042,6.083607,0.0016,0.098500006,0.34451,0.06216,0.356,142027210752,0.181,29.523,12943287296,0.315,0.227,0.45,0.2202793529903911,-0.018757948025446166,1.0263519566298853,1.3765822818332791,-0.2290778130332124,0.013989854859610228,0.2309555732143903,0.18470131281221994,0.0025201104082715037,0.0006057380456292723,-0.031199179203312527,2.2997835971460456,231,0.06722926930796083,0.14092028878398402
2012-02-13 00:00:00-05:00,14.871474922399388,15.023435636154765,14.788586421962261,15.009620666503906,4224600,0.0,0.0,0.05280829015544042,6.083607,0.0016,0.098500006,0.34451,0.06216,0.356,142027210752,0.181,29.523,12943287296,0.315,0.227,0.45,0.2202793529903911,-0.018757948025446166,1.0263519566298853,1.3765822818332791,-0.2290778130332124,0.013989854859610228,0.2309555732143903,0.18470131281221994,0.0025201104082715037,0.0006057380456292723,-0.031199179203312527,2.2997835971460456,231,0.06722926930796083,0.14092028878398402
2012-02-14 00:00:00-05:00,14.988898492160756,15.051064533819279,14.82312150275941,15.037249565124512,8239400,0.0,0.0,0.05280829015544042,6.083607,0.0016,0.098500006,0.34451,0.06216,0.356,142027210752,0.181,29.523,12943287296,0.315,0.227,0.45,0.2202793529903911,-0.018757948025446166,1.0263519566298853,1.3765822818332791,-0.2290778130332124,0.013989854859610228,0.2309555732143903,0.18470131281221994,0.0025201104082715037,0.0006057380456292723,-0.031199179203312527,2.2997835971460456,231,0.06722926930796083,0.14092028878398402
2012-02-15 00:00:00-05:00,15.051069453259036,15.051069453259036,14.712609196951204,14.740239143371582,5843400,0.0,0.0,0.05280829015544042,6.083607,0.0016,0.098500006,0.34451,0.06216,0.356,142027210752,0.181,29.523,12943287296,0.315,0.227,0.45,0.2202793529903911,-0.018757948025446166,1.0263519566298853,1.3765822818332791,-0.2290778130332124,0.013989854859610228,0.2309555732143903,0.18470131281221994,0.0025201104082715037,0.0006057380456292723,-0.031199179203312527,2.2997835971460456,231,0.06722926930796083,0.14092028878398402
2012-02-16 00:00:00-05:00,14.795493508451193,14.906010627746584,14.678068904516342,14.906010627746582,5511700,0.0,0.0,0.05280829015544042,6.083607,0.0016,0.098500006,0.34451,0.06216,0.356,142027210752,0.181,29.523,12943287296,0.315,0.227,0.45,0.2202793529903911,-0.018757948025446166,1.0263519566298853,1.3765822818332791,-0.2290778130332124,0.013989854859610228,0.2309555732143903,0.18470131281221994,0.0025201104082715037,0.0006057380456292723,-0.031199179203312527,2.2997835971460456,231,0.06722926930796083,0.14092028878398402
2012-02-17 00:00:00-05:00,14.926734575094882,14.933642060425441,14.740236423574151,14.809309959411621,4757100,0.0,0.0,0.05280829015544042,6.083607,0.0016,0.098500006,0.34451,0.06216,0.356,142027210752,0.181,29.523,12943287296,0.315,0.227,0.45,0.2202793529903911,-0.018757948025446166,1.0263519566298853,1.3765822818332791,-0.2290778130332124,0.013989854859610228,0.2309555732143903,0.18470131281221994,0.0025201104082715037,0.0006057380456292723,-0.031199179203312527,2.2997835971460456,231,0.06722926930796083,0.14092028878398402
2012-02-21 00:00:00-05:00,14.850753946020708,14.912919998168945,14.774772922846608,14.912919998168945,11203900,0.0,0.0,0.05280829015544042,6.083607,0.0016,0.098500006,0.34451,0.06216,0.356,142027210752,0.181,29.523,12943287296,0.315,0.227,0.45,0.2202793529903911,-0.018757948025446166,1.0263519566298853,1.3765822818332791,-0.2290778130332124,0.013989854859610228,0.2309555732143903,0.18470131281221994,0.0025201104082715037,0.0006057380456292723,-0.031199179203312527,2.2997835971460456,231,0.06722926930796083,0.14092028878398402
2012-02-22 00:00:00-05:00,14.843849695550265,14.933645709320214,14.747147512230416,14.76096248626709,4527100,0.0,0.0,0.05280829015544042,6.083607,0.0016,0.098500006,0.34451,0.06216,0.356,142027210752,0.181,29.523,12943287296,0.315,0.227,0.45,0.2202793529903911,-0.018757948025446166,1.0263519566298853,1.3765822818332791,-0.2290778130332124,0.013989854859610228,0.2309555732143903,0.18470131281221994,0.0025201104082715037,0.0006057380456292723,-0.031199179203312527,2.2997835971460456,231,0.06722926930796083,0.14092028878398402
2012-02-23 00:00:00-05:00,14.781682391564049,14.885292053222656,14.726423817514902,14.885292053222656,3748800,0.0,0.0,0.05280829015544042,6.083607,0.0016,0.098500006,0.34451,0.06216,0.356,142027210752,0.181,29.523,12943287296,0.315,0.227,0.45,0.2202793529903911,-0.018757948025446166,1.0263519566298853,1.3765822818332791,-0.2290778130332124,0.013989854859610228,0.2309555732143903,0.18470131281221994,0.0025201104082715037,0.0006057380456292723,-0.031199179203312527,2.2997835971460456,231,0.06722926930796083,0.14092028878398402
2012-02-24 00:00:00-05:00,14.947451884014729,14.947451884014729,14.788583714518962,14.802398681640625,9030800,0.0,0.0,0.05280829015544042,6.083607,0.0016,0.098500006,0.34451,0.06216,0.356,142027210752,0.181,29.523,12943287296,0.315,0.227,0.45,0.2202793529903911,-0.018757948025446166,1.0263519566298853,1.3765822818332791,-0.2290778130332124,0.013989854859610228,0.2309555732143903,0.18470131281221994,0.0025201104082715037,0.0006057380456292723,-0.031199179203312527,2.2997835971460456,231,0.06722926930796083,0.14092028878398402
2012-02-27 00:00:00-05:00,14.774772532758828,14.89219714844209,14.678070373067241,14.809309959411621,3650500,0.0,0.0,0.05280829015544042,6.083607,0.0016,0.098500006,0.34451,0.06216,0.356,142027210752,0.181,29.523,12943287296,0.315,0.227,0.45,0.2202793529903911,-0.018757948025446166,1.0263519566298853,1.3765822818332791,-0.2290778130332124,0.013989854859610228,0.2309555732143903,0.18470131281221994,0.0025201104082715037,0.0006057380456292723,-0.031199179203312527,2.2997835971460456,231,0.06722926930796083,0.14092028878398402
2012-02-28 00:00:00-05:00,14.892196335238987,14.954362382351258,14.78167921092118,14.878382682800293,4147200,0.0,0.0,0.05280829015544042,6.083607,0.0016,0.098500006,0.34451,0.06216,0.356,142027210752,0.181,29.523,12943287296,0.315,0.227,0.45,0.2202793529903911,-0.018757948025446166,1.0263519566298853,1.3765822818332791,-0.2290778130332124,0.013989854859610228,0.2309555732143903,0.18470131281221994,0.0025201104082715037,0.0006057380456292723,-0.031199179203312527,2.2997835971460456,231,0.06722926930796083,0.14092028878398402
2012-02-29 00:00:00-05:00,14.864570485562632,14.95436517176962,14.754053340630204,14.795496940612793,5570900,0.0,0.0,0.05280829015544042,6.083607,0.0016,0.098500006,0.34451,0.06216,0.356,142027210752,0.181,29.523,12943287296,0.315,0.227,0.45,0.2202793529903911,-0.018757948025446166,1.0263519566298853,1.3765822818332791,-0.2290778130332124,0.013989854859610228,0.2309555732143903,0.18470131281221994,0.0025201104082715037,0.0006057380456292723,-0.031199179203312527,2.2997835971460456,231,0.06722926930796083,0.14092028878398402
2012-03-01 00:00:00-05:00,14.809310093327362,14.906012253893394,14.726421586079242,14.767865180969238,7008900,0.0,0.0,0.05280829015544042,6.083607,0.0016,0.098500006,0.34451,0.06216,0.356,142027210752,0.181,29.523,12943287296,0.315,0.227,0.45,0.2202793529903911,-0.018757948025446166,1.0263519566298853,1.3765822818332791,-0.2290778130332124,0.013989854859610228,0.2309555732143903,0.18470131281221994,0.0025201104082715037,0.0006057380456292723,-0.031199179203312527,2.2997835971460456,231,0.06722926930796083,0.14092028878398402
2012-03-02 00:00:00-05:00,14.823126895051098,14.91983039362491,14.733332200805851,14.899107933044434,4942600,0.0,0.0,0.05280829015544042,6.083607,0.0016,0.098500006,0.34451,0.06216,0.356,142027210752,0.181,29.523,12943287296,0.315,0.227,0.45,0.2202793529903911,-0.018757948025446166,1.0263519566298853,1.3765822818332791,-0.2290778130332124,0.013989854859610228,0.2309555732143903,0.18470131281221994,0.0025201104082715037,0.0006057380456292723,-0.031199179203312527,2.2997835971460456,231,0.06722926930796083,0.14092028878398402
2012-03-05 00:00:00-05:00,14.878389820073314,15.057979245139087,14.76787132527093,15.05107307434082,5038100,0.0,0.0,0.05280829015544042,6.083607,0.0016,0.098500006,0.34451,0.06216,0.356,142027210752,0.181,29.523,12943287296,0.315,0.227,0.45,0.2202793529903911,-0.018757948025446166,1.0263519566298853,1.3765822818332791,-0.2290778130332124,0.013989854859610228,0.2309555732143903,0.18470131281221994,0.0025201104082715037,0.0006057380456292723,-0.031199179203312527,2.2997835971460456,231,0.06722926930796083,0.14092028878398402
2012-03-06 00:00:00-05:00,14.919828789070866,14.981994846658232,14.650442100369524,14.657349586486816,4437000,0.0,0.0,0.05280829015544042,6.083607,0.0016,0.098500006,0.34451,0.06216,0.356,142027210752,0.181,29.523,12943287296,0.315,0.227,0.45,0.2202793529903911,-0.018757948025446166,1.0263519566298853,1.3765822818332791,-0.2290778130332124,0.013989854859610228,0.2309555732143903,0.18470131281221994,0.0025201104082715037,0.0006057380456292723,-0.031199179203312527,2.2997835971460456,231,0.06722926930796083,0.14092028878398402
2012-03-07 00:00:00-05:00,14.657347657003918,14.70570005345989,14.622811548432031,14.664255142211914,2841800,0.0,0.0,0.05280829015544042,6.083607,0.0016,0.098500006,0.34451,0.06216,0.356,142027210752,0.181,29.523,12943287296,0.315,0.227,0.45,0.2202793529903911,-0.018757948025446166,1.0263519566298853,1.3765822818332791,-0.2290778130332124,0.013989854859610228,0.2309555732143903,0.18470131281221994,0.0025201104082715037,0.0006057380456292723,-0.031199179203312527,2.2997835971460456,231,0.06722926930796083,0.14092028878398402
2012-03-08 00:00:00-05:00,14.760959013044346,14.7885876371483,14.657348049617164,14.767865180969238,4140600,0.0,0.0,0.05280829015544042,6.083607,0.0016,0.098500006,0.34451,0.06216,0.356,142027210752,0.181,29.523,12943287296,0.315,0.227,0.45,0.2202793529903911,-0.018757948025446166,1.0263519566298853,1.3765822818332791,-0.2290778130332124,0.013989854859610228,0.2309555732143903,0.18470131281221994,0.0025201104082715037,0.0006057380456292723,-0.031199179203312527,2.2997835971460456,231,0.06722926930796083,0.14092028878398402
2012-03-09 00:00:00-05:00,14.767862838291737,14.988898383400375,14.760956671462393,14.954360961914062,3107100,0.0,0.0,0.05280829015544042,6.083607,0.0016,0.098500006,0.34451,0.06216,0.356,142027210752,0.181,29.523,12943287296,0.315,0.227,0.45,0.2202793529903911,-0.018757948025446166,1.0263519566298853,1.3765822818332791,-0.2290778130332124,0.013989854859610228,0.2309555732143903,0.18470131281221994,0.0025201104082715037,0.0006057380456292723,-0.031199179203312527,2.2997835971460456,231,0.06722926930796083,0.14092028878398402
2012-03-12 00:00:00-04:00,14.98199117880393,15.106323263539988,14.93364010528834,15.09941577911377,2688100,0.0,0.0,0.05280829015544042,6.083607,0.0016,0.098500006,0.34451,0.06216,0.356,142027210752,0.181,29.523,12943287296,0.315,0.227,0.45,0.2202793529903911,-0.018757948025446166,1.0263519566298853,1.3765822818332791,-0.2290778130332124,0.013989854859610228,0.2309555732143903,0.18470131281221994,0.0025201104082715037,0.0006057380456292723,-0.031199179203312527,2.2997835971460456,231,0.06722926930796083,0.14092028878398402
2012-03-13 00:00:00-04:00,15.147772458281866,15.638192176818848,15.133957484316996,15.638192176818848,8143400,0.0,0.0,0.05280829015544042,6.083607,0.0016,0.098500006,0.34451,0.06216,0.356,142027210752,0.181,29.523,12943287296,0.315,0.227,0.45,0.2202793529903911,-0.018757948025446166,1.0263519566298853,1.3765822818332791,-0.2290778130332124,0.013989854859610228,0.2309555732143903,0.18470131281221994,0.0025201104082715037,0.0006057380456292723,-0.031199179203312527,2.2997835971460456,231,0.06722926930796083,0.14092028878398402
2012-03-14 00:00:00-04:00,15.562209856340163,15.852317673817483,15.513857455537101,15.783244132995605,6541200,0.0,0.0,0.05280829015544042,6.083607,0.0016,0.098500006,0.34451,0.06216,0.356,142027210752,0.181,29.523,12943287296,0.315,0.227,0.45,0.2202793529903911,-0.018757948025446166,1.0263519566298853,1.3765822818332791,-0.2290778130332124,0.013989854859610228,0.2309555732143903,0.18470131281221994,0.0025201104082715037,0.0006057380456292723,-0.031199179203312527,2.2997835971460456,231,0.06722926930796083,0.14092028878398402
2012-03-15 00:00:00-04:00,15.817775684790323,15.873034238024479,15.652000025087855,15.83159065246582,4616800,0.0,0.0,0.05280829015544042,6.083607,0.0016,0.098500006,0.34451,0.06216,0.356,142027210752,0.181,29.523,12943287296,0.315,0.227,0.45,0.2202793529903911,-0.018757948025446166,1.0263519566298853,1.3765822818332791,-0.2290778130332124,0.013989854859610228,0.2309555732143903,0.18470131281221994,0.0025201104082715037,0.0006057380456292723,-0.031199179203312527,2.2997835971460456,231,0.06722926930796083,0.14092028878398402
2012-03-16 00:00:00-04:00,15.817780704831529,15.886854247662844,15.58293144968601,15.603653907775879,5007200,0.0,0.0,0.05280829015544042,6.083607,0.0016,0.098500006,0.34451,0.06216,0.356,142027210752,0.181,29.523,12943287296,0.315,0.227,0.45,0.2202793529903911,-0.018757948025446166,1.0263519566298853,1.3765822818332791,-0.2290778130332124,0.013989854859610228,0.2309555732143903,0.18470131281221994,0.0025201104082715037,0.0006057380456292723,-0.031199179203312527,2.2997835971460456,231,0.06722926930796083,0.14092028878398402
2012-03-19 00:00:00-04:00,15.652002710992582,15.810870914119299,15.617466603345227,15.762519836425781,2300400,0.0,0.0,0.05280829015544042,6.083607,0.0016,0.098500006,0.34451,0.06216,0.356,142027210752,0.181,29.523,12943287296,0.315,0.227,0.45,0.2202793529903911,-0.018757948025446166,1.0263519566298853,1.3765822818332791,-0.2290778130332124,0.013989854859610228,0.2309555732143903,0.18470131281221994,0.0025201104082715037,0.0006057380456292723,-0.031199179203312527,2.2997835971460456,231,0.06722926930796083,0.14092028878398402
2012-03-20 00:00:00-04:00,15.707262201761111,15.831594304586543,15.672726092073216,15.769428253173828,3126300,0.0,0.0,0.05280829015544042,6.083607,0.0016,0.098500006,0.34451,0.06216,0.356,142027210752,0.181,29.523,12943287296,0.315,0.227,0.45,0.2202793529903911,-0.018757948025446166,1.0263519566298853,1.3765822818332791,-0.2290778130332124,0.013989854859610228,0.2309555732143903,0.18470131281221994,0.0025201104082715037,0.0006057380456292723,-0.031199179203312527,2.2997835971460456,231,0.06722926930796083,0.14092028878398402
2012-03-21 00:00:00-04:00,15.755616796505779,15.803967887840502,15.62437849644537,15.645099639892578,2921600,0.0,0.0,0.05280829015544042,6.083607,0.0016,0.098500006,0.34451,0.06216,0.356,142027210752,0.181,29.523,12943287296,0.315,0.227,0.45,0.2202793529903911,-0.018757948025446166,1.0263519566298853,1.3765822818332791,-0.2290778130332124,0.013989854859610228,0.2309555732143903,0.18470131281221994,0.0025201104082715037,0.0006057380456292723,-0.031199179203312527,2.2997835971460456,231,0.06722926930796083,0.14092028878398402
2012-03-22 00:00:00-04:00,15.576023963656054,15.638190020457412,15.472414308143208,15.603653907775879,2746800,0.0,0.0,0.05280829015544042,6.083607,0.0016,0.098500006,0.34451,0.06216,0.356,142027210752,0.181,29.523,12943287296,0.315,0.227,0.45,0.2202793529903911,-0.018757948025446166,1.0263519566298853,1.3765822818332791,-0.2290778130332124,0.013989854859610228,0.2309555732143903,0.18470131281221994,0.0025201104082715037,0.0006057380456292723,-0.031199179203312527,2.2997835971460456,231,0.06722926930796083,0.14092028878398402
2012-03-23 00:00:00-04:00,15.631278385402284,15.783240402789403,15.589834797691207,15.755610466003418,2341800,0.0,0.0,0.05280829015544042,6.083607,0.0016,0.098500006,0.34451,0.06216,0.356,142027210752,0.181,29.523,12943287296,0.315,0.227,0.45,0.2202793529903911,-0.018757948025446166,1.0263519566298853,1.3765822818332791,-0.2290778130332124,0.013989854859610228,0.2309555732143903,0.18470131281221994,0.0025201104082715037,0.0006057380456292723,-0.031199179203312527,2.2997835971460456,231,0.06722926930796083,0.14092028878398402
2012-03-26 00:00:00-04:00,15.852320040623377,15.983558338564244,15.838505066902737,15.969744682312012,3225300,0.0,0.0,0.05280829015544042,6.083607,0.0016,0.098500006,0.34451,0.06216,0.356,142027210752,0.181,29.523,12943287296,0.315,0.227,0.45,0.2202793529903911,-0.018757948025446166,1.0263519566298853,1.3765822818332791,-0.2290778130332124,0.013989854859610228,0.2309555732143903,0.18470131281221994,0.0025201104082715037,0.0006057380456292723,-0.031199179203312527,2.2997835971460456,231,0.06722926930796083,0.14092028878398402
2012-03-27 00:00:00-04:00,16.024999543135962,16.024999543135962,15.91448241393928,15.935203552246094,3034500,0.0,0.0,0.05280829015544042,6.083607,0.0016,0.098500006,0.34451,0.06216,0.356,142027210752,0.181,29.523,12943287296,0.315,0.227,0.45,0.2202793529903911,-0.018757948025446166,1.0263519566298853,1.3765822818332791,-0.2290778130332124,0.013989854859610228,0.2309555732143903,0.18470131281221994,0.0025201104082715037,0.0006057380456292723,-0.031199179203312527,2.2997835971460456,231,0.06722926930796083,0.14092028878398402
2012-03-28 00:00:00-04:00,16.1147962104108,16.14242615486262,15.74180118258906,16.025001525878906,7252900,0.0,0.0,0.05280829015544042,6.083607,0.0016,0.098500006,0.34451,0.06216,0.356,142027210752,0.181,29.523,12943287296,0.315,0.227,0.45,0.2202793529903911,-0.018757948025446166,1.0263519566298853,1.3765822818332791,-0.2290778130332124,0.013989854859610228,0.2309555732143903,0.18470131281221994,0.0025201104082715037,0.0006057380456292723,-0.031199179203312527,2.2997835971460456,231,0.06722926930796083,0.14092028878398402
2012-03-29 00:00:00-04:00,15.900670051574707,15.935206166063015,15.741801816979182,15.900670051574707,3648000,0.0,0.0,0.05280829015544042,6.083607,0.0016,0.098500006,0.34451,0.06216,0.356,142027210752,0.181,29.523,12943287296,0.315,0.227,0.45,0.2202793529903911,-0.018757948025446166,1.0263519566298853,1.3765822818332791,-0.2290778130332124,0.013989854859610228,0.2309555732143903,0.18470131281221994,0.0025201104082715037,0.0006057380456292723,-0.031199179203312527,2.2997835971460456,231,0.06722926930796083,0.14092028878398402
2012-03-30 00:00:00-04:00,15.98355665520011,16.066445171325853,15.907576942675467,16.011186599731445,2861000,0.0,0.0,0.05280829015544042,6.083607,0.0016,0.098500006,0.34451,0.06216,0.356,142027210752,0.181,29.523,12943287296,0.315,0.227,0.45,0.2202793529903911,-0.018757948025446166,1.0263519566298853,1.3765822818332791,-0.2290778130332124,0.013989854859610228,0.2309555732143903,0.18470131281221994,0.0025201104082715037,0.0006057380456292723,-0.031199179203312527,2.2997835971460456,231,0.06722926930796083,0.14092028878398402
2012-04-02 00:00:00-04:00,15.983549525978718,16.17004761597578,15.942105945135264,16.094066619873047,2328400,0.0,0.0,0.05280829015544042,6.083607,0.0016,0.098500006,0.34451,0.06216,0.356,142027210752,0.181,29.523,12943287296,0.315,0.227,0.45,0.2202793529903911,-0.018757948025446166,1.0263519566298853,1.3765822818332791,-0.2290778130332124,0.013989854859610228,0.2309555732143903,0.18470131281221994,0.0025201104082715037,0.0006057380456292723,-0.031199179203312527,2.2997835971460456,231,0.06722926930796083,0.14092028878398402
2012-04-03 00:00:00-04:00,16.094072492882734,16.10788746402777,15.79705851807341,15.893760681152344,4014000,0.0,0.0,0.05280829015544042,6.083607,0.0016,0.098500006,0.34451,0.06216,0.356,142027210752,0.181,29.523,12943287296,0.315,0.227,0.45,0.2202793529903911,-0.018757948025446166,1.0263519566298853,1.3765822818332791,-0.2290778130332124,0.013989854859610228,0.2309555732143903,0.18470131281221994,0.0025201104082715037,0.0006057380456292723,-0.031199179203312527,2.2997835971460456,231,0.06722926930796083,0.14092028878398402
2012-04-04 00:00:00-04:00,15.638184449430298,16.004273173791162,15.638184449430298,15.96282958984375,4725800,0.0,0.0,0.05280829015544042,6.083607,0.0016,0.098500006,0.34451,0.06216,0.356,142027210752,0.181,29.523,12943287296,0.315,0.227,0.45,0.2202793529903911,-0.018757948025446166,1.0263519566298853,1.3765822818332791,-0.2290778130332124,0.013989854859610228,0.2309555732143903,0.18470131281221994,0.0025201104082715037,0.0006057380456292723,-0.031199179203312527,2.2997835971460456,231,0.06722926930796083,0.14092028878398402
2012-04-05 00:00:00-04:00,15.90066355518874,16.004273173791162,15.845405004102927,15.96282958984375,3982400,0.0,0.0,0.05280829015544042,6.083607,0.0016,0.098500006,0.34451,0.06216,0.356,142027210752,0.181,29.523,12943287296,0.315,0.227,0.45,0.2202793529903911,-0.018757948025446166,1.0263519566298853,1.3765822818332791,-0.2290778130332124,0.013989854859610228,0.2309555732143903,0.18470131281221994,0.0025201104082715037,0.0006057380456292723,-0.031199179203312527,2.2997835971460456,231,0.06722926930796083,0.14092028878398402
2012-04-09 00:00:00-04:00,15.783245109852718,15.86613230999446,15.658912992171812,15.776337623596191,5479500,0.0,0.0,0.05280829015544042,6.083607,0.0016,0.098500006,0.34451,0.06216,0.356,142027210752,0.181,29.523,12943287296,0.315,0.227,0.45,0.2202793529903911,-0.018757948025446166,1.0263519566298853,1.3765822818332791,-0.2290778130332124,0.013989854859610228,0.2309555732143903,0.18470131281221994,0.0025201104082715037,0.0006057380456292723,-0.031199179203312527,2.2997835971460456,231,0.06722926930796083,0.14092028878398402
2012-04-10 00:00:00-04:00,15.748707523080295,15.879947125721978,15.686541464853619,15.714171409606934,5948000,0.0,0.0,0.05280829015544042,6.083607,0.0016,0.098500006,0.34451,0.06216,0.356,142027210752,0.181,29.523,12943287296,0.315,0.227,0.45,0.2202793529903911,-0.018757948025446166,1.0263519566298853,1.3765822818332791,-0.2290778130332124,0.013989854859610228,0.2309555732143903,0.18470131281221994,0.0025201104082715037,0.0006057380456292723,-0.031199179203312527,2.2997835971460456,231,0.06722926930796083,0.14092028878398402
2012-04-11 00:00:00-04:00,15.624372482299805,15.714167143433539,15.3273572441785,15.624372482299805,9408400,0.0,0.0,0.05280829015544042,6.083607,0.0016,0.098500006,0.34451,0.06216,0.356,142027210752,0.181,29.523,12943287296,0.315,0.227,0.45,0.2202793529903911,-0.018757948025446166,1.0263519566298853,1.3765822818332791,-0.2290778130332124,0.013989854859610228,0.2309555732143903,0.18470131281221994,0.0025201104082715037,0.0006057380456292723,-0.031199179203312527,2.2997835971460456,231,0.06722926930796083,0.14092028878398402
2012-04-12 00:00:00-04:00,15.555302823034435,15.617468879835792,15.430970709431717,15.603653907775879,5781800,0.0,0.0,0.05280829015544042,6.083607,0.0016,0.098500006,0.34451,0.06216,0.356,142027210752,0.181,29.523,12943287296,0.315,0.227,0.45,0.2202793529903911,-0.018757948025446166,1.0263519566298853,1.3765822818332791,-0.2290778130332124,0.013989854859610228,0.2309555732143903,0.18470131281221994,0.0025201104082715037,0.0006057380456292723,-0.031199179203312527,2.2997835971460456,231,0.06722926930796083,0.14092028878398402
2012-04-13 00:00:00-04:00,15.589837449419395,15.672725956408238,15.43096923828125,15.43096923828125,3925500,0.0,0.0,0.05280829015544042,6.083607,0.0016,0.098500006,0.34451,0.06216,0.356,142027210752,0.181,29.523,12943287296,0.315,0.227,0.45,0.2202793529903911,-0.018757948025446166,1.0263519566298853,1.3765822818332791,-0.2290778130332124,0.013989854859610228,0.2309555732143903,0.18470131281221994,0.0025201104082715037,0.0006057380456292723,-0.031199179203312527,2.2997835971460456,231,0.06722926930796083,0.14092028878398402
2012-04-16 00:00:00-04:00,15.527669988693258,15.652002079153593,15.506948851928538,15.61746597290039,2901900,0.0,0.0,0.05280829015544042,6.083607,0.0016,0.098500006,0.34451,0.06216,0.356,142027210752,0.181,29.523,12943287296,0.315,0.227,0.45,0.2202793529903911,-0.018757948025446166,1.0263519566298853,1.3765822818332791,-0.2290778130332124,0.013989854859610228,0.2309555732143903,0.18470131281221994,0.0025201104082715037,0.0006057380456292723,-0.031199179203312527,2.2997835971460456,231,0.06722926930796083,0.14092028878398402
2012-04-17 00:00:00-04:00,15.797056793869578,15.797056793869578,15.596743686534634,15.679632186889648,6352300,0.0,0.0,0.05280829015544042,6.083607,0.0016,0.098500006,0.34451,0.06216,0.356,142027210752,0.181,29.523,12943287296,0.315,0.227,0.45,0.2202793529903911,-0.018757948025446166,1.0263519566298853,1.3765822818332791,-0.2290778130332124,0.013989854859610228,0.2309555732143903,0.18470131281221994,0.0025201104082715037,0.0006057380456292723,-0.031199179203312527,2.2997835971460456,231,0.06722926930796083,0.14092028878398402
2012-04-18 00:00:00-04:00,15.686542040446938,15.686542040446938,15.506952662833761,15.610562324523926,3895500,0.0,0.0,0.05280829015544042,6.083607,0.0016,0.098500006,0.34451,0.06216,0.356,142027210752,0.181,29.523,12943287296,0.315,0.227,0.45,0.2202793529903911,-0.018757948025446166,1.0263519566298853,1.3765822818332791,-0.2290778130332124,0.013989854859610228,0.2309555732143903,0.18470131281221994,0.0025201104082715037,0.0006057380456292723,-0.031199179203312527,2.2997835971460456,231,0.06722926930796083,0.14092028878398402
2012-04-19 00:00:00-04:00,15.658913195890936,15.665820682237326,15.389527815723186,15.458600044250488,7144000,0.0,0.0,0.05280829015544042,6.083607,0.0016,0.098500006,0.34451,0.06216,0.356,142027210752,0.181,29.523,12943287296,0.315,0.227,0.45,0.2202793529903911,-0.018757948025446166,1.0263519566298853,1.3765822818332791,-0.2290778130332124,0.013989854859610228,0.2309555732143903,0.18470131281221994,0.0025201104082715037,0.0006057380456292723,-0.031199179203312527,2.2997835971460456,231,0.06722926930796083,0.14092028878398402
2012-04-20 00:00:00-04:00,15.49313898312117,15.576026192404345,14.671166472497141,14.76096248626709,23904000,0.0,0.0,0.05280829015544042,6.083607,0.0016,0.098500006,0.34451,0.06216,0.356,142027210752,0.181,29.523,12943287296,0.315,0.227,0.45,0.2202793529903911,-0.018757948025446166,1.0263519566298853,1.3765822818332791,-0.2290778130332124,0.013989854859610228,0.2309555732143903,0.18470131281221994,0.0025201104082715037,0.0006057380456292723,-0.031199179203312527,2.2997835971460456,231,0.06722926930796083,0.14092028878398402
2012-04-23 00:00:00-04:00,14.457034872929386,14.75405012933907,14.367238888798644,14.678069114685059,11841100,0.0,0.0,0.05280829015544042,6.083607,0.0016,0.098500006,0.34451,0.06216,0.356,142027210752,0.181,29.523,12943287296,0.315,0.227,0.45,0.2202793529903911,-0.018757948025446166,1.0263519566298853,1.3765822818332791,-0.2290778130332124,0.013989854859610228,0.2309555732143903,0.18470131281221994,0.0025201104082715037,0.0006057380456292723,-0.031199179203312527,2.2997835971460456,231,0.06722926930796083,0.14092028878398402
2012-04-24 00:00:00-04:00,14.705707019089811,14.843852836280773,14.595188520880837,14.788594245910645,4596600,0.0,0.0,0.05280829015544042,6.083607,0.0016,0.098500006,0.34451,0.06216,0.356,142027210752,0.181,29.523,12943287296,0.315,0.227,0.45,0.2202793529903911,-0.018757948025446166,1.0263519566298853,1.3765822818332791,-0.2290778130332124,0.013989854859610228,0.2309555732143903,0.18470131281221994,0.0025201104082715037,0.0006057380456292723,-0.031199179203312527,2.2997835971460456,231,0.06722926930796083,0.14092028878398402
2012-04-25 00:00:00-04:00,14.684979795680364,14.81621939933823,14.567555164506125,14.795496940612793,6277600,0.0,0.0,0.05280829015544042,6.083607,0.0016,0.098500006,0.34451,0.06216,0.356,142027210752,0.181,29.523,12943287296,0.315,0.227,0.45,0.2202793529903911,-0.018757948025446166,1.0263519566298853,1.3765822818332791,-0.2290778130332124,0.013989854859610228,0.2309555732143903,0.18470131281221994,0.0025201104082715037,0.0006057380456292723,-0.031199179203312527,2.2997835971460456,231,0.06722926930796083,0.14092028878398402
2012-04-26 00:00:00-04:00,14.809310070955897,14.823123724252945,14.636626888795627,14.774772644042969,4009600,0.0,0.0,0.05280829015544042,6.083607,0.0016,0.098500006,0.34451,0.06216,0.356,142027210752,0.181,29.523,12943287296,0.315,0.227,0.45,0.2202793529903911,-0.018757948025446166,1.0263519566298853,1.3765822818332791,-0.2290778130332124,0.013989854859610228,0.2309555732143903,0.18470131281221994,0.0025201104082715037,0.0006057380456292723,-0.031199179203312527,2.2997835971460456,231,0.06722926930796083,0.14092028878398402
2012-04-27 00:00:00-04:00,14.816219554186326,14.892199268703772,14.691887435470846,14.85766315460205,5345000,0.0,0.0,0.05280829015544042,6.083607,0.0016,0.098500006,0.34451,0.06216,0.356,142027210752,0.181,29.523,12943287296,0.315,0.227,0.45,0.2202793529903911,-0.018757948025446166,1.0263519566298853,1.3765822818332791,-0.2290778130332124,0.013989854859610228,0.2309555732143903,0.18470131281221994,0.0025201104082715037,0.0006057380456292723,-0.031199179203312527,2.2997835971460456,231,0.06722926930796083,0.14092028878398402
2012-04-30 00:00:00-04:00,14.760958827196074,14.857660986544575,14.643534211929417,14.712606430053711,2666600,0.0,0.0,0.05280829015544042,6.083607,0.0016,0.098500006,0.34451,0.06216,0.356,142027210752,0.181,29.523,12943287296,0.315,0.227,0.45,0.2202793529903911,-0.018757948025446166,1.0263519566298853,1.3765822818332791,-0.2290778130332124,0.013989854859610228,0.2309555732143903,0.18470131281221994,0.0025201104082715037,0.0006057380456292723,-0.031199179203312527,2.2997835971460456,231,0.06722926930796083,0.14092028878398402
2012-05-01 00:00:00-04:00,14.705698093691224,15.051064403256902,14.684975640828831,14.961268424987793,6705600,0.0,0.0,0.05280829015544042,6.083607,0.0016,0.098500006,0.34451,0.06216,0.356,142027210752,0.181,29.523,12943287296,0.315,0.227,0.45,0.2202793529903911,-0.018757948025446166,1.0263519566298853,1.3765822818332791,-0.2290778130332124,0.013989854859610228,0.2309555732143903,0.18470131281221994,0.0025201104082715037,0.0006057380456292723,-0.031199179203312527,2.2997835971460456,231,0.06722926930796083,0.14092028878398402
2012-05-02 00:00:00-04:00,14.926738273245789,15.07179154872062,14.816221115512079,14.995810508728027,7848800,0.0,0.0,0.05280829015544042,6.083607,0.0016,0.098500006,0.34451,0.06216,0.356,142027210752,0.181,29.523,12943287296,0.315,0.227,0.45,0.2202793529903911,-0.018757948025446166,1.0263519566298853,1.3765822818332791,-0.2290778130332124,0.013989854859610228,0.2309555732143903,0.18470131281221994,0.0025201104082715037,0.0006057380456292723,-0.031199179203312527,2.2997835971460456,231,0.06722926930796083,0.14092028878398402
2012-05-03 00:00:00-04:00,15.03034809174638,15.147772737676759,14.988904486555791,15.057976722717285,6102400,0.0,0.0,0.05280829015544042,6.083607,0.0016,0.098500006,0.34451,0.06216,0.356,142027210752,0.181,29.523,12943287296,0.315,0.227,0.45,0.2202793529903911,-0.018757948025446166,1.0263519566298853,1.3765822818332791,-0.2290778130332124,0.013989854859610228,0.2309555732143903,0.18470131281221994,0.0025201104082715037,0.0006057380456292723,-0.031199179203312527,2.2997835971460456,231,0.06722926930796083,0.14092028878398402
2012-05-04 00:00:00-04:00,14.961277044339258,15.085609198206852,14.843852378738609,15.05107307434082,5164600,0.0,0.0,0.05280829015544042,6.083607,0.0016,0.098500006,0.34451,0.06216,0.356,142027210752,0.181,29.523,12943287296,0.315,0.227,0.45,0.2202793529903911,-0.018757948025446166,1.0263519566298853,1.3765822818332791,-0.2290778130332124,0.013989854859610228,0.2309555732143903,0.18470131281221994,0.0025201104082715037,0.0006057380456292723,-0.031199179203312527,2.2997835971460456,231,0.06722926930796083,0.14092028878398402
2012-05-07 00:00:00-04:00,15.182305358443474,15.22375027155549,14.961271091718658,15.175397872924805,5803400,0.0,0.0,0.05280829015544042,6.083607,0.0016,0.098500006,0.34451,0.06216,0.356,142027210752,0.181,29.523,12943287296,0.315,0.227,0.45,0.2202793529903911,-0.018757948025446166,1.0263519566298853,1.3765822818332791,-0.2290778130332124,0.013989854859610228,0.2309555732143903,0.18470131281221994,0.0025201104082715037,0.0006057380456292723,-0.031199179203312527,2.2997835971460456,231,0.06722926930796083,0.14092028878398402
2012-05-08 00:00:00-04:00,15.064882517566543,15.20993709564209,15.023438917031376,15.20993709564209,6255000,0.0,0.0,0.05280829015544042,6.083607,0.0016,0.098500006,0.34451,0.06216,0.356,142027210752,0.181,29.523,12943287296,0.315,0.227,0.45,0.2202793529903911,-0.018757948025446166,1.0263519566298853,1.3765822818332791,-0.2290778130332124,0.013989854859610228,0.2309555732143903,0.18470131281221994,0.0025201104082715037,0.0006057380456292723,-0.031199179203312527,2.2997835971460456,231,0.06722926930796083,0.14092028878398402
2012-05-09 00:00:00-04:00,15.051064875968411,15.209933067165926,14.961268894879062,15.161581993103027,5682800,0.0,0.0,0.05280829015544042,6.083607,0.0016,0.098500006,0.34451,0.06216,0.356,142027210752,0.181,29.523,12943287296,0.315,0.227,0.45,0.2202793529903911,-0.018757948025446166,1.0263519566298853,1.3765822818332791,-0.2290778130332124,0.013989854859610228,0.2309555732143903,0.18470131281221994,0.0025201104082715037,0.0006057380456292723,-0.031199179203312527,2.2997835971460456,231,0.06722926930796083,0.14092028878398402
2012-05-10 00:00:00-04:00,15.272106003246837,15.320457099132827,15.18921746925046,15.21684741973877,4450100,0.0,0.0,0.05280829015544042,6.083607,0.0016,0.098500006,0.34451,0.06216,0.356,142027210752,0.181,29.523,12943287296,0.315,0.227,0.45,0.2202793529903911,-0.018757948025446166,1.0263519566298853,1.3765822818332791,-0.2290778130332124,0.013989854859610228,0.2309555732143903,0.18470131281221994,0.0025201104082715037,0.0006057380456292723,-0.031199179203312527,2.2997835971460456,231,0.06722926930796083,0.14092028878398402
2012-05-11 00:00:00-04:00,15.0994171744948,15.327358911753015,15.057972264107441,15.18921184539795,3040800,0.0,0.0,0.05280829015544042,6.083607,0.0016,0.098500006,0.34451,0.06216,0.356,142027210752,0.181,29.523,12943287296,0.315,0.227,0.45,0.2202793529903911,-0.018757948025446166,1.0263519566298853,1.3765822818332791,-0.2290778130332124,0.013989854859610228,0.2309555732143903,0.18470131281221994,0.0025201104082715037,0.0006057380456292723,-0.031199179203312527,2.2997835971460456,231,0.06722926930796083,0.14092028878398402
2012-05-14 00:00:00-04:00,15.03725211495587,15.258286381680685,14.988901033793335,15.175397872924805,5721900,0.0,0.0,0.05280829015544042,6.083607,0.0016,0.098500006,0.34451,0.06216,0.356,142027210752,0.181,29.523,12943287296,0.315,0.227,0.45,0.2202793529903911,-0.018757948025446166,1.0263519566298853,1.3765822818332791,-0.2290778130332124,0.013989854859610228,0.2309555732143903,0.18470131281221994,0.0025201104082715037,0.0006057380456292723,-0.031199179203312527,2.2997835971460456,231,0.06722926930796083,0.14092028878398402
2012-05-15 00:00:00-04:00,15.16848992685079,15.237563462472076,15.051066629003143,15.092510223388672,4801500,0.0,0.0,0.05280829015544042,6.083607,0.0016,0.098500006,0.34451,0.06216,0.356,142027210752,0.181,29.523,12943287296,0.315,0.227,0.45,0.2202793529903911,-0.018757948025446166,1.0263519566298853,1.3765822818332791,-0.2290778130332124,0.013989854859610228,0.2309555732143903,0.18470131281221994,0.0025201104082715037,0.0006057380456292723,-0.031199179203312527,2.2997835971460456,231,0.06722926930796083,0.14092028878398402
2012-05-16 00:00:00-04:00,14.919822100160351,14.968173163836202,14.705695396395432,14.747138977050781,14834600,0.0,0.0,0.05280829015544042,6.083607,0.0016,0.098500006,0.34451,0.06216,0.356,142027210752,0.181,29.523,12943287296,0.315,0.227,0.45,0.2202793529903911,-0.018757948025446166,1.0263519566298853,1.3765822818332791,-0.2290778130332124,0.013989854859610228,0.2309555732143903,0.18470131281221994,0.0025201104082715037,0.0006057380456292723,-0.031199179203312527,2.2997835971460456,231,0.06722926930796083,0.14092028878398402
2012-05-17 00:00:00-04:00,14.754054116581772,14.864571267326564,14.608999532811506,14.740239143371582,9266600,0.0,0.0,0.05280829015544042,6.083607,0.0016,0.098500006,0.34451,0.06216,0.356,142027210752,0.181,29.523,12943287296,0.315,0.227,0.45,0.2202793529903911,-0.018757948025446166,1.0263519566298853,1.3765822818332791,-0.2290778130332124,0.013989854859610228,0.2309555732143903,0.18470131281221994,0.0025201104082715037,0.0006057380456292723,-0.031199179203312527,2.2997835971460456,231,0.06722926930796083,0.14092028878398402
2012-05-18 00:00:00-04:00,14.816218329737708,14.836939469498972,14.67116376406788,14.719514846801758,7965600,0.0,0.0,0.05280829015544042,6.083607,0.0016,0.098500006,0.34451,0.06216,0.356,142027210752,0.181,29.523,12943287296,0.315,0.227,0.45,0.2202793529903911,-0.018757948025446166,1.0263519566298853,1.3765822818332791,-0.2290778130332124,0.013989854859610228,0.2309555732143903,0.18470131281221994,0.0025201104082715037,0.0006057380456292723,-0.031199179203312527,2.2997835971460456,231,0.06722926930796083,0.14092028878398402
2012-05-21 00:00:00-04:00,14.774772480340067,14.850753501238524,14.65734786507341,14.712606430053711,3064100,0.0,0.0,0.05280829015544042,6.083607,0.0016,0.098500006,0.34451,0.06216,0.356,142027210752,0.181,29.523,12943287296,0.315,0.227,0.45,0.2202793529903911,-0.018757948025446166,1.0263519566298853,1.3765822818332791,-0.2290778130332124,0.013989854859610228,0.2309555732143903,0.18470131281221994,0.0025201104082715037,0.0006057380456292723,-0.031199179203312527,2.2997835971460456,231,0.06722926930796083,0.14092028878398402
2012-05-22 00:00:00-04:00,14.760957614077435,14.809308689777989,14.588274448022318,14.678069114685059,3779400,0.0,0.0,0.05280829015544042,6.083607,0.0016,0.098500006,0.34451,0.06216,0.356,142027210752,0.181,29.523,12943287296,0.315,0.227,0.45,0.2202793529903911,-0.018757948025446166,1.0263519566298853,1.3765822818332791,-0.2290778130332124,0.013989854859610228,0.2309555732143903,0.18470131281221994,0.0025201104082715037,0.0006057380456292723,-0.031199179203312527,2.2997835971460456,231,0.06722926930796083,0.14092028878398402
2012-05-23 00:00:00-04:00,14.574456994004333,14.850749749098659,14.512290959424636,14.802398681640625,3559100,0.0,0.0,0.05280829015544042,6.083607,0.0016,0.098500006,0.34451,0.06216,0.356,142027210752,0.181,29.523,12943287296,0.315,0.227,0.45,0.2202793529903911,-0.018757948025446166,1.0263519566298853,1.3765822818332791,-0.2290778130332124,0.013989854859610228,0.2309555732143903,0.18470131281221994,0.0025201104082715037,0.0006057380456292723,-0.031199179203312527,2.2997835971460456,231,0.06722926930796083,0.14092028878398402
2012-05-24 00:00:00-04:00,14.857663154602053,14.912921727645786,14.705702408098857,14.85766315460205,2849800,0.0,0.0,0.05280829015544042,6.083607,0.0016,0.098500006,0.34451,0.06216,0.356,142027210752,0.181,29.523,12943287296,0.315,0.227,0.45,0.2202793529903911,-0.018757948025446166,1.0263519566298853,1.3765822818332791,-0.2290778130332124,0.013989854859610228,0.2309555732143903,0.18470131281221994,0.0025201104082715037,0.0006057380456292723,-0.031199179203312527,2.2997835971460456,231,0.06722926930796083,0.14092028878398402
2012-05-25 00:00:00-04:00,14.86456792265257,15.078694689356432,14.86456792265257,14.92673397064209,2793600,0.0,0.0,0.05280829015544042,6.083607,0.0016,0.098500006,0.34451,0.06216,0.356,142027210752,0.181,29.523,12943287296,0.315,0.227,0.45,0.2202793529903911,-0.018757948025446166,1.0263519566298853,1.3765822818332791,-0.2290778130332124,0.013989854859610228,0.2309555732143903,0.18470131281221994,0.0025201104082715037,0.0006057380456292723,-0.031199179203312527,2.2997835971460456,231,0.06722926930796083,0.14092028878398402
2012-05-29 00:00:00-04:00,15.016535633006114,15.099424174740735,14.940554579538436,15.05107307434082,3346600,0.0,0.0,0.05280829015544042,6.083607,0.0016,0.098500006,0.34451,0.06216,0.356,142027210752,0.181,29.523,12943287296,0.315,0.227,0.45,0.2202793529903911,-0.018757948025446166,1.0263519566298853,1.3765822818332791,-0.2290778130332124,0.013989854859610228,0.2309555732143903,0.18470131281221994,0.0025201104082715037,0.0006057380456292723,-0.031199179203312527,2.2997835971460456,231,0.06722926930796083,0.14092028878398402
2012-05-30 00:00:00-04:00,14.89219754163015,14.97508605031718,14.830031489481913,14.912919998168945,2777100,0.0,0.0,0.05280829015544042,6.083607,0.0016,0.098500006,0.34451,0.06216,0.356,142027210752,0.181,29.523,12943287296,0.315,0.227,0.45,0.2202793529903911,-0.018757948025446166,1.0263519566298853,1.3765822818332791,-0.2290778130332124,0.013989854859610228,0.2309555732143903,0.18470131281221994,0.0025201104082715037,0.0006057380456292723,-0.031199179203312527,2.2997835971460456,231,0.06722926930796083,0.14092028878398402
2012-05-31 00:00:00-04:00,14.91982599870937,15.113230303949301,14.843844983097672,15.009620666503906,5188800,0.0,0.0,0.05280829015544042,6.083607,0.0016,0.098500006,0.34451,0.06216,0.356,142027210752,0.181,29.523,12943287296,0.315,0.227,0.45,0.2202793529903911,-0.018757948025446166,1.0263519566298853,1.3765822818332791,-0.2290778130332124,0.013989854859610228,0.2309555732143903,0.18470131281221994,0.0025201104082715037,0.0006057380456292723,-0.031199179203312527,2.2997835971460456,231,0.06722926930796083,0.14092028878398402
2012-06-01 00:00:00-04:00,14.78168254524258,14.885292207978372,14.650442936460797,14.691887855529785,5300400,0.0,0.0,0.05280829015544042,6.083607,0.0016,0.098500006,0.34451,0.06216,0.356,142027210752,0.181,29.523,12943287296,0.315,0.227,0.45,0.2202793529903911,-0.018757948025446166,1.0263519566298853,1.3765822818332791,-0.2290778130332124,0.013989854859610228,0.2309555732143903,0.18470131281221994,0.0025201104082715037,0.0006057380456292723,-0.031199179203312527,2.2997835971460456,231,0.06722926930796083,0.14092028878398402
2012-06-04 00:00:00-04:00,14.705702496442903,14.767867238705792,14.526111803604802,14.574462890625,3924400,0.0,0.0,0.05280829015544042,6.083607,0.0016,0.098500006,0.34451,0.06216,0.356,142027210752,0.181,29.523,12943287296,0.315,0.227,0.45,0.2202793529903911,-0.018757948025446166,1.0263519566298853,1.3765822818332791,-0.2290778130332124,0.013989854859610228,0.2309555732143903,0.18470131281221994,0.0025201104082715037,0.0006057380456292723,-0.031199179203312527,2.2997835971460456,231,0.06722926930796083,0.14092028878398402
2012-06-05 00:00:00-04:00,14.546830342687068,14.636626331775227,14.48466429407775,14.608996391296387,5852400,0.0,0.0,0.05280829015544042,6.083607,0.0016,0.098500006,0.34451,0.06216,0.356,142027210752,0.181,29.523,12943287296,0.315,0.227,0.45,0.2202793529903911,-0.018757948025446166,1.0263519566298853,1.3765822818332791,-0.2290778130332124,0.013989854859610228,0.2309555732143903,0.18470131281221994,0.0025201104082715037,0.0006057380456292723,-0.031199179203312527,2.2997835971460456,231,0.06722926930796083,0.14092028878398402
2012-06-06 00:00:00-04:00,14.684977292897663,15.189211845397947,14.61590375972013,15.18921184539795,5245400,0.0,0.0,0.05280829015544042,6.083607,0.0016,0.098500006,0.34451,0.06216,0.356,142027210752,0.181,29.523,12943287296,0.315,0.227,0.45,0.2202793529903911,-0.018757948025446166,1.0263519566298853,1.3765822818332791,-0.2290778130332124,0.013989854859610228,0.2309555732143903,0.18470131281221994,0.0025201104082715037,0.0006057380456292723,-0.031199179203312527,2.2997835971460456,231,0.06722926930796083,0.14092028878398402
2012-06-07 00:00:00-04:00,15.327362632873086,15.354991262370836,15.071790893309876,15.120141983032227,4224700,0.0,0.0,0.05280829015544042,6.083607,0.0016,0.098500006,0.34451,0.06216,0.356,142027210752,0.181,29.523,12943287296,0.315,0.227,0.45,0.2202793529903911,-0.018757948025446166,1.0263519566298853,1.3765822818332791,-0.2290778130332124,0.013989854859610228,0.2309555732143903,0.18470131281221994,0.0025201104082715037,0.0006057380456292723,-0.031199179203312527,2.2997835971460456,231,0.06722926930796083,0.14092028878398402
2012-06-08 00:00:00-04:00,15.064880533732502,15.147769041355886,15.057973048308208,15.127046585083008,3248400,0.0,0.0,0.05280829015544042,6.083607,0.0016,0.098500006,0.34451,0.06216,0.356,142027210752,0.181,29.523,12943287296,0.315,0.227,0.45,0.2202793529903911,-0.018757948025446166,1.0263519566298853,1.3765822818332791,-0.2290778130332124,0.013989854859610228,0.2309555732143903,0.18470131281221994,0.0025201104082715037,0.0006057380456292723,-0.031199179203312527,2.2997835971460456,231,0.06722926930796083,0.14092028878398402
2012-06-11 00:00:00-04:00,15.078695436314527,15.085602921707547,14.760959013044346,14.767865180969238,4389400,0.0,0.0,0.05280829015544042,6.083607,0.0016,0.098500006,0.34451,0.06216,0.356,142027210752,0.181,29.523,12943287296,0.315,0.227,0.45,0.2202793529903911,-0.018757948025446166,1.0263519566298853,1.3765822818332791,-0.2290778130332124,0.013989854859610228,0.2309555732143903,0.18470131281221994,0.0025201104082715037,0.0006057380456292723,-0.031199179203312527,2.2997835971460456,231,0.06722926930796083,0.14092028878398402
2012-06-12 00:00:00-04:00,14.657348418438486,15.002714791971169,14.657348418438486,14.988901138305664,4963200,0.0,0.0,0.05280829015544042,6.083607,0.0016,0.098500006,0.34451,0.06216,0.356,142027210752,0.181,29.523,12943287296,0.315,0.227,0.45,0.2202793529903911,-0.018757948025446166,1.0263519566298853,1.3765822818332791,-0.2290778130332124,0.013989854859610228,0.2309555732143903,0.18470131281221994,0.0025201104082715037,0.0006057380456292723,-0.031199179203312527,2.2997835971460456,231,0.06722926930796083,0.14092028878398402
2012-06-13 00:00:00-04:00,14.62971791215834,14.705698926153666,14.28435158304211,14.32579517364502,7746600,0.0,0.0,0.05280829015544042,6.083607,0.0016,0.098500006,0.34451,0.06216,0.356,142027210752,0.181,29.523,12943287296,0.315,0.227,0.45,0.2202793529903911,-0.018757948025446166,1.0263519566298853,1.3765822818332791,-0.2290778130332124,0.013989854859610228,0.2309555732143903,0.18470131281221994,0.0025201104082715037,0.0006057380456292723,-0.031199179203312527,2.2997835971460456,231,0.06722926930796083,0.14092028878398402
2012-06-14 00:00:00-04:00,14.339612937864374,14.415593966668784,14.125486140968963,14.34652042388916,6717000,0.0,0.0,0.05280829015544042,6.083607,0.0016,0.098500006,0.34451,0.06216,0.356,142027210752,0.181,29.523,12943287296,0.315,0.227,0.45,0.2202793529903911,-0.018757948025446166,1.0263519566298853,1.3765822818332791,-0.2290778130332124,0.013989854859610228,0.2309555732143903,0.18470131281221994,0.0025201104082715037,0.0006057380456292723,-0.031199179203312527,2.2997835971460456,231,0.06722926930796083,0.14092028878398402
2012-06-15 00:00:00-04:00,14.38796406864872,14.436315153508833,14.277446926834678,14.3327054977417,4642300,0.0,0.0,0.05280829015544042,6.083607,0.0016,0.098500006,0.34451,0.06216,0.356,142027210752,0.181,29.523,12943287296,0.315,0.227,0.45,0.2202793529903911,-0.018757948025446166,1.0263519566298853,1.3765822818332791,-0.2290778130332124,0.013989854859610228,0.2309555732143903,0.18470131281221994,0.0025201104082715037,0.0006057380456292723,-0.031199179203312527,2.2997835971460456,231,0.06722926930796083,0.14092028878398402
2012-06-18 00:00:00-04:00,14.457033699999023,14.491569803420857,14.242906960354281,14.353424072265625,4183500,0.0,0.0,0.05280829015544042,6.083607,0.0016,0.098500006,0.34451,0.06216,0.356,142027210752,0.181,29.523,12943287296,0.315,0.227,0.45,0.2202793529903911,-0.018757948025446166,1.0263519566298853,1.3765822818332791,-0.2290778130332124,0.013989854859610228,0.2309555732143903,0.18470131281221994,0.0025201104082715037,0.0006057380456292723,-0.031199179203312527,2.2997835971460456,231,0.06722926930796083,0.14092028878398402
2012-06-19 00:00:00-04:00,14.387963635561304,14.526110717404661,14.360335009673559,14.505388259887695,3119900,0.0,0.0,0.05280829015544042,6.083607,0.0016,0.098500006,0.34451,0.06216,0.356,142027210752,0.181,29.523,12943287296,0.315,0.227,0.45,0.2202793529903911,-0.018757948025446166,1.0263519566298853,1.3765822818332791,-0.2290778130332124,0.013989854859610228,0.2309555732143903,0.18470131281221994,0.0025201104082715037,0.0006057380456292723,-0.031199179203312527,2.2997835971460456,231,0.06722926930796083,0.14092028878398402
2012-06-20 00:00:00-04:00,14.539919853210447,14.678066892123438,14.332700612308768,14.53991985321045,3971500,0.0,0.0,0.05280829015544042,6.083607,0.0016,0.098500006,0.34451,0.06216,0.356,142027210752,0.181,29.523,12943287296,0.315,0.227,0.45,0.2202793529903911,-0.018757948025446166,1.0263519566298853,1.3765822818332791,-0.2290778130332124,0.013989854859610228,0.2309555732143903,0.18470131281221994,0.0025201104082715037,0.0006057380456292723,-0.031199179203312527,2.2997835971460456,231,0.06722926930796083,0.14092028878398402
2012-06-21 00:00:00-04:00,14.5951849194488,14.602092406224198,14.222189855855937,14.236004829406738,2935200,0.0,0.0,0.05280829015544042,6.083607,0.0016,0.098500006,0.34451,0.06216,0.356,142027210752,0.181,29.523,12943287296,0.315,0.227,0.45,0.2202793529903911,-0.018757948025446166,1.0263519566298853,1.3765822818332791,-0.2290778130332124,0.013989854859610228,0.2309555732143903,0.18470131281221994,0.0025201104082715037,0.0006057380456292723,-0.031199179203312527,2.2997835971460456,231,0.06722926930796083,0.14092028878398402
2012-06-22 00:00:00-04:00,14.298165166910747,14.325793785479485,14.173833089681771,14.22909164428711,3488600,0.0,0.0,0.05280829015544042,6.083607,0.0016,0.098500006,0.34451,0.06216,0.356,142027210752,0.181,29.523,12943287296,0.315,0.227,0.45,0.2202793529903911,-0.018757948025446166,1.0263519566298853,1.3765822818332791,-0.2290778130332124,0.013989854859610228,0.2309555732143903,0.18470131281221994,0.0025201104082715037,0.0006057380456292723,-0.031199179203312527,2.2997835971460456,231,0.06722926930796083,0.14092028878398402
2012-06-25 00:00:00-04:00,14.173838558430743,14.173838558430743,14.008062830652817,14.0840425491333,2618500,0.0,0.0,0.05280829015544042,6.083607,0.0016,0.098500006,0.34451,0.06216,0.356,142027210752,0.181,29.523,12943287296,0.315,0.227,0.45,0.2202793529903911,-0.018757948025446166,1.0263519566298853,1.3765822818332791,-0.2290778130332124,0.013989854859610228,0.2309555732143903,0.18470131281221994,0.0025201104082715037,0.0006057380456292723,-0.031199179203312527,2.2997835971460456,231,0.06722926930796083,0.14092028878398402
2012-06-26 00:00:00-04:00,14.08404338276055,14.173839397372973,13.966618737284,14.11858081817627,3472800,0.0,0.0,0.05280829015544042,6.083607,0.0016,0.098500006,0.34451,0.06216,0.356,142027210752,0.181,29.523,12943287296,0.315,0.227,0.45,0.2202793529903911,-0.018757948025446166,1.0263519566298853,1.3765822818332791,-0.2290778130332124,0.013989854859610228,0.2309555732143903,0.18470131281221994,0.0025201104082715037,0.0006057380456292723,-0.031199179203312527,2.2997835971460456,231,0.06722926930796083,0.14092028878398402
2012-06-27 00:00:00-04:00,14.166929739649438,14.367241564495274,14.014968999508865,14.34652042388916,2631900,0.0,0.0,0.05280829015544042,6.083607,0.0016,0.098500006,0.34451,0.06216,0.356,142027210752,0.181,29.523,12943287296,0.315,0.227,0.45,0.2202793529903911,-0.018757948025446166,1.0263519566298853,1.3765822818332791,-0.2290778130332124,0.013989854859610228,0.2309555732143903,0.18470131281221994,0.0025201104082715037,0.0006057380456292723,-0.031199179203312527,2.2997835971460456,231,0.06722926930796083,0.14092028878398402
2012-06-28 00:00:00-04:00,14.166927461198732,14.249814645229032,14.008059260583963,14.242908477783203,4773800,0.0,0.0,0.05280829015544042,6.083607,0.0016,0.098500006,0.34451,0.06216,0.356,142027210752,0.181,29.523,12943287296,0.315,0.227,0.45,0.2202793529903911,-0.018757948025446166,1.0263519566298853,1.3765822818332791,-0.2290778130332124,0.013989854859610228,0.2309555732143903,0.18470131281221994,0.0025201104082715037,0.0006057380456292723,-0.031199179203312527,2.2997835971460456,231,0.06722926930796083,0.14092028878398402
2012-06-29 00:00:00-04:00,14.477757973827808,14.505387916529735,14.173836508915704,14.38796329498291,5814000,0.0,0.0,0.05280829015544042,6.083607,0.0016,0.098500006,0.34451,0.06216,0.356,142027210752,0.181,29.523,12943287296,0.315,0.227,0.45,0.2202793529903911,-0.018757948025446166,1.0263519566298853,1.3765822818332791,-0.2290778130332124,0.013989854859610228,0.2309555732143903,0.18470131281221994,0.0025201104082715037,0.0006057380456292723,-0.031199179203312527,2.2997835971460456,231,0.06722926930796083,0.14092028878398402
2012-07-02 00:00:00-04:00,14.277448606603091,14.39487324827927,14.1669314517865,14.291263580322266,3875800,0.0,0.0,0.05280829015544042,6.083607,0.0016,0.098500006,0.34451,0.06216,0.356,142027210752,0.181,29.523,12943287296,0.315,0.227,0.45,0.2202793529903911,-0.018757948025446166,1.0263519566298853,1.3765822818332791,-0.2290778130332124,0.013989854859610228,0.2309555732143903,0.18470131281221994,0.0025201104082715037,0.0006057380456292723,-0.031199179203312527,2.2997835971460456,231,0.06722926930796083,0.14092028878398402
2012-07-03 00:00:00-04:00,14.291261898928497,14.374149096554902,14.215280869880749,14.3327054977417,1901200,0.0,0.0,0.05280829015544042,6.083607,0.0016,0.098500006,0.34451,0.06216,0.356,142027210752,0.181,29.523,12943287296,0.315,0.227,0.45,0.2202793529903911,-0.018757948025446166,1.0263519566298853,1.3765822818332791,-0.2290778130332124,0.013989854859610228,0.2309555732143903,0.18470131281221994,0.0025201104082715037,0.0006057380456292723,-0.031199179203312527,2.2997835971460456,231,0.06722926930796083,0.14092028878398402
2012-07-05 00:00:00-04:00,14.305071333452034,14.318886301470334,14.201461708250509,14.22909164428711,3008100,0.0,0.0,0.05280829015544042,6.083607,0.0016,0.098500006,0.34451,0.06216,0.356,142027210752,0.181,29.523,12943287296,0.315,0.227,0.45,0.2202793529903911,-0.018757948025446166,1.0263519566298853,1.3765822818332791,-0.2290778130332124,0.013989854859610228,0.2309555732143903,0.18470131281221994,0.0025201104082715037,0.0006057380456292723,-0.031199179203312527,2.2997835971460456,231,0.06722926930796083,0.14092028878398402
2012-07-06 00:00:00-04:00,14.125484903642455,14.229094550002046,14.05641136691335,14.215279579162598,2115800,0.0,0.0,0.05280829015544042,6.083607,0.0016,0.098500006,0.34451,0.06216,0.356,142027210752,0.181,29.523,12943287296,0.315,0.227,0.45,0.2202793529903911,-0.018757948025446166,1.0263519566298853,1.3765822818332791,-0.2290778130332124,0.013989854859610228,0.2309555732143903,0.18470131281221994,0.0025201104082715037,0.0006057380456292723,-0.031199179203312527,2.2997835971460456,231,0.06722926930796083,0.14092028878398402
2012-07-09 00:00:00-04:00,14.153109791135904,14.26362689373639,14.146202307539902,14.19455337524414,3239700,0.0,0.0,0.05280829015544042,6.083607,0.0016,0.098500006,0.34451,0.06216,0.356,142027210752,0.181,29.523,12943287296,0.315,0.227,0.45,0.2202793529903911,-0.018757948025446166,1.0263519566298853,1.3765822818332791,-0.2290778130332124,0.013989854859610228,0.2309555732143903,0.18470131281221994,0.0025201104082715037,0.0006057380456292723,-0.031199179203312527,2.2997835971460456,231,0.06722926930796083,0.14092028878398402
2012-07-10 00:00:00-04:00,14.284352839611497,14.298167810183743,14.118577145148869,14.187650680541992,3443500,0.0,0.0,0.05280829015544042,6.083607,0.0016,0.098500006,0.34451,0.06216,0.356,142027210752,0.181,29.523,12943287296,0.315,0.227,0.45,0.2202793529903911,-0.018757948025446166,1.0263519566298853,1.3765822818332791,-0.2290778130332124,0.013989854859610228,0.2309555732143903,0.18470131281221994,0.0025201104082715037,0.0006057380456292723,-0.031199179203312527,2.2997835971460456,231,0.06722926930796083,0.14092028878398402
2012-07-11 00:00:00-04:00,14.160017274731908,14.208368342436147,14.02187023774741,14.19455337524414,6003000,0.0,0.0,0.05280829015544042,6.083607,0.0016,0.098500006,0.34451,0.06216,0.356,142027210752,0.181,29.523,12943287296,0.315,0.227,0.45,0.2202793529903911,-0.018757948025446166,1.0263519566298853,1.3765822818332791,-0.2290778130332124,0.013989854859610228,0.2309555732143903,0.18470131281221994,0.0025201104082715037,0.0006057380456292723,-0.031199179203312527,2.2997835971460456,231,0.06722926930796083,0.14092028878398402
2012-07-12 00:00:00-04:00,13.469288758216468,13.807747650967777,13.400215219039671,13.490011215209961,12865200,0.0,0.0,0.05280829015544042,6.083607,0.0016,0.098500006,0.34451,0.06216,0.356,142027210752,0.181,29.523,12943287296,0.315,0.227,0.45,0.2202793529903911,-0.018757948025446166,1.0263519566298853,1.3765822818332791,-0.2290778130332124,0.013989854859610228,0.2309555732143903,0.18470131281221994,0.0025201104082715037,0.0006057380456292723,-0.031199179203312527,2.2997835971460456,231,0.06722926930796083,0.14092028878398402
2012-07-13 00:00:00-04:00,13.462380549558825,13.8215618800139,13.400214499385134,13.8008394241333,7830300,0.0,0.0,0.05280829015544042,6.083607,0.0016,0.098500006,0.34451,0.06216,0.356,142027210752,0.181,29.523,12943287296,0.315,0.227,0.45,0.2202793529903911,-0.018757948025446166,1.0263519566298853,1.3765822818332791,-0.2290778130332124,0.013989854859610228,0.2309555732143903,0.18470131281221994,0.0025201104082715037,0.0006057380456292723,-0.031199179203312527,2.2997835971460456,231,0.06722926930796083,0.14092028878398402
2012-07-16 00:00:00-04:00,13.731764793395996,13.835375747066692,13.662692580906205,13.731764793395996,4002700,0.0,0.0,0.05280829015544042,6.083607,0.0016,0.098500006,0.34451,0.06216,0.356,142027210752,0.181,29.523,12943287296,0.315,0.227,0.45,0.2202793529903911,-0.018757948025446166,1.0263519566298853,1.3765822818332791,-0.2290778130332124,0.013989854859610228,0.2309555732143903,0.18470131281221994,0.0025201104082715037,0.0006057380456292723,-0.031199179203312527,2.2997835971460456,231,0.06722926930796083,0.14092028878398402
2012-07-17 00:00:00-04:00,13.745582735894635,13.883729825689874,13.662695535992123,13.807748794555664,4321600,0.0,0.0,0.05280829015544042,6.083607,0.0016,0.098500006,0.34451,0.06216,0.356,142027210752,0.181,29.523,12943287296,0.315,0.227,0.45,0.2202793529903911,-0.018757948025446166,1.0263519566298853,1.3765822818332791,-0.2290778130332124,0.013989854859610228,0.2309555732143903,0.18470131281221994,0.0025201104082715037,0.0006057380456292723,-0.031199179203312527,2.2997835971460456,231,0.06722926930796083,0.14092028878398402
2012-07-18 00:00:00-04:00,13.717952125391035,13.883727818700315,13.711044640152968,13.835376739501953,4256600,0.0,0.0,0.05280829015544042,6.083607,0.0016,0.098500006,0.34451,0.06216,0.356,142027210752,0.181,29.523,12943287296,0.315,0.227,0.45,0.2202793529903911,-0.018757948025446166,1.0263519566298853,1.3765822818332791,-0.2290778130332124,0.013989854859610228,0.2309555732143903,0.18470131281221994,0.0025201104082715037,0.0006057380456292723,-0.031199179203312527,2.2997835971460456,231,0.06722926930796083,0.14092028878398402
2012-07-19 00:00:00-04:00,13.856101917211877,13.911360497757816,13.766307217875406,13.876824378967285,3440200,0.0,0.0,0.05280829015544042,6.083607,0.0016,0.098500006,0.34451,0.06216,0.356,142027210752,0.181,29.523,12943287296,0.315,0.227,0.45,0.2202793529903911,-0.018757948025446166,1.0263519566298853,1.3765822818332791,-0.2290778130332124,0.013989854859610228,0.2309555732143903,0.18470131281221994,0.0025201104082715037,0.0006057380456292723,-0.031199179203312527,2.2997835971460456,231,0.06722926930796083,0.14092028878398402
2012-07-20 00:00:00-04:00,13.821561791179084,13.932078920229076,13.7870243649334,13.828469276428223,3568700,0.0,0.0,0.05280829015544042,6.083607,0.0016,0.098500006,0.34451,0.06216,0.356,142027210752,0.181,29.523,12943287296,0.315,0.227,0.45,0.2202793529903911,-0.018757948025446166,1.0263519566298853,1.3765822818332791,-0.2290778130332124,0.013989854859610228,0.2309555732143903,0.18470131281221994,0.0025201104082715037,0.0006057380456292723,-0.031199179203312527,2.2997835971460456,231,0.06722926930796083,0.14092028878398402
2012-07-23 00:00:00-04:00,13.600524326956204,13.752485014210428,13.586709359714606,13.717948913574219,4794900,0.0,0.0,0.05280829015544042,6.083607,0.0016,0.098500006,0.34451,0.06216,0.356,142027210752,0.181,29.523,12943287296,0.315,0.227,0.45,0.2202793529903911,-0.018757948025446166,1.0263519566298853,1.3765822818332791,-0.2290778130332124,0.013989854859610228,0.2309555732143903,0.18470131281221994,0.0025201104082715037,0.0006057380456292723,-0.031199179203312527,2.2997835971460456,231,0.06722926930796083,0.14092028878398402
2012-07-24 00:00:00-04:00,13.697232475861172,13.70413996251439,13.38640216380817,13.483105659484863,4914400,0.0,0.0,0.05280829015544042,6.083607,0.0016,0.098500006,0.34451,0.06216,0.356,142027210752,0.181,29.523,12943287296,0.315,0.227,0.45,0.2202793529903911,-0.018757948025446166,1.0263519566298853,1.3765822818332791,-0.2290778130332124,0.013989854859610228,0.2309555732143903,0.18470131281221994,0.0025201104082715037,0.0006057380456292723,-0.031199179203312527,2.2997835971460456,231,0.06722926930796083,0.14092028878398402
2012-07-25 00:00:00-04:00,13.559081819825025,13.676506427180742,13.462379666991382,13.510730743408203,4028300,0.0,0.0,0.05280829015544042,6.083607,0.0016,0.098500006,0.34451,0.06216,0.356,142027210752,0.181,29.523,12943287296,0.315,0.227,0.45,0.2202793529903911,-0.018757948025446166,1.0263519566298853,1.3765822818332791,-0.2290778130332124,0.013989854859610228,0.2309555732143903,0.18470131281221994,0.0025201104082715037,0.0006057380456292723,-0.031199179203312527,2.2997835971460456,231,0.06722926930796083,0.14092028878398402
2012-07-26 00:00:00-04:00,13.711048616874475,13.80775080331848,13.503827952034987,13.531457901000977,5407400,0.0,0.0,0.05280829015544042,6.083607,0.0016,0.098500006,0.34451,0.06216,0.356,142027210752,0.181,29.523,12943287296,0.315,0.227,0.45,0.2202793529903911,-0.018757948025446166,1.0263519566298853,1.3765822818332791,-0.2290778130332124,0.013989854859610228,0.2309555732143903,0.18470131281221994,0.0025201104082715037,0.0006057380456292723,-0.031199179203312527,2.2997835971460456,231,0.06722926930796083,0.14092028878398402
2012-07-27 00:00:00-04:00,13.607430662149428,13.76629881961644,13.572893246960286,13.662689208984375,6297600,0.0,0.0,0.05280829015544042,6.083607,0.0016,0.098500006,0.34451,0.06216,0.356,142027210752,0.181,29.523,12943287296,0.315,0.227,0.45,0.2202793529903911,-0.018757948025446166,1.0263519566298853,1.3765822818332791,-0.2290778130332124,0.013989854859610228,0.2309555732143903,0.18470131281221994,0.0025201104082715037,0.0006057380456292723,-0.031199179203312527,2.2997835971460456,231,0.06722926930796083,0.14092028878398402
2012-07-30 00:00:00-04:00,13.70413782462592,13.738673935035905,13.614341829610902,13.697230339050293,3694000,0.0,0.0,0.05280829015544042,6.083607,0.0016,0.098500006,0.34451,0.06216,0.356,142027210752,0.181,29.523,12943287296,0.315,0.227,0.45,0.2202793529903911,-0.018757948025446166,1.0263519566298853,1.3765822818332791,-0.2290778130332124,0.013989854859610228,0.2309555732143903,0.18470131281221994,0.0025201104082715037,0.0006057380456292723,-0.031199179203312527,2.2997835971460456,231,0.06722926930796083,0.14092028878398402
2012-07-31 00:00:00-04:00,13.711047066003365,13.75249066729614,13.579807458196523,13.635066032409668,3369300,0.0,0.0,0.05280829015544042,6.083607,0.0016,0.098500006,0.34451,0.06216,0.356,142027210752,0.181,29.523,12943287296,0.315,0.227,0.45,0.2202793529903911,-0.018757948025446166,1.0263519566298853,1.3765822818332791,-0.2290778130332124,0.013989854859610228,0.2309555732143903,0.18470131281221994,0.0025201104082715037,0.0006057380456292723,-0.031199179203312527,2.2997835971460456,231,0.06722926930796083,0.14092028878398402
2012-08-01 00:00:00-04:00,13.717954505453937,13.731768160858637,13.572899925223808,13.648880958557129,4231400,0.0,0.0,0.05280829015544042,6.083607,0.0016,0.098500006,0.34451,0.06216,0.356,142027210752,0.181,29.523,12943287296,0.315,0.227,0.45,0.2202793529903911,-0.018757948025446166,1.0263519566298853,1.3765822818332791,-0.2290778130332124,0.013989854859610228,0.2309555732143903,0.18470131281221994,0.0025201104082715037,0.0006057380456292723,-0.031199179203312527,2.2997835971460456,231,0.06722926930796083,0.14092028878398402
2012-08-02 00:00:00-04:00,13.338050641978873,13.614343511802037,13.241348466907846,13.28969955444336,6487000,0.0,0.0,0.05280829015544042,6.083607,0.0016,0.098500006,0.34451,0.06216,0.356,142027210752,0.181,29.523,12943287296,0.315,0.227,0.45,0.2202793529903911,-0.018757948025446166,1.0263519566298853,1.3765822818332791,-0.2290778130332124,0.013989854859610228,0.2309555732143903,0.18470131281221994,0.0025201104082715037,0.0006057380456292723,-0.031199179203312527,2.2997835971460456,231,0.06722926930796083,0.14092028878398402
2012-08-03 00:00:00-04:00,13.538362571243228,13.66269468078278,13.400215490095235,13.517640113830566,4875400,0.0,0.0,0.05280829015544042,6.083607,0.0016,0.098500006,0.34451,0.06216,0.356,142027210752,0.181,29.523,12943287296,0.315,0.227,0.45,0.2202793529903911,-0.018757948025446166,1.0263519566298853,1.3765822818332791,-0.2290778130332124,0.013989854859610228,0.2309555732143903,0.18470131281221994,0.0025201104082715037,0.0006057380456292723,-0.031199179203312527,2.2997835971460456,231,0.06722926930796083,0.14092028878398402
2012-08-06 00:00:00-04:00,13.476196334336764,13.572898499352464,13.351864226477616,13.462381362915039,3921300,0.0,0.0,0.05280829015544042,6.083607,0.0016,0.098500006,0.34451,0.06216,0.356,142027210752,0.181,29.523,12943287296,0.315,0.227,0.45,0.2202793529903911,-0.018757948025446166,1.0263519566298853,1.3765822818332791,-0.2290778130332124,0.013989854859610228,0.2309555732143903,0.18470131281221994,0.0025201104082715037,0.0006057380456292723,-0.031199179203312527,2.2997835971460456,231,0.06722926930796083,0.14092028878398402
2012-08-07 00:00:00-04:00,13.45547649497485,13.76630682509494,13.45547649497485,13.67651081085205,4289700,0.0,0.0,0.05280829015544042,6.083607,0.0016,0.098500006,0.34451,0.06216,0.356,142027210752,0.181,29.523,12943287296,0.315,0.227,0.45,0.2202793529903911,-0.018757948025446166,1.0263519566298853,1.3765822818332791,-0.2290778130332124,0.013989854859610228,0.2309555732143903,0.18470131281221994,0.0025201104082715037,0.0006057380456292723,-0.031199179203312527,2.2997835971460456,231,0.06722926930796083,0.14092028878398402
2012-08-08 00:00:00-04:00,13.648879800525963,13.717953341562266,13.565991287788755,13.600528717041016,3989900,0.0,0.0,0.05280829015544042,6.083607,0.0016,0.098500006,0.34451,0.06216,0.356,142027210752,0.181,29.523,12943287296,0.315,0.227,0.45,0.2202793529903911,-0.018757948025446166,1.0263519566298853,1.3765822818332791,-0.2290778130332124,0.013989854859610228,0.2309555732143903,0.18470131281221994,0.0025201104082715037,0.0006057380456292723,-0.031199179203312527,2.2997835971460456,231,0.06722926930796083,0.14092028878398402
2012-08-09 00:00:00-04:00,13.59361569607377,13.745576370502956,13.59361569607377,13.662689208984375,2951300,0.0,0.0,0.05280829015544042,6.083607,0.0016,0.098500006,0.34451,0.06216,0.356,142027210752,0.181,29.523,12943287296,0.315,0.227,0.45,0.2202793529903911,-0.018757948025446166,1.0263519566298853,1.3765822818332791,-0.2290778130332124,0.013989854859610228,0.2309555732143903,0.18470131281221994,0.0025201104082715037,0.0006057380456292723,-0.031199179203312527,2.2997835971460456,231,0.06722926930796083,0.14092028878398402
2012-08-10 00:00:00-04:00,13.600529894261669,13.683417096705126,13.53836383369491,13.641973495483398,3027400,0.0,0.0,0.05280829015544042,6.083607,0.0016,0.098500006,0.34451,0.06216,0.356,142027210752,0.181,29.523,12943287296,0.315,0.227,0.45,0.2202793529903911,-0.018757948025446166,1.0263519566298853,1.3765822818332791,-0.2290778130332124,0.013989854859610228,0.2309555732143903,0.18470131281221994,0.0025201104082715037,0.0006057380456292723,-0.031199179203312527,2.2997835971460456,231,0.06722926930796083,0.14092028878398402
2012-08-13 00:00:00-04:00,13.621251059489298,13.65578849179022,13.572899971736337,13.635066032409668,2624800,0.0,0.0,0.05280829015544042,6.083607,0.0016,0.098500006,0.34451,0.06216,0.356,142027210752,0.181,29.523,12943287296,0.315,0.227,0.45,0.2202793529903911,-0.018757948025446166,1.0263519566298853,1.3765822818332791,-0.2290778130332124,0.013989854859610228,0.2309555732143903,0.18470131281221994,0.0025201104082715037,0.0006057380456292723,-0.031199179203312527,2.2997835971460456,231,0.06722926930796083,0.14092028878398402
2012-08-14 00:00:00-04:00,13.690325784961486,13.807750429954805,13.641974693046905,13.67651081085205,5567100,0.0,0.0,0.05280829015544042,6.083607,0.0016,0.098500006,0.34451,0.06216,0.356,142027210752,0.181,29.523,12943287296,0.315,0.227,0.45,0.2202793529903911,-0.018757948025446166,1.0263519566298853,1.3765822818332791,-0.2290778130332124,0.013989854859610228,0.2309555732143903,0.18470131281221994,0.0025201104082715037,0.0006057380456292723,-0.031199179203312527,2.2997835971460456,231,0.06722926930796083,0.14092028878398402
2012-08-15 00:00:00-04:00,13.71104365663626,13.97352148951428,13.697228687151101,13.731764793395996,7907600,0.0,0.0,0.05280829015544042,6.083607,0.0016,0.098500006,0.34451,0.06216,0.356,142027210752,0.181,29.523,12943287296,0.315,0.227,0.45,0.2202793529903911,-0.018757948025446166,1.0263519566298853,1.3765822818332791,-0.2290778130332124,0.013989854859610228,0.2309555732143903,0.18470131281221994,0.0025201104082715037,0.0006057380456292723,-0.031199179203312527,2.2997835971460456,231,0.06722926930796083,0.14092028878398402
2012-08-16 00:00:00-04:00,13.71104824612564,13.787027968790651,13.635067205992186,13.67651081085205,4082500,0.0,0.0,0.05280829015544042,6.083607,0.0016,0.098500006,0.34451,0.06216,0.356,142027210752,0.181,29.523,12943287296,0.315,0.227,0.45,0.2202793529903911,-0.018757948025446166,1.0263519566298853,1.3765822818332791,-0.2290778130332124,0.013989854859610228,0.2309555732143903,0.18470131281221994,0.0025201104082715037,0.0006057380456292723,-0.031199179203312527,2.2997835971460456,231,0.06722926930796083,0.14092028878398402
2012-08-17 00:00:00-04:00,13.676509633702443,13.807749241509285,13.565992485276153,13.635066032409668,3542400,0.0,0.0,0.05280829015544042,6.083607,0.0016,0.098500006,0.34451,0.06216,0.356,142027210752,0.181,29.523,12943287296,0.315,0.227,0.45,0.2202793529903911,-0.018757948025446166,1.0263519566298853,1.3765822818332791,-0.2290778130332124,0.013989854859610228,0.2309555732143903,0.18470131281221994,0.0025201104082715037,0.0006057380456292723,-0.031199179203312527,2.2997835971460456,231,0.06722926930796083,0.14092028878398402
2012-08-20 00:00:00-04:00,13.607438284423953,13.655789375305176,13.51764227210018,13.655789375305176,2297300,0.0,0.0,0.05280829015544042,6.083607,0.0016,0.098500006,0.34451,0.06216,0.356,142027210752,0.181,29.523,12943287296,0.315,0.227,0.45,0.2202793529903911,-0.018757948025446166,1.0263519566298853,1.3765822818332791,-0.2290778130332124,0.013989854859610228,0.2309555732143903,0.18470131281221994,0.0025201104082715037,0.0006057380456292723,-0.031199179203312527,2.2997835971460456,231,0.06722926930796083,0.14092028878398402
2012-08-21 00:00:00-04:00,13.662689208984373,13.814649883413558,13.628151793795233,13.662689208984375,3517800,0.0,0.0,0.05280829015544042,6.083607,0.0016,0.098500006,0.34451,0.06216,0.356,142027210752,0.181,29.523,12943287296,0.315,0.227,0.45,0.2202793529903911,-0.018757948025446166,1.0263519566298853,1.3765822818332791,-0.2290778130332124,0.013989854859610228,0.2309555732143903,0.18470131281221994,0.0025201104082715037,0.0006057380456292723,-0.031199179203312527,2.2997835971460456,231,0.06722926930796083,0.14092028878398402
2012-08-22 00:00:00-04:00,13.641972610588745,13.766304723657385,13.607436498055565,13.62125015258789,2734400,0.0,0.0,0.05280829015544042,6.083607,0.0016,0.098500006,0.34451,0.06216,0.356,142027210752,0.181,29.523,12943287296,0.315,0.227,0.45,0.2202793529903911,-0.018757948025446166,1.0263519566298853,1.3765822818332791,-0.2290778130332124,0.013989854859610228,0.2309555732143903,0.18470131281221994,0.0025201104082715037,0.0006057380456292723,-0.031199179203312527,2.2997835971460456,231,0.06722926930796083,0.14092028878398402
2012-08-23 00:00:00-04:00,13.621249765957458,13.635064737565898,13.510732628026346,13.517640113830566,3350400,0.0,0.0,0.05280829015544042,6.083607,0.0016,0.098500006,0.34451,0.06216,0.356,142027210752,0.181,29.523,12943287296,0.315,0.227,0.45,0.2202793529903911,-0.018757948025446166,1.0263519566298853,1.3765822818332791,-0.2290778130332124,0.013989854859610228,0.2309555732143903,0.18470131281221994,0.0025201104082715037,0.0006057380456292723,-0.031199179203312527,2.2997835971460456,231,0.06722926930796083,0.14092028878398402
2012-08-24 00:00:00-04:00,13.4900127229223,13.690324559707884,13.462382777176247,13.648880958557129,3597900,0.0,0.0,0.05280829015544042,6.083607,0.0016,0.098500006,0.34451,0.06216,0.356,142027210752,0.181,29.523,12943287296,0.315,0.227,0.45,0.2202793529903911,-0.018757948025446166,1.0263519566298853,1.3765822818332791,-0.2290778130332124,0.013989854859610228,0.2309555732143903,0.18470131281221994,0.0025201104082715037,0.0006057380456292723,-0.031199179203312527,2.2997835971460456,231,0.06722926930796083,0.14092028878398402
2012-08-27 00:00:00-04:00,13.648879462318389,13.82847013757539,13.648879462318389,13.74558162689209,3962600,0.0,0.0,0.05280829015544042,6.083607,0.0016,0.098500006,0.34451,0.06216,0.356,142027210752,0.181,29.523,12943287296,0.315,0.227,0.45,0.2202793529903911,-0.018757948025446166,1.0263519566298853,1.3765822818332791,-0.2290778130332124,0.013989854859610228,0.2309555732143903,0.18470131281221994,0.0025201104082715037,0.0006057380456292723,-0.031199179203312527,2.2997835971460456,231,0.06722926930796083,0.14092028878398402
2012-08-28 00:00:00-04:00,13.669597845696412,13.780114948693628,13.635060427592412,13.717948913574219,2735000,0.0,0.0,0.05280829015544042,6.083607,0.0016,0.098500006,0.34451,0.06216,0.356,142027210752,0.181,29.523,12943287296,0.315,0.227,0.45,0.2202793529903911,-0.018757948025446166,1.0263519566298853,1.3765822818332791,-0.2290778130332124,0.013989854859610228,0.2309555732143903,0.18470131281221994,0.0025201104082715037,0.0006057380456292723,-0.031199179203312527,2.2997835971460456,231,0.06722926930796083,0.14092028878398402
2012-08-29 00:00:00-04:00,13.697228881702818,13.717951336224894,13.49000960635415,13.510730743408203,3661700,0.0,0.0,0.05280829015544042,6.083607,0.0016,0.098500006,0.34451,0.06216,0.356,142027210752,0.181,29.523,12943287296,0.315,0.227,0.45,0.2202793529903911,-0.018757948025446166,1.0263519566298853,1.3765822818332791,-0.2290778130332124,0.013989854859610228,0.2309555732143903,0.18470131281221994,0.0025201104082715037,0.0006057380456292723,-0.031199179203312527,2.2997835971460456,231,0.06722926930796083,0.14092028878398402
2012-08-30 00:00:00-04:00,13.44166073956555,13.524549261935807,13.379495994623317,13.483105659484863,2507000,0.0,0.0,0.05280829015544042,6.083607,0.0016,0.098500006,0.34451,0.06216,0.356,142027210752,0.181,29.523,12943287296,0.315,0.227,0.45,0.2202793529903911,-0.018757948025446166,1.0263519566298853,1.3765822818332791,-0.2290778130332124,0.013989854859610228,0.2309555732143903,0.18470131281221994,0.0025201104082715037,0.0006057380456292723,-0.031199179203312527,2.2997835971460456,231,0.06722926930796083,0.14092028878398402
2012-08-31 00:00:00-04:00,13.531454811728768,13.641971947424372,13.414030190368665,13.490011215209961,4549100,0.0,0.0,0.05280829015544042,6.083607,0.0016,0.098500006,0.34451,0.06216,0.356,142027210752,0.181,29.523,12943287296,0.315,0.227,0.45,0.2202793529903911,-0.018757948025446166,1.0263519566298853,1.3765822818332791,-0.2290778130332124,0.013989854859610228,0.2309555732143903,0.18470131281221994,0.0025201104082715037,0.0006057380456292723,-0.031199179203312527,2.2997835971460456,231,0.06722926930796083,0.14092028878398402
2012-09-04 00:00:00-04:00,13.503823815144539,13.517638785395324,13.365678065040916,13.407121658325195,2828300,0.0,0.0,0.05280829015544042,6.083607,0.0016,0.098500006,0.34451,0.06216,0.356,142027210752,0.181,29.523,12943287296,0.315,0.227,0.45,0.2202793529903911,-0.018757948025446166,1.0263519566298853,1.3765822818332791,-0.2290778130332124,0.013989854859610228,0.2309555732143903,0.18470131281221994,0.0025201104082715037,0.0006057380456292723,-0.031199179203312527,2.2997835971460456,231,0.06722926930796083,0.14092028878398402
2012-09-05 00:00:00-04:00,13.455472736734867,13.455472736734867,13.358770579915523,13.407121658325195,2079500,0.0,0.0,0.05280829015544042,6.083607,0.0016,0.098500006,0.34451,0.06216,0.356,142027210752,0.181,29.523,12943287296,0.315,0.227,0.45,0.2202793529903911,-0.018757948025446166,1.0263519566298853,1.3765822818332791,-0.2290778130332124,0.013989854859610228,0.2309555732143903,0.18470131281221994,0.0025201104082715037,0.0006057380456292723,-0.031199179203312527,2.2997835971460456,231,0.06722926930796083,0.14092028878398402
2012-09-06 00:00:00-04:00,13.441658951033462,13.524547462374667,13.358771757160449,13.448566436767578,3379700,0.0,0.0,0.05280829015544042,6.083607,0.0016,0.098500006,0.34451,0.06216,0.356,142027210752,0.181,29.523,12943287296,0.315,0.227,0.45,0.2202793529903911,-0.018757948025446166,1.0263519566298853,1.3765822818332791,-0.2290778130332124,0.013989854859610228,0.2309555732143903,0.18470131281221994,0.0025201104082715037,0.0006057380456292723,-0.031199179203312527,2.2997835971460456,231,0.06722926930796083,0.14092028878398402
2012-09-07 00:00:00-04:00,13.496915769827801,13.503821936524348,13.379491173968116,13.393304824829102,3842200,0.0,0.0,0.05280829015544042,6.083607,0.0016,0.098500006,0.34451,0.06216,0.356,142027210752,0.181,29.523,12943287296,0.315,0.227,0.45,0.2202793529903911,-0.018757948025446166,1.0263519566298853,1.3765822818332791,-0.2290778130332124,0.013989854859610228,0.2309555732143903,0.18470131281221994,0.0025201104082715037,0.0006057380456292723,-0.031199179203312527,2.2997835971460456,231,0.06722926930796083,0.14092028878398402
2012-09-10 00:00:00-04:00,13.448564907011695,13.621248078317553,13.393306344892542,13.55908203125,4223500,0.0,0.0,0.05280829015544042,6.083607,0.0016,0.098500006,0.34451,0.06216,0.356,142027210752,0.181,29.523,12943287296,0.315,0.227,0.45,0.2202793529903911,-0.018757948025446166,1.0263519566298853,1.3765822818332791,-0.2290778130332124,0.013989854859610228,0.2309555732143903,0.18470131281221994,0.0025201104082715037,0.0006057380456292723,-0.031199179203312527,2.2997835971460456,231,0.06722926930796083,0.14092028878398402
2012-09-11 00:00:00-04:00,13.50382758688943,13.704140759070922,13.441661520865413,13.67651081085205,4079000,0.0,0.0,0.05280829015544042,6.083607,0.0016,0.098500006,0.34451,0.06216,0.356,142027210752,0.181,29.523,12943287296,0.315,0.227,0.45,0.2202793529903911,-0.018757948025446166,1.0263519566298853,1.3765822818332791,-0.2290778130332124,0.013989854859610228,0.2309555732143903,0.18470131281221994,0.0025201104082715037,0.0006057380456292723,-0.031199179203312527,2.2997835971460456,231,0.06722926930796083,0.14092028878398402
2012-09-12 00:00:00-04:00,13.641973577189995,13.98733999686569,13.641973577189995,13.980432510375977,8052400,0.0,0.0,0.05280829015544042,6.083607,0.0016,0.098500006,0.34451,0.06216,0.356,142027210752,0.181,29.523,12943287296,0.315,0.227,0.45,0.2202793529903911,-0.018757948025446166,1.0263519566298853,1.3765822818332791,-0.2290778130332124,0.013989854859610228,0.2309555732143903,0.18470131281221994,0.0025201104082715037,0.0006057380456292723,-0.031199179203312527,2.2997835971460456,231,0.06722926930796083,0.14092028878398402
2012-09-13 00:00:00-04:00,13.952803766341122,14.291262696724297,13.828471645492542,14.270540237426758,8064800,0.0,0.0,0.05280829015544042,6.083607,0.0016,0.098500006,0.34451,0.06216,0.356,142027210752,0.181,29.523,12943287296,0.315,0.227,0.45,0.2202793529903911,-0.018757948025446166,1.0263519566298853,1.3765822818332791,-0.2290778130332124,0.013989854859610228,0.2309555732143903,0.18470131281221994,0.0025201104082715037,0.0006057380456292723,-0.031199179203312527,2.2997835971460456,231,0.06722926930796083,0.14092028878398402
2012-09-14 00:00:00-04:00,14.139300063096144,14.463945325062884,14.139300063096144,14.374149322509766,5508100,0.0,0.0,0.05280829015544042,6.083607,0.0016,0.098500006,0.34451,0.06216,0.356,142027210752,0.181,29.523,12943287296,0.315,0.227,0.45,0.2202793529903911,-0.018757948025446166,1.0263519566298853,1.3765822818332791,-0.2290778130332124,0.013989854859610228,0.2309555732143903,0.18470131281221994,0.0025201104082715037,0.0006057380456292723,-0.031199179203312527,2.2997835971460456,231,0.06722926930796083,0.14092028878398402
2012-09-17 00:00:00-04:00,14.318890479790012,14.484666191980159,14.291261853159112,14.34652042388916,5017300,0.0,0.0,0.05280829015544042,6.083607,0.0016,0.098500006,0.34451,0.06216,0.356,142027210752,0.181,29.523,12943287296,0.315,0.227,0.45,0.2202793529903911,-0.018757948025446166,1.0263519566298853,1.3765822818332791,-0.2290778130332124,0.013989854859610228,0.2309555732143903,0.18470131281221994,0.0025201104082715037,0.0006057380456292723,-0.031199179203312527,2.2997835971460456,231,0.06722926930796083,0.14092028878398402
2012-09-18 00:00:00-04:00,14.374152159087837,14.42941074176816,14.298172431320227,14.381059646606445,4204200,0.0,0.0,0.05280829015544042,6.083607,0.0016,0.098500006,0.34451,0.06216,0.356,142027210752,0.181,29.523,12943287296,0.315,0.227,0.45,0.2202793529903911,-0.018757948025446166,1.0263519566298853,1.3765822818332791,-0.2290778130332124,0.013989854859610228,0.2309555732143903,0.18470131281221994,0.0025201104082715037,0.0006057380456292723,-0.031199179203312527,2.2997835971460456,231,0.06722926930796083,0.14092028878398402
2012-09-19 00:00:00-04:00,14.470851285959164,14.533017337337878,14.325796726919451,14.477757453918457,5064300,0.0,0.0,0.05280829015544042,6.083607,0.0016,0.098500006,0.34451,0.06216,0.356,142027210752,0.181,29.523,12943287296,0.315,0.227,0.45,0.2202793529903911,-0.018757948025446166,1.0263519566298853,1.3765822818332791,-0.2290778130332124,0.013989854859610228,0.2309555732143903,0.18470131281221994,0.0025201104082715037,0.0006057380456292723,-0.031199179203312527,2.2997835971460456,231,0.06722926930796083,0.14092028878398402
2012-09-20 00:00:00-04:00,14.429407233127026,14.519203231565672,14.332705066317603,14.505388259887695,5170500,0.0,0.0,0.05280829015544042,6.083607,0.0016,0.098500006,0.34451,0.06216,0.356,142027210752,0.181,29.523,12943287296,0.315,0.227,0.45,0.2202793529903911,-0.018757948025446166,1.0263519566298853,1.3765822818332791,-0.2290778130332124,0.013989854859610228,0.2309555732143903,0.18470131281221994,0.0025201104082715037,0.0006057380456292723,-0.031199179203312527,2.2997835971460456,231,0.06722926930796083,0.14092028878398402
2012-09-21 00:00:00-04:00,14.643536767417638,14.691887855529785,14.477759726078363,14.691887855529785,11445300,0.0,0.0,0.05280829015544042,6.083607,0.0016,0.098500006,0.34451,0.06216,0.356,142027210752,0.181,29.523,12943287296,0.315,0.227,0.45,0.2202793529903911,-0.018757948025446166,1.0263519566298853,1.3765822818332791,-0.2290778130332124,0.013989854859610228,0.2309555732143903,0.18470131281221994,0.0025201104082715037,0.0006057380456292723,-0.031199179203312527,2.2997835971460456,231,0.06722926930796083,0.14092028878398402
2012-09-24 00:00:00-04:00,14.622812153947605,14.657348263949597,14.519202506473482,14.546831130981445,4193700,0.0,0.0,0.05280829015544042,6.083607,0.0016,0.098500006,0.34451,0.06216,0.356,142027210752,0.181,29.523,12943287296,0.315,0.227,0.45,0.2202793529903911,-0.018757948025446166,1.0263519566298853,1.3765822818332791,-0.2290778130332124,0.013989854859610228,0.2309555732143903,0.18470131281221994,0.0025201104082715037,0.0006057380456292723,-0.031199179203312527,2.2997835971460456,231,0.06722926930796083,0.14092028878398402
2012-09-25 00:00:00-04:00,14.588276427167333,14.698793563038675,14.387963294982908,14.38796329498291,4909400,0.0,0.0,0.05280829015544042,6.083607,0.0016,0.098500006,0.34451,0.06216,0.356,142027210752,0.181,29.523,12943287296,0.315,0.227,0.45,0.2202793529903911,-0.018757948025446166,1.0263519566298853,1.3765822818332791,-0.2290778130332124,0.013989854859610228,0.2309555732143903,0.18470131281221994,0.0025201104082715037,0.0006057380456292723,-0.031199179203312527,2.2997835971460456,231,0.06722926930796083,0.14092028878398402
2012-09-26 00:00:00-04:00,14.325796171491106,14.408684675938417,14.249815152203412,14.311981201171875,3749300,0.0,0.0,0.05280829015544042,6.083607,0.0016,0.098500006,0.34451,0.06216,0.356,142027210752,0.181,29.523,12943287296,0.315,0.227,0.45,0.2202793529903911,-0.018757948025446166,1.0263519566298853,1.3765822818332791,-0.2290778130332124,0.013989854859610228,0.2309555732143903,0.18470131281221994,0.0025201104082715037,0.0006057380456292723,-0.031199179203312527,2.2997835971460456,231,0.06722926930796083,0.14092028878398402
2012-09-27 00:00:00-04:00,14.36723926722249,14.546829922746275,14.332703160089007,14.512293815612793,3949500,0.0,0.0,0.05280829015544042,6.083607,0.0016,0.098500006,0.34451,0.06216,0.356,142027210752,0.181,29.523,12943287296,0.315,0.227,0.45,0.2202793529903911,-0.018757948025446166,1.0263519566298853,1.3765822818332791,-0.2290778130332124,0.013989854859610228,0.2309555732143903,0.18470131281221994,0.0025201104082715037,0.0006057380456292723,-0.031199179203312527,2.2997835971460456,231,0.06722926930796083,0.14092028878398402
2012-09-28 00:00:00-04:00,14.450127262921741,14.457034747600224,14.318887688966536,14.32579517364502,4185200,0.0,0.0,0.05280829015544042,6.083607,0.0016,0.098500006,0.34451,0.06216,0.356,142027210752,0.181,29.523,12943287296,0.315,0.227,0.45,0.2202793529903911,-0.018757948025446166,1.0263519566298853,1.3765822818332791,-0.2290778130332124,0.013989854859610228,0.2309555732143903,0.18470131281221994,0.0025201104082715037,0.0006057380456292723,-0.031199179203312527,2.2997835971460456,231,0.06722926930796083,0.14092028878398402
2012-10-01 00:00:00-04:00,14.387960669705262,14.505385269826384,14.305072174191789,14.429404258728027,4110400,0.0,0.0,0.05280829015544042,6.083607,0.0016,0.098500006,0.34451,0.06216,0.356,142027210752,0.181,29.523,12943287296,0.315,0.227,0.45,0.2202793529903911,-0.018757948025446166,1.0263519566298853,1.3765822818332791,-0.2290778130332124,0.013989854859610228,0.2309555732143903,0.18470131281221994,0.0025201104082715037,0.0006057380456292723,-0.031199179203312527,2.2997835971460456,231,0.06722926930796083,0.14092028878398402
2012-10-02 00:00:00-04:00,14.470851031682457,14.733328885971867,14.408684981396103,14.712606430053711,5948700,0.0,0.0,0.05280829015544042,6.083607,0.0016,0.098500006,0.34451,0.06216,0.356,142027210752,0.181,29.523,12943287296,0.315,0.227,0.45,0.2202793529903911,-0.018757948025446166,1.0263519566298853,1.3765822818332791,-0.2290778130332124,0.013989854859610228,0.2309555732143903,0.18470131281221994,0.0025201104082715037,0.0006057380456292723,-0.031199179203312527,2.2997835971460456,231,0.06722926930796083,0.14092028878398402
2012-10-03 00:00:00-04:00,14.754054512506485,14.968181333137064,14.643537358795967,14.836941719055176,6164200,0.0,0.0,0.05280829015544042,6.083607,0.0016,0.098500006,0.34451,0.06216,0.356,142027210752,0.181,29.523,12943287296,0.315,0.227,0.45,0.2202793529903911,-0.018757948025446166,1.0263519566298853,1.3765822818332791,-0.2290778130332124,0.013989854859610228,0.2309555732143903,0.18470131281221994,0.0025201104082715037,0.0006057380456292723,-0.031199179203312527,2.2997835971460456,231,0.06722926930796083,0.14092028878398402
2012-10-04 00:00:00-04:00,14.906013397372806,14.995808079434203,14.843847341534827,14.933643341064453,4431800,0.0,0.0,0.05280829015544042,6.083607,0.0016,0.098500006,0.34451,0.06216,0.356,142027210752,0.181,29.523,12943287296,0.315,0.227,0.45,0.2202793529903911,-0.018757948025446166,1.0263519566298853,1.3765822818332791,-0.2290778130332124,0.013989854859610228,0.2309555732143903,0.18470131281221994,0.0025201104082715037,0.0006057380456292723,-0.031199179203312527,2.2997835971460456,231,0.06722926930796083,0.14092028878398402
2012-10-05 00:00:00-04:00,15.030346164789316,15.154678281889609,14.926736506361836,15.064882278442383,4109700,0.0,0.0,0.05280829015544042,6.083607,0.0016,0.098500006,0.34451,0.06216,0.356,142027210752,0.181,29.523,12943287296,0.315,0.227,0.45,0.2202793529903911,-0.018757948025446166,1.0263519566298853,1.3765822818332791,-0.2290778130332124,0.013989854859610228,0.2309555732143903,0.18470131281221994,0.0025201104082715037,0.0006057380456292723,-0.031199179203312527,2.2997835971460456,231,0.06722926930796083,0.14092028878398402
2012-10-08 00:00:00-04:00,15.06487558264176,15.140856579869599,14.940543520802642,15.071783065795898,3350700,0.0,0.0,0.05280829015544042,6.083607,0.0016,0.098500006,0.34451,0.06216,0.356,142027210752,0.181,29.523,12943287296,0.315,0.227,0.45,0.2202793529903911,-0.018757948025446166,1.0263519566298853,1.3765822818332791,-0.2290778130332124,0.013989854859610228,0.2309555732143903,0.18470131281221994,0.0025201104082715037,0.0006057380456292723,-0.031199179203312527,2.2997835971460456,231,0.06722926930796083,0.14092028878398402
2012-10-09 00:00:00-04:00,15.099418272438669,15.292822598437349,14.9543637104715,14.988901138305664,6666900,0.0,0.0,0.05280829015544042,6.083607,0.0016,0.098500006,0.34451,0.06216,0.356,142027210752,0.181,29.523,12943287296,0.315,0.227,0.45,0.2202793529903911,-0.018757948025446166,1.0263519566298853,1.3765822818332791,-0.2290778130332124,0.013989854859610228,0.2309555732143903,0.18470131281221994,0.0025201104082715037,0.0006057380456292723,-0.031199179203312527,2.2997835971460456,231,0.06722926930796083,0.14092028878398402
2012-10-10 00:00:00-04:00,15.196117532009985,15.472410314552949,15.18230256351586,15.272098541259766,7480200,0.0,0.0,0.05280829015544042,6.083607,0.0016,0.098500006,0.34451,0.06216,0.356,142027210752,0.181,29.523,12943287296,0.315,0.227,0.45,0.2202793529903911,-0.018757948025446166,1.0263519566298853,1.3765822818332791,-0.2290778130332124,0.013989854859610228,0.2309555732143903,0.18470131281221994,0.0025201104082715037,0.0006057380456292723,-0.031199179203312527,2.2997835971460456,231,0.06722926930796083,0.14092028878398402
2012-10-11 00:00:00-04:00,15.334269487187466,15.396435547828988,15.216844852361074,15.237565994262695,4947500,0.0,0.0,0.05280829015544042,6.083607,0.0016,0.098500006,0.34451,0.06216,0.356,142027210752,0.181,29.523,12943287296,0.315,0.227,0.45,0.2202793529903911,-0.018757948025446166,1.0263519566298853,1.3765822818332791,-0.2290778130332124,0.013989854859610228,0.2309555732143903,0.18470131281221994,0.0025201104082715037,0.0006057380456292723,-0.031199179203312527,2.2997835971460456,231,0.06722926930796083,0.14092028878398402
2012-10-12 00:00:00-04:00,15.479317010976782,15.67272260764739,15.313541349888192,15.334263801574707,9475200,0.0,0.0,0.05280829015544042,6.083607,0.0016,0.098500006,0.34451,0.06216,0.356,142027210752,0.181,29.523,12943287296,0.315,0.227,0.45,0.2202793529903911,-0.018757948025446166,1.0263519566298853,1.3765822818332791,-0.2290778130332124,0.013989854859610228,0.2309555732143903,0.18470131281221994,0.0025201104082715037,0.0006057380456292723,-0.031199179203312527,2.2997835971460456,231,0.06722926930796083,0.14092028878398402
2012-10-15 00:00:00-04:00,15.154676043953163,15.334266706858639,15.0717875389706,15.320451736450195,7354200,0.0,0.0,0.05280829015544042,6.083607,0.0016,0.098500006,0.34451,0.06216,0.356,142027210752,0.181,29.523,12943287296,0.315,0.227,0.45,0.2202793529903911,-0.018757948025446166,1.0263519566298853,1.3765822818332791,-0.2290778130332124,0.013989854859610228,0.2309555732143903,0.18470131281221994,0.0025201104082715037,0.0006057380456292723,-0.031199179203312527,2.2997835971460456,231,0.06722926930796083,0.14092028878398402
2012-10-16 00:00:00-04:00,15.348080915050753,15.617467577888688,15.3066373197942,15.486227989196777,5273200,0.0,0.0,0.05280829015544042,6.083607,0.0016,0.098500006,0.34451,0.06216,0.356,142027210752,0.181,29.523,12943287296,0.315,0.227,0.45,0.2202793529903911,-0.018757948025446166,1.0263519566298853,1.3765822818332791,-0.2290778130332124,0.013989854859610228,0.2309555732143903,0.18470131281221994,0.0025201104082715037,0.0006057380456292723,-0.031199179203312527,2.2997835971460456,231,0.06722926930796083,0.14092028878398402
2012-10-17 00:00:00-04:00,15.541486843772557,15.914483160407817,15.472413305417714,15.886853218078613,9188700,0.0,0.0,0.05280829015544042,6.083607,0.0016,0.098500006,0.34451,0.06216,0.356,142027210752,0.181,29.523,12943287296,0.315,0.227,0.45,0.2202793529903911,-0.018757948025446166,1.0263519566298853,1.3765822818332791,-0.2290778130332124,0.013989854859610228,0.2309555732143903,0.18470131281221994,0.0025201104082715037,0.0006057380456292723,-0.031199179203312527,2.2997835971460456,231,0.06722926930796083,0.14092028878398402
2012-10-18 00:00:00-04:00,15.86613284243945,16.0180949102461,15.831596727466124,15.942113876342773,6370900,0.0,0.0,0.05280829015544042,6.083607,0.0016,0.098500006,0.34451,0.06216,0.356,142027210752,0.181,29.523,12943287296,0.315,0.227,0.45,0.2202793529903911,-0.018757948025446166,1.0263519566298853,1.3765822818332791,-0.2290778130332124,0.013989854859610228,0.2309555732143903,0.18470131281221994,0.0025201104082715037,0.0006057380456292723,-0.031199179203312527,2.2997835971460456,231,0.06722926930796083,0.14092028878398402
2012-10-19 00:00:00-04:00,15.942107758934132,15.942107758934132,15.74870216388067,15.83159065246582,5569700,0.0,0.0,0.05280829015544042,6.083607,0.0016,0.098500006,0.34451,0.06216,0.356,142027210752,0.181,29.523,12943287296,0.315,0.227,0.45,0.2202793529903911,-0.018757948025446166,1.0263519566298853,1.3765822818332791,-0.2290778130332124,0.013989854859610228,0.2309555732143903,0.18470131281221994,0.0025201104082715037,0.0006057380456292723,-0.031199179203312527,2.2997835971460456,231,0.06722926930796083,0.14092028878398402
2012-10-22 00:00:00-04:00,15.776334850447666,15.886851976188927,15.610559161835775,15.74870491027832,5547700,0.0,0.0,0.05280829015544042,6.083607,0.0016,0.098500006,0.34451,0.06216,0.356,142027210752,0.181,29.523,12943287296,0.315,0.227,0.45,0.2202793529903911,-0.018757948025446166,1.0263519566298853,1.3765822818332791,-0.2290778130332124,0.013989854859610228,0.2309555732143903,0.18470131281221994,0.0025201104082715037,0.0006057380456292723,-0.031199179203312527,2.2997835971460456,231,0.06722926930796083,0.14092028878398402
2012-10-23 00:00:00-04:00,15.631279793159546,15.707260808695976,15.513855186179617,15.679632186889648,5444100,0.0,0.0,0.05280829015544042,6.083607,0.0016,0.098500006,0.34451,0.06216,0.356,142027210752,0.181,29.523,12943287296,0.315,0.227,0.45,0.2202793529903911,-0.018757948025446166,1.0263519566298853,1.3765822818332791,-0.2290778130332124,0.013989854859610228,0.2309555732143903,0.18470131281221994,0.0025201104082715037,0.0006057380456292723,-0.031199179203312527,2.2997835971460456,231,0.06722926930796083,0.14092028878398402
2012-10-24 00:00:00-04:00,15.721078895795262,15.803966095118644,15.645097865191929,15.714171409606934,2777800,0.0,0.0,0.05280829015544042,6.083607,0.0016,0.098500006,0.34451,0.06216,0.356,142027210752,0.181,29.523,12943287296,0.315,0.227,0.45,0.2202793529903911,-0.018757948025446166,1.0263519566298853,1.3765822818332791,-0.2290778130332124,0.013989854859610228,0.2309555732143903,0.18470131281221994,0.0025201104082715037,0.0006057380456292723,-0.031199179203312527,2.2997835971460456,231,0.06722926930796083,0.14092028878398402
2012-10-25 00:00:00-04:00,15.79705956420991,15.838503162921398,15.56221030906439,15.603653907775879,4471300,0.0,0.0,0.05280829015544042,6.083607,0.0016,0.098500006,0.34451,0.06216,0.356,142027210752,0.181,29.523,12943287296,0.315,0.227,0.45,0.2202793529903911,-0.018757948025446166,1.0263519566298853,1.3765822818332791,-0.2290778130332124,0.013989854859610228,0.2309555732143903,0.18470131281221994,0.0025201104082715037,0.0006057380456292723,-0.031199179203312527,2.2997835971460456,231,0.06722926930796083,0.14092028878398402
2012-10-26 00:00:00-04:00,15.624375433498873,15.714170111593411,15.465505899226734,15.596745491027832,4146600,0.0,0.0,0.05280829015544042,6.083607,0.0016,0.098500006,0.34451,0.06216,0.356,142027210752,0.181,29.523,12943287296,0.315,0.227,0.45,0.2202793529903911,-0.018757948025446166,1.0263519566298853,1.3765822818332791,-0.2290778130332124,0.013989854859610228,0.2309555732143903,0.18470131281221994,0.0025201104082715037,0.0006057380456292723,-0.031199179203312527,2.2997835971460456,231,0.06722926930796083,0.14092028878398402
2012-10-31 00:00:00-04:00,15.555298540852652,15.665815651971458,15.354985453532388,15.403336524963379,8754600,0.0,0.0,0.05280829015544042,6.083607,0.0016,0.098500006,0.34451,0.06216,0.356,142027210752,0.181,29.523,12943287296,0.315,0.227,0.45,0.2202793529903911,-0.018757948025446166,1.0263519566298853,1.3765822818332791,-0.2290778130332124,0.013989854859610228,0.2309555732143903,0.18470131281221994,0.0025201104082715037,0.0006057380456292723,-0.031199179203312527,2.2997835971460456,231,0.06722926930796083,0.14092028878398402
2012-11-01 00:00:00-04:00,15.486227101475736,15.679632730699902,15.375709975481373,15.46550464630127,5819700,0.0,0.0,0.05280829015544042,6.083607,0.0016,0.098500006,0.34451,0.06216,0.356,142027210752,0.181,29.523,12943287296,0.315,0.227,0.45,0.2202793529903911,-0.018757948025446166,1.0263519566298853,1.3765822818332791,-0.2290778130332124,0.013989854859610228,0.2309555732143903,0.18470131281221994,0.0025201104082715037,0.0006057380456292723,-0.031199179203312527,2.2997835971460456,231,0.06722926930796083,0.14092028878398402
2012-11-02 00:00:00-04:00,15.285916102277453,15.603653871577082,15.175398960991037,15.24447250366211,11359100,0.0,0.0,0.05280829015544042,6.083607,0.0016,0.098500006,0.34451,0.06216,0.356,142027210752,0.181,29.523,12943287296,0.315,0.227,0.45,0.2202793529903911,-0.018757948025446166,1.0263519566298853,1.3765822818332791,-0.2290778130332124,0.013989854859610228,0.2309555732143903,0.18470131281221994,0.0025201104082715037,0.0006057380456292723,-0.031199179203312527,2.2997835971460456,231,0.06722926930796083,0.14092028878398402
2012-11-05 00:00:00-05:00,15.161584450625936,15.361896263850243,15.078695940605698,15.327360153198242,3901300,0.0,0.0,0.05280829015544042,6.083607,0.0016,0.098500006,0.34451,0.06216,0.356,142027210752,0.181,29.523,12943287296,0.315,0.227,0.45,0.2202793529903911,-0.018757948025446166,1.0263519566298853,1.3765822818332791,-0.2290778130332124,0.013989854859610228,0.2309555732143903,0.18470131281221994,0.0025201104082715037,0.0006057380456292723,-0.031199179203312527,2.2997835971460456,231,0.06722926930796083,0.14092028878398402
2012-11-06 00:00:00-05:00,15.410247938368892,15.500043937466371,15.313545770849965,15.479321479797363,3813700,0.0,0.0,0.05280829015544042,6.083607,0.0016,0.098500006,0.34451,0.06216,0.356,142027210752,0.181,29.523,12943287296,0.315,0.227,0.45,0.2202793529903911,-0.018757948025446166,1.0263519566298853,1.3765822818332791,-0.2290778130332124,0.013989854859610228,0.2309555732143903,0.18470131281221994,0.0025201104082715037,0.0006057380456292723,-0.031199179203312527,2.2997835971460456,231,0.06722926930796083,0.14092028878398402
2012-11-07 00:00:00-05:00,15.34117558564596,15.382620504195321,15.147771235622237,15.258288383483887,3556700,0.0,0.0,0.05280829015544042,6.083607,0.0016,0.098500006,0.34451,0.06216,0.356,142027210752,0.181,29.523,12943287296,0.315,0.227,0.45,0.2202793529903911,-0.018757948025446166,1.0263519566298853,1.3765822818332791,-0.2290778130332124,0.013989854859610228,0.2309555732143903,0.18470131281221994,0.0025201104082715037,0.0006057380456292723,-0.031199179203312527,2.2997835971460456,231,0.06722926930796083,0.14092028878398402
2012-11-08 00:00:00-05:00,15.279010842758566,15.49313765205697,15.161586208472025,15.258288383483887,15124600,0.0,0.0,0.05280829015544042,6.083607,0.0016,0.098500006,0.34451,0.06216,0.356,142027210752,0.181,29.523,12943287296,0.315,0.227,0.45,0.2202793529903911,-0.018757948025446166,1.0263519566298853,1.3765822818332791,-0.2290778130332124,0.013989854859610228,0.2309555732143903,0.18470131281221994,0.0025201104082715037,0.0006057380456292723,-0.031199179203312527,2.2997835971460456,231,0.06722926930796083,0.14092028878398402
2012-11-09 00:00:00-05:00,15.230654211169698,15.52766945767466,15.175395652573515,15.437874794006348,16046100,0.0,0.0,0.05280829015544042,6.083607,0.0016,0.098500006,0.34451,0.06216,0.356,142027210752,0.181,29.523,12943287296,0.315,0.227,0.45,0.2202793529903911,-0.018757948025446166,1.0263519566298853,1.3765822818332791,-0.2290778130332124,0.013989854859610228,0.2309555732143903,0.18470131281221994,0.0025201104082715037,0.0006057380456292723,-0.031199179203312527,2.2997835971460456,231,0.06722926930796083,0.14092028878398402
2012-11-12 00:00:00-05:00,15.45169342484095,15.458599593517667,15.299731364587762,15.375712394714355,16932200,0.0,0.0,0.05280829015544042,6.083607,0.0016,0.098500006,0.34451,0.06216,0.356,142027210752,0.181,29.523,12943287296,0.315,0.227,0.45,0.2202793529903911,-0.018757948025446166,1.0263519566298853,1.3765822818332791,-0.2290778130332124,0.013989854859610228,0.2309555732143903,0.18470131281221994,0.0025201104082715037,0.0006057380456292723,-0.031199179203312527,2.2997835971460456,231,0.06722926930796083,0.14092028878398402
2012-11-13 00:00:00-05:00,15.244468169210835,15.48622484108692,15.216839550478984,15.341170310974121,7101700,0.0,0.0,0.05280829015544042,6.083607,0.0016,0.098500006,0.34451,0.06216,0.356,142027210752,0.181,29.523,12943287296,0.315,0.227,0.45,0.2202793529903911,-0.018757948025446166,1.0263519566298853,1.3765822818332791,-0.2290778130332124,0.013989854859610228,0.2309555732143903,0.18470131281221994,0.0025201104082715037,0.0006057380456292723,-0.031199179203312527,2.2997835971460456,231,0.06722926930796083,0.14092028878398402
2012-11-14 00:00:00-05:00,15.437876679077243,15.617467345811079,15.175397505593898,15.444784164428711,12872900,0.0,0.0,0.05280829015544042,6.083607,0.0016,0.098500006,0.34451,0.06216,0.356,142027210752,0.181,29.523,12943287296,0.315,0.227,0.45,0.2202793529903911,-0.018757948025446166,1.0263519566298853,1.3765822818332791,-0.2290778130332124,0.013989854859610228,0.2309555732143903,0.18470131281221994,0.0025201104082715037,0.0006057380456292723,-0.031199179203312527,2.2997835971460456,231,0.06722926930796083,0.14092028878398402
2012-11-15 00:00:00-05:00,15.506951103318892,15.582930811600718,15.285915511815936,15.354989051818848,6346700,0.0,0.0,0.05280829015544042,6.083607,0.0016,0.098500006,0.34451,0.06216,0.356,142027210752,0.181,29.523,12943287296,0.315,0.227,0.45,0.2202793529903911,-0.018757948025446166,1.0263519566298853,1.3765822818332791,-0.2290778130332124,0.013989854859610228,0.2309555732143903,0.18470131281221994,0.0025201104082715037,0.0006057380456292723,-0.031199179203312527,2.2997835971460456,231,0.06722926930796083,0.14092028878398402
2012-11-16 00:00:00-05:00,15.361895376035053,15.58983711858198,15.272100703048483,15.576022148132324,5501300,0.0,0.0,0.05280829015544042,6.083607,0.0016,0.098500006,0.34451,0.06216,0.356,142027210752,0.181,29.523,12943287296,0.315,0.227,0.45,0.2202793529903911,-0.018757948025446166,1.0263519566298853,1.3765822818332791,-0.2290778130332124,0.013989854859610228,0.2309555732143903,0.18470131281221994,0.0025201104082715037,0.0006057380456292723,-0.031199179203312527,2.2997835971460456,231,0.06722926930796083,0.14092028878398402
2012-11-19 00:00:00-05:00,15.698892386840289,15.8000832415851,15.424234646483152,15.518196105957031,8338900,1.0,0.0,0.05280829015544042,6.083607,0.0016,0.098500006,0.34451,0.06216,0.356,142027210752,0.181,29.523,12943287296,0.315,0.227,0.45,0.2202793529903911,-0.018757948025446166,1.0263519566298853,1.3765822818332791,-0.2290778130332124,0.013989854859610228,0.2309555732143903,0.18470131281221994,0.0025201104082715037,0.0006057380456292723,-0.031199179203312527,2.2997835971460456,231,0.06722926930796083,0.14092028878398402
2012-11-20 00:00:00-05:00,15.482059125377038,15.655527408910828,15.474831107904375,15.612160682678223,4883900,0.0,0.0,0.05280829015544042,6.083607,0.0016,0.098500006,0.34451,0.06216,0.356,142027210752,0.181,29.523,12943287296,0.315,0.227,0.45,0.2202793529903911,-0.018757948025446166,1.0263519566298853,1.3765822818332791,-0.2290778130332124,0.013989854859610228,0.2309555732143903,0.18470131281221994,0.0025201104082715037,0.0006057380456292723,-0.031199179203312527,2.2997835971460456,231,0.06722926930796083,0.14092028878398402
2012-11-21 00:00:00-05:00,15.63384538742577,15.677213497895531,15.547111923693349,15.604934692382812,3779400,0.0,0.0,0.05280829015544042,6.083607,0.0016,0.098500006,0.34451,0.06216,0.356,142027210752,0.181,29.523,12943287296,0.315,0.227,0.45,0.2202793529903911,-0.018757948025446166,1.0263519566298853,1.3765822818332791,-0.2290778130332124,0.013989854859610228,0.2309555732143903,0.18470131281221994,0.0025201104082715037,0.0006057380456292723,-0.031199179203312527,2.2997835971460456,231,0.06722926930796083,0.14092028878398402
2012-11-23 00:00:00-05:00,15.71334976381563,15.807312609927436,15.633842952275383,15.771172523498535,1750600,0.0,0.0,0.05280829015544042,6.083607,0.0016,0.098500006,0.34451,0.06216,0.356,142027210752,0.181,29.523,12943287296,0.315,0.227,0.45,0.2202793529903911,-0.018757948025446166,1.0263519566298853,1.3765822818332791,-0.2290778130332124,0.013989854859610228,0.2309555732143903,0.18470131281221994,0.0025201104082715037,0.0006057380456292723,-0.031199179203312527,2.2997835971460456,231,0.06722926930796083,0.14092028878398402
2012-11-26 00:00:00-05:00,15.749495595021491,15.792862335951265,15.612165973706064,15.662760734558105,2844400,0.0,0.0,0.05280829015544042,6.083607,0.0016,0.098500006,0.34451,0.06216,0.356,142027210752,0.181,29.523,12943287296,0.315,0.227,0.45,0.2202793529903911,-0.018757948025446166,1.0263519566298853,1.3765822818332791,-0.2290778130332124,0.013989854859610228,0.2309555732143903,0.18470131281221994,0.0025201104082715037,0.0006057380456292723,-0.031199179203312527,2.2997835971460456,231,0.06722926930796083,0.14092028878398402
2012-11-27 00:00:00-05:00,15.612163328619998,15.684442136993031,15.431466996989219,15.46037769317627,4710400,0.0,0.0,0.05280829015544042,6.083607,0.0016,0.098500006,0.34451,0.06216,0.356,142027210752,0.181,29.523,12943287296,0.315,0.227,0.45,0.2202793529903911,-0.018757948025446166,1.0263519566298853,1.3765822818332791,-0.2290778130332124,0.013989854859610228,0.2309555732143903,0.18470131281221994,0.0025201104082715037,0.0006057380456292723,-0.031199179203312527,2.2997835971460456,231,0.06722926930796083,0.14092028878398402
2012-11-28 00:00:00-05:00,15.373645295210045,15.460378768406896,15.250771726011422,15.453150749206543,6380900,0.0,0.0,0.05280829015544042,6.083607,0.0016,0.098500006,0.34451,0.06216,0.356,142027210752,0.181,29.523,12943287296,0.315,0.227,0.45,0.2202793529903911,-0.018757948025446166,1.0263519566298853,1.3765822818332791,-0.2290778130332124,0.013989854859610228,0.2309555732143903,0.18470131281221994,0.0025201104082715037,0.0006057380456292723,-0.031199179203312527,2.2997835971460456,231,0.06722926930796083,0.14092028878398402
2012-11-29 00:00:00-05:00,15.525427868458468,15.641073405837396,15.424238367902792,15.604934692382812,8318100,0.0,0.0,0.05280829015544042,6.083607,0.0016,0.098500006,0.34451,0.06216,0.356,142027210752,0.181,29.523,12943287296,0.315,0.227,0.45,0.2202793529903911,-0.018757948025446166,1.0263519566298853,1.3765822818332791,-0.2290778130332124,0.013989854859610228,0.2309555732143903,0.18470131281221994,0.0025201104082715037,0.0006057380456292723,-0.031199179203312527,2.2997835971460456,231,0.06722926930796083,0.14092028878398402
2012-11-30 00:00:00-05:00,15.568794551392442,15.576021190537892,15.323047462344402,15.359186172485352,5848800,0.0,0.0,0.05280829015544042,6.083607,0.0016,0.098500006,0.34451,0.06216,0.356,142027210752,0.181,29.523,12943287296,0.315,0.227,0.45,0.2202793529903911,-0.018757948025446166,1.0263519566298853,1.3765822818332791,-0.2290778130332124,0.013989854859610228,0.2309555732143903,0.18470131281221994,0.0025201104082715037,0.0006057380456292723,-0.031199179203312527,2.2997835971460456,231,0.06722926930796083,0.14092028878398402
2012-12-03 00:00:00-05:00,15.467608202930721,15.5037483022394,15.258001141355695,15.294139862060547,3956100,0.0,0.0,0.05280829015544042,6.083607,0.0016,0.098500006,0.34451,0.06216,0.356,142027210752,0.181,29.523,12943287296,0.315,0.227,0.45,0.2202793529903911,-0.018757948025446166,1.0263519566298853,1.3765822818332791,-0.2290778130332124,0.013989854859610228,0.2309555732143903,0.18470131281221994,0.0025201104082715037,0.0006057380456292723,-0.031199179203312527,2.2997835971460456,231,0.06722926930796083,0.14092028878398402
2012-12-04 00:00:00-05:00,15.323049438874017,15.453149639325193,15.272453308105469,15.272453308105469,5352900,0.0,0.0,0.05280829015544042,6.083607,0.0016,0.098500006,0.34451,0.06216,0.356,142027210752,0.181,29.523,12943287296,0.315,0.227,0.45,0.2202793529903911,-0.018757948025446166,1.0263519566298853,1.3765822818332791,-0.2290778130332124,0.013989854859610228,0.2309555732143903,0.18470131281221994,0.0025201104082715037,0.0006057380456292723,-0.031199179203312527,2.2997835971460456,231,0.06722926930796083,0.14092028878398402
2012-12-05 00:00:00-05:00,15.30859031081547,15.633842814182632,15.279678241927726,15.561565399169922,4709400,0.0,0.0,0.05280829015544042,6.083607,0.0016,0.098500006,0.34451,0.06216,0.356,142027210752,0.181,29.523,12943287296,0.315,0.227,0.45,0.2202793529903911,-0.018757948025446166,1.0263519566298853,1.3765822818332791,-0.2290778130332124,0.013989854859610228,0.2309555732143903,0.18470131281221994,0.0025201104082715037,0.0006057380456292723,-0.031199179203312527,2.2997835971460456,231,0.06722926930796083,0.14092028878398402
2012-12-06 00:00:00-05:00,15.56879323262902,15.60493193970882,15.453146337046388,15.489286422729492,4329300,0.0,0.0,0.05280829015544042,6.083607,0.0016,0.098500006,0.34451,0.06216,0.356,142027210752,0.181,29.523,12943287296,0.315,0.227,0.45,0.2202793529903911,-0.018757948025446166,1.0263519566298853,1.3765822818332791,-0.2290778130332124,0.013989854859610228,0.2309555732143903,0.18470131281221994,0.0025201104082715037,0.0006057380456292723,-0.031199179203312527,2.2997835971460456,231,0.06722926930796083,0.14092028878398402
2012-12-07 00:00:00-05:00,15.532657744923233,15.597708539805854,15.467606950040611,15.525429725646973,4277900,0.0,0.0,0.05280829015544042,6.083607,0.0016,0.098500006,0.34451,0.06216,0.356,142027210752,0.181,29.523,12943287296,0.315,0.227,0.45,0.2202793529903911,-0.018757948025446166,1.0263519566298853,1.3765822818332791,-0.2290778130332124,0.013989854859610228,0.2309555732143903,0.18470131281221994,0.0025201104082715037,0.0006057380456292723,-0.031199179203312527,2.2997835971460456,231,0.06722926930796083,0.14092028878398402
2012-12-10 00:00:00-05:00,15.48206355012895,15.735038719558606,15.46037949151369,15.655531883239746,3634000,0.0,0.0,0.05280829015544042,6.083607,0.0016,0.098500006,0.34451,0.06216,0.356,142027210752,0.181,29.523,12943287296,0.315,0.227,0.45,0.2202793529903911,-0.018757948025446166,1.0263519566298853,1.3765822818332791,-0.2290778130332124,0.013989854859610228,0.2309555732143903,0.18470131281221994,0.0025201104082715037,0.0006057380456292723,-0.031199179203312527,2.2997835971460456,231,0.06722926930796083,0.14092028878398402
2012-12-11 00:00:00-05:00,15.720582110294835,15.727810129571095,15.510973687094454,15.525429725646973,5489400,0.0,0.0,0.05280829015544042,6.083607,0.0016,0.098500006,0.34451,0.06216,0.356,142027210752,0.181,29.523,12943287296,0.315,0.227,0.45,0.2202793529903911,-0.018757948025446166,1.0263519566298853,1.3765822818332791,-0.2290778130332124,0.013989854859610228,0.2309555732143903,0.18470131281221994,0.0025201104082715037,0.0006057380456292723,-0.031199179203312527,2.2997835971460456,231,0.06722926930796083,0.14092028878398402
2012-12-12 00:00:00-05:00,15.583251848202345,15.735037489435449,15.4531502638893,15.482062339782715,5450500,0.0,0.0,0.05280829015544042,6.083607,0.0016,0.098500006,0.34451,0.06216,0.356,142027210752,0.181,29.523,12943287296,0.315,0.227,0.45,0.2202793529903911,-0.018757948025446166,1.0263519566298853,1.3765822818332791,-0.2290778130332124,0.013989854859610228,0.2309555732143903,0.18470131281221994,0.0025201104082715037,0.0006057380456292723,-0.031199179203312527,2.2997835971460456,231,0.06722926930796083,0.14092028878398402
2012-12-13 00:00:00-05:00,15.45315216320725,15.489292262515928,15.27245580247534,15.294139862060547,4111100,0.0,0.0,0.05280829015544042,6.083607,0.0016,0.098500006,0.34451,0.06216,0.356,142027210752,0.181,29.523,12943287296,0.315,0.227,0.45,0.2202793529903911,-0.018757948025446166,1.0263519566298853,1.3765822818332791,-0.2290778130332124,0.013989854859610228,0.2309555732143903,0.18470131281221994,0.0025201104082715037,0.0006057380456292723,-0.031199179203312527,2.2997835971460456,231,0.06722926930796083,0.14092028878398402
2012-12-14 00:00:00-05:00,15.308595216126273,15.330277896136506,15.149581543497817,15.171265602111816,4204400,0.0,0.0,0.05280829015544042,6.083607,0.0016,0.098500006,0.34451,0.06216,0.356,142027210752,0.181,29.523,12943287296,0.315,0.227,0.45,0.2202793529903911,-0.018757948025446166,1.0263519566298853,1.3765822818332791,-0.2290778130332124,0.013989854859610228,0.2309555732143903,0.18470131281221994,0.0025201104082715037,0.0006057380456292723,-0.031199179203312527,2.2997835971460456,231,0.06722926930796083,0.14092028878398402
2012-12-17 00:00:00-05:00,15.229090985210222,15.380876664268223,15.200180280715935,15.373648643493652,5608600,0.0,0.0,0.05280829015544042,6.083607,0.0016,0.098500006,0.34451,0.06216,0.356,142027210752,0.181,29.523,12943287296,0.315,0.227,0.45,0.2202793529903911,-0.018757948025446166,1.0263519566298853,1.3765822818332791,-0.2290778130332124,0.013989854859610228,0.2309555732143903,0.18470131281221994,0.0025201104082715037,0.0006057380456292723,-0.031199179203312527,2.2997835971460456,231,0.06722926930796083,0.14092028878398402
2012-12-18 00:00:00-05:00,15.3736387774276,15.532650996609737,15.32304404307888,15.503740310668945,16281600,0.0,0.0,0.05280829015544042,6.083607,0.0016,0.098500006,0.34451,0.06216,0.356,142027210752,0.181,29.523,12943287296,0.315,0.227,0.45,0.2202793529903911,-0.018757948025446166,1.0263519566298853,1.3765822818332791,-0.2290778130332124,0.013989854859610228,0.2309555732143903,0.18470131281221994,0.0025201104082715037,0.0006057380456292723,-0.031199179203312527,2.2997835971460456,231,0.06722926930796083,0.14092028878398402
2012-12-19 00:00:00-05:00,15.51097244545631,15.626619366015325,15.431466996989219,15.46037769317627,6036400,0.0,0.0,0.05280829015544042,6.083607,0.0016,0.098500006,0.34451,0.06216,0.356,142027210752,0.181,29.523,12943287296,0.315,0.227,0.45,0.2202793529903911,-0.018757948025446166,1.0263519566298853,1.3765822818332791,-0.2290778130332124,0.013989854859610228,0.2309555732143903,0.18470131281221994,0.0025201104082715037,0.0006057380456292723,-0.031199179203312527,2.2997835971460456,231,0.06722926930796083,0.14092028878398402
2012-12-20 00:00:00-05:00,15.445923787677907,15.57602399476999,15.373644975779857,15.554341316223145,5092100,0.0,0.0,0.05280829015544042,6.083607,0.0016,0.098500006,0.34451,0.06216,0.356,142027210752,0.181,29.523,12943287296,0.315,0.227,0.45,0.2202793529903911,-0.018757948025446166,1.0263519566298853,1.3765822818332791,-0.2290778130332124,0.013989854859610228,0.2309555732143903,0.18470131281221994,0.0025201104082715037,0.0006057380456292723,-0.031199179203312527,2.2997835971460456,231,0.06722926930796083,0.14092028878398402
2012-12-21 00:00:00-05:00,15.424238090348572,15.60493441157702,15.221857714275442,15.32304859161377,6695500,0.0,0.0,0.05280829015544042,6.083607,0.0016,0.098500006,0.34451,0.06216,0.356,142027210752,0.181,29.523,12943287296,0.315,0.227,0.45,0.2202793529903911,-0.018757948025446166,1.0263519566298853,1.3765822818332791,-0.2290778130332124,0.013989854859610228,0.2309555732143903,0.18470131281221994,0.0025201104082715037,0.0006057380456292723,-0.031199179203312527,2.2997835971460456,231,0.06722926930796083,0.14092028878398402
2012-12-24 00:00:00-05:00,15.257995971776037,15.388097527999763,15.214627867299223,15.34472942352295,1148600,0.0,0.0,0.05280829015544042,6.083607,0.0016,0.098500006,0.34451,0.06216,0.356,142027210752,0.181,29.523,12943287296,0.315,0.227,0.45,0.2202793529903911,-0.018757948025446166,1.0263519566298853,1.3765822818332791,-0.2290778130332124,0.013989854859610228,0.2309555732143903,0.18470131281221994,0.0025201104082715037,0.0006057380456292723,-0.031199179203312527,2.2997835971460456,231,0.06722926930796083,0.14092028878398402
2012-12-26 00:00:00-05:00,15.359188443354485,15.395327158838574,15.28690963378268,15.337504386901855,2548600,0.0,0.0,0.05280829015544042,6.083607,0.0016,0.098500006,0.34451,0.06216,0.356,142027210752,0.181,29.523,12943287296,0.315,0.227,0.45,0.2202793529903911,-0.018757948025446166,1.0263519566298853,1.3765822818332791,-0.2290778130332124,0.013989854859610228,0.2309555732143903,0.18470131281221994,0.0025201104082715037,0.0006057380456292723,-0.031199179203312527,2.2997835971460456,231,0.06722926930796083,0.14092028878398402
2012-12-27 00:00:00-05:00,15.330276213536482,15.330276213536482,15.041162356767506,15.156807899475098,3529100,0.0,0.0,0.05280829015544042,6.083607,0.0016,0.098500006,0.34451,0.06216,0.356,142027210752,0.181,29.523,12943287296,0.315,0.227,0.45,0.2202793529903911,-0.018757948025446166,1.0263519566298853,1.3765822818332791,-0.2290778130332124,0.013989854859610228,0.2309555732143903,0.18470131281221994,0.0025201104082715037,0.0006057380456292723,-0.031199179203312527,2.2997835971460456,231,0.06722926930796083,0.14092028878398402
2012-12-28 00:00:00-05:00,15.084528209395934,15.178489681792962,15.033932085763094,15.070072174072266,2220500,0.0,0.0,0.05280829015544042,6.083607,0.0016,0.098500006,0.34451,0.06216,0.356,142027210752,0.181,29.523,12943287296,0.315,0.227,0.45,0.2202793529903911,-0.018757948025446166,1.0263519566298853,1.3765822818332791,-0.2290778130332124,0.013989854859610228,0.2309555732143903,0.18470131281221994,0.0025201104082715037,0.0006057380456292723,-0.031199179203312527,2.2997835971460456,231,0.06722926930796083,0.14092028878398402
2012-12-31 00:00:00-05:00,15.03393508521567,15.257999541625885,14.954429632280007,15.250771522521973,4025100,0.0,0.0,0.05280829015544042,6.083607,0.0016,0.098500006,0.34451,0.06216,0.356,142027210752,0.181,29.523,12943287296,0.315,0.227,0.45,0.2202793529903911,-0.018757948025446166,1.0263519566298853,1.3765822818332791,-0.2290778130332124,0.013989854859610228,0.2309555732143903,0.18470131281221994,0.0025201104082715037,0.0006057380456292723,-0.031199179203312527,2.2997835971460456,231,0.06722926930796083,0.14092028878398402
2013-01-02 00:00:00-05:00,15.503743474619707,15.67721176147461,15.438692694723693,15.67721176147461,16179600,0.0,0.0,0.05280829015544042,6.083607,0.0016,0.098500006,0.34451,0.06216,0.356,142027210752,0.181,29.523,12943287296,0.315,0.227,0.45,0.2202793529903911,-0.018757948025446166,1.0263519566298853,1.3765822818332791,-0.2290778130332124,0.013989854859610228,0.2309555732143903,0.18470131281221994,0.0025201104082715037,0.0006057380456292723,-0.031199179203312527,2.2997835971460456,231,0.06722926930796083,0.14092028878398402
2013-01-03 00:00:00-05:00,15.69166877259813,15.98078400600755,15.604935305458186,15.922961235046387,5517100,0.0,0.0,0.05280829015544042,6.083607,0.0016,0.098500006,0.34451,0.06216,0.356,142027210752,0.181,29.523,12943287296,0.315,0.227,0.45,0.2202793529903911,-0.018757948025446166,1.0263519566298853,1.3765822818332791,-0.2290778130332124,0.013989854859610228,0.2309555732143903,0.18470131281221994,0.0025201104082715037,0.0006057380456292723,-0.031199179203312527,2.2997835971460456,231,0.06722926930796083,0.14092028878398402
2013-01-04 00:00:00-05:00,15.922965282548482,16.118116322521132,15.908509241482669,16.096433639526367,3785900,0.0,0.0,0.05280829015544042,6.083607,0.0016,0.098500006,0.34451,0.06216,0.356,142027210752,0.181,29.523,12943287296,0.315,0.227,0.45,0.2202793529903911,-0.018757948025446166,1.0263519566298853,1.3765822818332791,-0.2290778130332124,0.013989854859610228,0.2309555732143903,0.18470131281221994,0.0025201104082715037,0.0006057380456292723,-0.031199179203312527,2.2997835971460456,231,0.06722926930796083,0.14092028878398402
2013-01-07 00:00:00-05:00,16.01691996349026,16.07474272449695,15.80731297181727,15.915730476379395,3145700,0.0,0.0,0.05280829015544042,6.083607,0.0016,0.098500006,0.34451,0.06216,0.356,142027210752,0.181,29.523,12943287296,0.315,0.227,0.45,0.2202793529903911,-0.018757948025446166,1.0263519566298853,1.3765822818332791,-0.2290778130332124,0.013989854859610228,0.2309555732143903,0.18470131281221994,0.0025201104082715037,0.0006057380456292723,-0.031199179203312527,2.2997835971460456,231,0.06722926930796083,0.14092028878398402
2013-01-08 00:00:00-05:00,15.886820793151855,15.959099599919053,15.828998023458814,15.886820793151855,2396900,0.0,0.0,0.05280829015544042,6.083607,0.0016,0.098500006,0.34451,0.06216,0.356,142027210752,0.181,29.523,12943287296,0.315,0.227,0.45,0.2202793529903911,-0.018757948025446166,1.0263519566298853,1.3765822818332791,-0.2290778130332124,0.013989854859610228,0.2309555732143903,0.18470131281221994,0.0025201104082715037,0.0006057380456292723,-0.031199179203312527,2.2997835971460456,231,0.06722926930796083,0.14092028878398402
2013-01-09 00:00:00-05:00,15.886820551585599,16.0386061813491,15.850681838053292,15.901276588439941,1827800,0.0,0.0,0.05280829015544042,6.083607,0.0016,0.098500006,0.34451,0.06216,0.356,142027210752,0.181,29.523,12943287296,0.315,0.227,0.45,0.2202793529903911,-0.018757948025446166,1.0263519566298853,1.3765822818332791,-0.2290778130332124,0.013989854859610228,0.2309555732143903,0.18470131281221994,0.0025201104082715037,0.0006057380456292723,-0.031199179203312527,2.2997835971460456,231,0.06722926930796083,0.14092028878398402
2013-01-10 00:00:00-05:00,15.980786630175913,16.17593765258789,15.944646530763452,16.17593765258789,10668700,0.0,0.0,0.05280829015544042,6.083607,0.0016,0.098500006,0.34451,0.06216,0.356,142027210752,0.181,29.523,12943287296,0.315,0.227,0.45,0.2202793529903911,-0.018757948025446166,1.0263519566298853,1.3765822818332791,-0.2290778130332124,0.013989854859610228,0.2309555732143903,0.18470131281221994,0.0025201104082715037,0.0006057380456292723,-0.031199179203312527,2.2997835971460456,231,0.06722926930796083,0.14092028878398402
2013-01-11 00:00:00-05:00,16.233759538615228,16.25544359706798,16.11811398407471,16.14702606201172,10371400,0.0,0.0,0.05280829015544042,6.083607,0.0016,0.098500006,0.34451,0.06216,0.356,142027210752,0.181,29.523,12943287296,0.315,0.227,0.45,0.2202793529903911,-0.018757948025446166,1.0263519566298853,1.3765822818332791,-0.2290778130332124,0.013989854859610228,0.2309555732143903,0.18470131281221994,0.0025201104082715037,0.0006057380456292723,-0.031199179203312527,2.2997835971460456,231,0.06722926930796083,0.14092028878398402
2013-01-14 00:00:00-05:00,16.1397986599372,16.349407097187566,16.081975880454998,16.298810958862305,11352900,0.0,0.0,0.05280829015544042,6.083607,0.0016,0.098500006,0.34451,0.06216,0.356,142027210752,0.181,29.523,12943287296,0.315,0.227,0.45,0.2202793529903911,-0.018757948025446166,1.0263519566298853,1.3765822818332791,-0.2290778130332124,0.013989854859610228,0.2309555732143903,0.18470131281221994,0.0025201104082715037,0.0006057380456292723,-0.031199179203312527,2.2997835971460456,231,0.06722926930796083,0.14092028878398402
2013-01-15 00:00:00-05:00,16.21930943400807,16.385549793028986,16.197625369464593,16.37109375,2927200,0.0,0.0,0.05280829015544042,6.083607,0.0016,0.098500006,0.34451,0.06216,0.356,142027210752,0.181,29.523,12943287296,0.315,0.227,0.45,0.2202793529903911,-0.018757948025446166,1.0263519566298853,1.3765822818332791,-0.2290778130332124,0.013989854859610228,0.2309555732143903,0.18470131281221994,0.0025201104082715037,0.0006057380456292723,-0.031199179203312527,2.2997835971460456,231,0.06722926930796083,0.14092028878398402
2013-01-16 00:00:00-05:00,16.277127791230637,16.421684046309636,16.219305013478284,16.327722549438477,3264100,0.0,0.0,0.05280829015544042,6.083607,0.0016,0.098500006,0.34451,0.06216,0.356,142027210752,0.181,29.523,12943287296,0.315,0.227,0.45,0.2202793529903911,-0.018757948025446166,1.0263519566298853,1.3765822818332791,-0.2290778130332124,0.013989854859610228,0.2309555732143903,0.18470131281221994,0.0025201104082715037,0.0006057380456292723,-0.031199179203312527,2.2997835971460456,231,0.06722926930796083,0.14092028878398402
2013-01-17 00:00:00-05:00,16.269898700394606,16.42891098409247,16.147025133435996,16.334949493408203,4064900,0.0,0.0,0.05280829015544042,6.083607,0.0016,0.098500006,0.34451,0.06216,0.356,142027210752,0.181,29.523,12943287296,0.315,0.227,0.45,0.2202793529903911,-0.018757948025446166,1.0263519566298853,1.3765822818332791,-0.2290778130332124,0.013989854859610228,0.2309555732143903,0.18470131281221994,0.0025201104082715037,0.0006057380456292723,-0.031199179203312527,2.2997835971460456,231,0.06722926930796083,0.14092028878398402
2013-01-18 00:00:00-05:00,16.306038708090977,16.42891228477755,15.843456479908019,16.42168426513672,5789400,0.0,0.0,0.05280829015544042,6.083607,0.0016,0.098500006,0.34451,0.06216,0.356,142027210752,0.181,29.523,12943287296,0.315,0.227,0.45,0.2202793529903911,-0.018757948025446166,1.0263519566298853,1.3765822818332791,-0.2290778130332124,0.013989854859610228,0.2309555732143903,0.18470131281221994,0.0025201104082715037,0.0006057380456292723,-0.031199179203312527,2.2997835971460456,231,0.06722926930796083,0.14092028878398402
2013-01-22 00:00:00-05:00,16.385544555373112,16.58792495727539,16.356632478556914,16.58792495727539,5266300,0.0,0.0,0.05280829015544042,6.083607,0.0016,0.098500006,0.34451,0.06216,0.356,142027210752,0.181,29.523,12943287296,0.315,0.227,0.45,0.2202793529903911,-0.018757948025446166,1.0263519566298853,1.3765822818332791,-0.2290778130332124,0.013989854859610228,0.2309555732143903,0.18470131281221994,0.0025201104082715037,0.0006057380456292723,-0.031199179203312527,2.2997835971460456,231,0.06722926930796083,0.14092028878398402
2013-01-23 00:00:00-05:00,16.635492127279942,16.642811033227375,16.350061775023004,16.55498695373535,4413800,0.285,0.0,0.05280829015544042,6.083607,0.0016,0.098500006,0.34451,0.06216,0.356,142027210752,0.181,29.523,12943287296,0.315,0.227,0.45,0.2202793529903911,-0.018757948025446166,1.0263519566298853,1.3765822818332791,-0.2290778130332124,0.013989854859610228,0.2309555732143903,0.18470131281221994,0.0025201104082715037,0.0006057380456292723,-0.031199179203312527,2.2997835971460456,231,0.06722926930796083,0.14092028878398402
2013-01-24 00:00:00-05:00,16.59157793820244,16.72331543631331,16.53302809414632,16.584259033203125,3540700,0.0,0.0,0.05280829015544042,6.083607,0.0016,0.098500006,0.34451,0.06216,0.356,142027210752,0.181,29.523,12943287296,0.315,0.227,0.45,0.2202793529903911,-0.018757948025446166,1.0263519566298853,1.3765822818332791,-0.2290778130332124,0.013989854859610228,0.2309555732143903,0.18470131281221994,0.0025201104082715037,0.0006057380456292723,-0.031199179203312527,2.2997835971460456,231,0.06722926930796083,0.14092028878398402
2013-01-25 00:00:00-05:00,16.591581075973266,16.613537795123626,16.44520574018152,16.562305450439453,3031400,0.0,0.0,0.05280829015544042,6.083607,0.0016,0.098500006,0.34451,0.06216,0.356,142027210752,0.181,29.523,12943287296,0.315,0.227,0.45,0.2202793529903911,-0.018757948025446166,1.0263519566298853,1.3765822818332791,-0.2290778130332124,0.013989854859610228,0.2309555732143903,0.18470131281221994,0.0025201104082715037,0.0006057380456292723,-0.031199179203312527,2.2997835971460456,231,0.06722926930796083,0.14092028878398402
2013-01-28 00:00:00-05:00,16.54034582831996,16.576938954787853,16.42324614849674,16.4525203704834,2479400,0.0,0.0,0.05280829015544042,6.083607,0.0016,0.098500006,0.34451,0.06216,0.356,142027210752,0.181,29.523,12943287296,0.315,0.227,0.45,0.2202793529903911,-0.018757948025446166,1.0263519566298853,1.3765822818332791,-0.2290778130332124,0.013989854859610228,0.2309555732143903,0.18470131281221994,0.0025201104082715037,0.0006057380456292723,-0.031199179203312527,2.2997835971460456,231,0.06722926930796083,0.14092028878398402
2013-01-29 00:00:00-05:00,16.43788813465984,16.540351436198268,16.342745136022838,16.489120483398438,4119000,0.0,0.0,0.05280829015544042,6.083607,0.0016,0.098500006,0.34451,0.06216,0.356,142027210752,0.181,29.523,12943287296,0.315,0.227,0.45,0.2202793529903911,-0.018757948025446166,1.0263519566298853,1.3765822818332791,-0.2290778130332124,0.013989854859610228,0.2309555732143903,0.18470131281221994,0.0025201104082715037,0.0006057380456292723,-0.031199179203312527,2.2997835971460456,231,0.06722926930796083,0.14092028878398402
2013-01-30 00:00:00-05:00,16.511071029580435,16.562301967552592,16.41592805848048,16.437883377075195,3983700,0.0,0.0,0.05280829015544042,6.083607,0.0016,0.098500006,0.34451,0.06216,0.356,142027210752,0.181,29.523,12943287296,0.315,0.227,0.45,0.2202793529903911,-0.018757948025446166,1.0263519566298853,1.3765822818332791,-0.2290778130332124,0.013989854859610228,0.2309555732143903,0.18470131281221994,0.0025201104082715037,0.0006057380456292723,-0.031199179203312527,2.2997835971460456,231,0.06722926930796083,0.14092028878398402
2013-01-31 00:00:00-05:00,16.4598445892334,16.525713354892808,16.39397582357399,16.4598445892334,3800200,0.0,0.0,0.05280829015544042,6.083607,0.0016,0.098500006,0.34451,0.06216,0.356,142027210752,0.181,29.523,12943287296,0.315,0.227,0.45,0.2202793529903911,-0.018757948025446166,1.0263519566298853,1.3765822818332791,-0.2290778130332124,0.013989854859610228,0.2309555732143903,0.18470131281221994,0.0025201104082715037,0.0006057380456292723,-0.031199179203312527,2.2997835971460456,231,0.06722926930796083,0.14092028878398402
2013-02-01 00:00:00-05:00,16.55498589701689,16.65744778186355,16.503753558655077,16.59889793395996,4859100,0.0,0.0,0.05280829015544042,6.083607,0.0016,0.098500006,0.34451,0.06216,0.356,142027210752,0.181,29.523,12943287296,0.315,0.227,0.45,0.2202793529903911,-0.018757948025446166,1.0263519566298853,1.3765822818332791,-0.2290778130332124,0.013989854859610228,0.2309555732143903,0.18470131281221994,0.0025201104082715037,0.0006057380456292723,-0.031199179203312527,2.2997835971460456,231,0.06722926930796083,0.14092028878398402
2013-02-04 00:00:00-05:00,16.503753558655077,16.635491065422773,16.48911714363304,16.59889793395996,5381400,0.0,0.0,0.05280829015544042,6.083607,0.0016,0.098500006,0.34451,0.06216,0.356,142027210752,0.181,29.523,12943287296,0.315,0.227,0.45,0.2202793529903911,-0.018757948025446166,1.0263519566298853,1.3765822818332791,-0.2290778130332124,0.013989854859610228,0.2309555732143903,0.18470131281221994,0.0025201104082715037,0.0006057380456292723,-0.031199179203312527,2.2997835971460456,231,0.06722926930796083,0.14092028878398402
2013-02-05 00:00:00-05:00,16.65013343129099,16.81846411557102,16.56962684492277,16.7965087890625,3954200,0.0,0.0,0.05280829015544042,6.083607,0.0016,0.098500006,0.34451,0.06216,0.356,142027210752,0.181,29.523,12943287296,0.315,0.227,0.45,0.2202793529903911,-0.018757948025446166,1.0263519566298853,1.3765822818332791,-0.2290778130332124,0.013989854859610228,0.2309555732143903,0.18470131281221994,0.0025201104082715037,0.0006057380456292723,-0.031199179203312527,2.2997835971460456,231,0.06722926930796083,0.14092028878398402
2013-02-06 00:00:00-05:00,16.708686440611686,17.023392541906457,16.59890559958631,16.950204849243164,11523800,0.0,0.0,0.05280829015544042,6.083607,0.0016,0.098500006,0.34451,0.06216,0.356,142027210752,0.181,29.523,12943287296,0.315,0.227,0.45,0.2202793529903911,-0.018757948025446166,1.0263519566298853,1.3765822818332791,-0.2290778130332124,0.013989854859610228,0.2309555732143903,0.18470131281221994,0.0025201104082715037,0.0006057380456292723,-0.031199179203312527,2.2997835971460456,231,0.06722926930796083,0.14092028878398402
2013-02-07 00:00:00-05:00,17.016068157950166,17.0453437839714,16.833099683133497,16.979475021362305,4607500,0.0,0.0,0.05280829015544042,6.083607,0.0016,0.098500006,0.34451,0.06216,0.356,142027210752,0.181,29.523,12943287296,0.315,0.227,0.45,0.2202793529903911,-0.018757948025446166,1.0263519566298853,1.3765822818332791,-0.2290778130332124,0.013989854859610228,0.2309555732143903,0.18470131281221994,0.0025201104082715037,0.0006057380456292723,-0.031199179203312527,2.2997835971460456,231,0.06722926930796083,0.14092028878398402
2013-02-08 00:00:00-05:00,16.98679638309571,17.155128479003906,16.840422407620363,17.155128479003906,4226900,0.0,0.0,0.05280829015544042,6.083607,0.0016,0.098500006,0.34451,0.06216,0.356,142027210752,0.181,29.523,12943287296,0.315,0.227,0.45,0.2202793529903911,-0.018757948025446166,1.0263519566298853,1.3765822818332791,-0.2290778130332124,0.013989854859610228,0.2309555732143903,0.18470131281221994,0.0025201104082715037,0.0006057380456292723,-0.031199179203312527,2.2997835971460456,231,0.06722926930796083,0.14092028878398402
2013-02-11 00:00:00-05:00,17.21367620637643,17.264907161214765,17.096576482192006,17.242950439453125,3518600,0.0,0.0,0.05280829015544042,6.083607,0.0016,0.098500006,0.34451,0.06216,0.356,142027210752,0.181,29.523,12943287296,0.315,0.227,0.45,0.2202793529903911,-0.018757948025446166,1.0263519566298853,1.3765822818332791,-0.2290778130332124,0.013989854859610228,0.2309555732143903,0.18470131281221994,0.0025201104082715037,0.0006057380456292723,-0.031199179203312527,2.2997835971460456,231,0.06722926930796083,0.14092028878398402
2013-02-12 00:00:00-05:00,17.213676912944738,17.38932650643125,17.162445956003534,17.382007598876953,3048100,0.0,0.0,0.05280829015544042,6.083607,0.0016,0.098500006,0.34451,0.06216,0.356,142027210752,0.181,29.523,12943287296,0.315,0.227,0.45,0.2202793529903911,-0.018757948025446166,1.0263519566298853,1.3765822818332791,-0.2290778130332124,0.013989854859610228,0.2309555732143903,0.18470131281221994,0.0025201104082715037,0.0006057380456292723,-0.031199179203312527,2.2997835971460456,231,0.06722926930796083,0.14092028878398402
2013-02-13 00:00:00-05:00,17.38932030169213,17.923587799072266,17.279539519426653,17.923587799072266,7818200,0.0,0.0,0.05280829015544042,6.083607,0.0016,0.098500006,0.34451,0.06216,0.356,142027210752,0.181,29.523,12943287296,0.315,0.227,0.45,0.2202793529903911,-0.018757948025446166,1.0263519566298853,1.3765822818332791,-0.2290778130332124,0.013989854859610228,0.2309555732143903,0.18470131281221994,0.0025201104082715037,0.0006057380456292723,-0.031199179203312527,2.2997835971460456,231,0.06722926930796083,0.14092028878398402
2013-02-14 00:00:00-05:00,17.843083365075778,17.92358993309366,17.46251003430613,17.564971923828125,9200800,0.0,0.0,0.05280829015544042,6.083607,0.0016,0.098500006,0.34451,0.06216,0.356,142027210752,0.181,29.523,12943287296,0.315,0.227,0.45,0.2202793529903911,-0.018757948025446166,1.0263519566298853,1.3765822818332791,-0.2290778130332124,0.013989854859610228,0.2309555732143903,0.18470131281221994,0.0025201104082715037,0.0006057380456292723,-0.031199179203312527,2.2997835971460456,231,0.06722926930796083,0.14092028878398402
2013-02-15 00:00:00-05:00,17.58693316666717,17.806494813836288,17.55033862817971,17.70403289794922,5907200,0.0,0.0,0.05280829015544042,6.083607,0.0016,0.098500006,0.34451,0.06216,0.356,142027210752,0.181,29.523,12943287296,0.315,0.227,0.45,0.2202793529903911,-0.018757948025446166,1.0263519566298853,1.3765822818332791,-0.2290778130332124,0.013989854859610228,0.2309555732143903,0.18470131281221994,0.0025201104082715037,0.0006057380456292723,-0.031199179203312527,2.2997835971460456,231,0.06722926930796083,0.14092028878398402
2013-02-19 00:00:00-05:00,17.711345139484127,17.945544513900714,17.68938842465568,17.923587799072266,3340200,0.0,0.0,0.05280829015544042,6.083607,0.0016,0.098500006,0.34451,0.06216,0.356,142027210752,0.181,29.523,12943287296,0.315,0.227,0.45,0.2202793529903911,-0.018757948025446166,1.0263519566298853,1.3765822818332791,-0.2290778130332124,0.013989854859610228,0.2309555732143903,0.18470131281221994,0.0025201104082715037,0.0006057380456292723,-0.031199179203312527,2.2997835971460456,231,0.06722926930796083,0.14092028878398402
2013-02-20 00:00:00-05:00,17.872361849586753,18.018737197427857,17.711350083712556,17.784536361694336,3909400,0.0,0.0,0.05280829015544042,6.083607,0.0016,0.098500006,0.34451,0.06216,0.356,142027210752,0.181,29.523,12943287296,0.315,0.227,0.45,0.2202793529903911,-0.018757948025446166,1.0263519566298853,1.3765822818332791,-0.2290778130332124,0.013989854859610228,0.2309555732143903,0.18470131281221994,0.0025201104082715037,0.0006057380456292723,-0.031199179203312527,2.2997835971460456,231,0.06722926930796083,0.14092028878398402
2013-02-21 00:00:00-05:00,17.740619767553387,18.04800680246385,17.674751017505546,17.916269302368164,4118000,0.0,0.0,0.05280829015544042,6.083607,0.0016,0.098500006,0.34451,0.06216,0.356,142027210752,0.181,29.523,12943287296,0.315,0.227,0.45,0.2202793529903911,-0.018757948025446166,1.0263519566298853,1.3765822818332791,-0.2290778130332124,0.013989854859610228,0.2309555732143903,0.18470131281221994,0.0025201104082715037,0.0006057380456292723,-0.031199179203312527,2.2997835971460456,231,0.06722926930796083,0.14092028878398402
2013-02-22 00:00:00-05:00,17.99678166215052,18.09924357482652,17.945550705812522,18.0919246673584,2724600,0.0,0.0,0.05280829015544042,6.083607,0.0016,0.098500006,0.34451,0.06216,0.356,142027210752,0.181,29.523,12943287296,0.315,0.227,0.45,0.2202793529903911,-0.018757948025446166,1.0263519566298853,1.3765822818332791,-0.2290778130332124,0.013989854859610228,0.2309555732143903,0.18470131281221994,0.0025201104082715037,0.0006057380456292723,-0.031199179203312527,2.2997835971460456,231,0.06722926930796083,0.14092028878398402
2013-02-25 00:00:00-05:00,18.091921450910583,18.223658970038297,17.5942483950061,17.608884811401367,4891000,0.0,0.0,0.05280829015544042,6.083607,0.0016,0.098500006,0.34451,0.06216,0.356,142027210752,0.181,29.523,12943287296,0.315,0.227,0.45,0.2202793529903911,-0.018757948025446166,1.0263519566298853,1.3765822818332791,-0.2290778130332124,0.013989854859610228,0.2309555732143903,0.18470131281221994,0.0025201104082715037,0.0006057380456292723,-0.031199179203312527,2.2997835971460456,231,0.06722926930796083,0.14092028878398402
2013-02-26 00:00:00-05:00,17.682074455768827,17.85772403561489,17.638162409792006,17.784536361694336,2696300,0.0,0.0,0.05280829015544042,6.083607,0.0016,0.098500006,0.34451,0.06216,0.356,142027210752,0.181,29.523,12943287296,0.315,0.227,0.45,0.2202793529903911,-0.018757948025446166,1.0263519566298853,1.3765822818332791,-0.2290778130332124,0.013989854859610228,0.2309555732143903,0.18470131281221994,0.0025201104082715037,0.0006057380456292723,-0.031199179203312527,2.2997835971460456,231,0.06722926930796083,0.14092028878398402
2013-02-27 00:00:00-05:00,17.813812559463965,17.99678105214873,17.747943790422344,17.960187911987305,3032700,0.0,0.0,0.05280829015544042,6.083607,0.0016,0.098500006,0.34451,0.06216,0.356,142027210752,0.181,29.523,12943287296,0.315,0.227,0.45,0.2202793529903911,-0.018757948025446166,1.0263519566298853,1.3765822818332791,-0.2290778130332124,0.013989854859610228,0.2309555732143903,0.18470131281221994,0.0025201104082715037,0.0006057380456292723,-0.031199179203312527,2.2997835971460456,231,0.06722926930796083,0.14092028878398402
2013-02-28 00:00:00-05:00,17.996777991536554,18.04069003145015,17.828447341918945,17.828447341918945,3517300,0.0,0.0,0.05280829015544042,6.083607,0.0016,0.098500006,0.34451,0.06216,0.356,142027210752,0.181,29.523,12943287296,0.315,0.227,0.45,0.2202793529903911,-0.018757948025446166,1.0263519566298853,1.3765822818332791,-0.2290778130332124,0.013989854859610228,0.2309555732143903,0.18470131281221994,0.0025201104082715037,0.0006057380456292723,-0.031199179203312527,2.2997835971460456,231,0.06722926930796083,0.14092028878398402
2013-03-01 00:00:00-05:00,17.777219136372054,17.879681043944387,17.638162693281892,17.87236213684082,2918100,0.0,0.0,0.05280829015544042,6.083607,0.0016,0.098500006,0.34451,0.06216,0.356,142027210752,0.181,29.523,12943287296,0.315,0.227,0.45,0.2202793529903911,-0.018757948025446166,1.0263519566298853,1.3765822818332791,-0.2290778130332124,0.013989854859610228,0.2309555732143903,0.18470131281221994,0.0025201104082715037,0.0006057380456292723,-0.031199179203312527,2.2997835971460456,231,0.06722926930796083,0.14092028878398402
2013-03-04 00:00:00-05:00,17.86504623020607,17.945552825927734,17.718670855428318,17.945552825927734,3412500,0.0,0.0,0.05280829015544042,6.083607,0.0016,0.098500006,0.34451,0.06216,0.356,142027210752,0.181,29.523,12943287296,0.315,0.227,0.45,0.2202793529903911,-0.018757948025446166,1.0263519566298853,1.3765822818332791,-0.2290778130332124,0.013989854859610228,0.2309555732143903,0.18470131281221994,0.0025201104082715037,0.0006057380456292723,-0.031199179203312527,2.2997835971460456,231,0.06722926930796083,0.14092028878398402
2013-03-05 00:00:00-05:00,18.018736052108935,18.165109994707347,17.93091056979894,18.040691375732422,2528000,0.0,0.0,0.05280829015544042,6.083607,0.0016,0.098500006,0.34451,0.06216,0.356,142027210752,0.181,29.523,12943287296,0.315,0.227,0.45,0.2202793529903911,-0.018757948025446166,1.0263519566298853,1.3765822818332791,-0.2290778130332124,0.013989854859610228,0.2309555732143903,0.18470131281221994,0.0025201104082715037,0.0006057380456292723,-0.031199179203312527,2.2997835971460456,231,0.06722926930796083,0.14092028878398402
2013-03-06 00:00:00-05:00,18.121197566148123,18.194385233860228,18.062647711166168,18.10655975341797,1978600,0.0,0.0,0.05280829015544042,6.083607,0.0016,0.098500006,0.34451,0.06216,0.356,142027210752,0.181,29.523,12943287296,0.315,0.227,0.45,0.2202793529903911,-0.018757948025446166,1.0263519566298853,1.3765822818332791,-0.2290778130332124,0.013989854859610228,0.2309555732143903,0.18470131281221994,0.0025201104082715037,0.0006057380456292723,-0.031199179203312527,2.2997835971460456,231,0.06722926930796083,0.14092028878398402
2013-03-07 00:00:00-05:00,18.165112363289943,18.230981134626518,18.069969357992036,18.150474548339844,2411800,0.0,0.0,0.05280829015544042,6.083607,0.0016,0.098500006,0.34451,0.06216,0.356,142027210752,0.181,29.523,12943287296,0.315,0.227,0.45,0.2202793529903911,-0.018757948025446166,1.0263519566298853,1.3765822818332791,-0.2290778130332124,0.013989854859610228,0.2309555732143903,0.18470131281221994,0.0025201104082715037,0.0006057380456292723,-0.031199179203312527,2.2997835971460456,231,0.06722926930796083,0.14092028878398402
2013-03-08 00:00:00-05:00,18.18706935008632,18.216343584473186,18.091924947466506,18.179750442504883,1549800,0.0,0.0,0.05280829015544042,6.083607,0.0016,0.098500006,0.34451,0.06216,0.356,142027210752,0.181,29.523,12943287296,0.315,0.227,0.45,0.2202793529903911,-0.018757948025446166,1.0263519566298853,1.3765822818332791,-0.2290778130332124,0.013989854859610228,0.2309555732143903,0.18470131281221994,0.0025201104082715037,0.0006057380456292723,-0.031199179203312527,2.2997835971460456,231,0.06722926930796083,0.14092028878398402
2013-03-11 00:00:00-04:00,18.15047482836961,18.274893465487274,18.091924963604765,18.238300323486328,2088100,0.0,0.0,0.05280829015544042,6.083607,0.0016,0.098500006,0.34451,0.06216,0.356,142027210752,0.181,29.523,12943287296,0.315,0.227,0.45,0.2202793529903911,-0.018757948025446166,1.0263519566298853,1.3765822818332791,-0.2290778130332124,0.013989854859610228,0.2309555732143903,0.18470131281221994,0.0025201104082715037,0.0006057380456292723,-0.031199179203312527,2.2997835971460456,231,0.06722926930796083,0.14092028878398402
2013-03-12 00:00:00-04:00,18.223657608032227,18.282207457053225,18.143152438089928,18.223657608032227,3371900,0.0,0.0,0.05280829015544042,6.083607,0.0016,0.098500006,0.34451,0.06216,0.356,142027210752,0.181,29.523,12943287296,0.315,0.227,0.45,0.2202793529903911,-0.018757948025446166,1.0263519566298853,1.3765822818332791,-0.2290778130332124,0.013989854859610228,0.2309555732143903,0.18470131281221994,0.0025201104082715037,0.0006057380456292723,-0.031199179203312527,2.2997835971460456,231,0.06722926930796083,0.14092028878398402
2013-03-13 00:00:00-04:00,18.267575043062976,18.574962190226962,18.004101342593074,18.523731231689453,4338200,0.0,0.0,0.05280829015544042,6.083607,0.0016,0.098500006,0.34451,0.06216,0.356,142027210752,0.181,29.523,12943287296,0.315,0.227,0.45,0.2202793529903911,-0.018757948025446166,1.0263519566298853,1.3765822818332791,-0.2290778130332124,0.013989854859610228,0.2309555732143903,0.18470131281221994,0.0025201104082715037,0.0006057380456292723,-0.031199179203312527,2.2997835971460456,231,0.06722926930796083,0.14092028878398402
2013-03-14 00:00:00-04:00,18.311485148869778,18.57495880126953,18.304166242422745,18.57495880126953,6251900,0.0,0.0,0.05280829015544042,6.083607,0.0016,0.098500006,0.34451,0.06216,0.356,142027210752,0.181,29.523,12943287296,0.315,0.227,0.45,0.2202793529903911,-0.018757948025446166,1.0263519566298853,1.3765822818332791,-0.2290778130332124,0.013989854859610228,0.2309555732143903,0.18470131281221994,0.0025201104082715037,0.0006057380456292723,-0.031199179203312527,2.2997835971460456,231,0.06722926930796083,0.14092028878398402
2013-03-15 00:00:00-04:00,18.355397524660653,18.47981614464033,18.1870668611407,18.391990661621094,4610600,0.0,0.0,0.05280829015544042,6.083607,0.0016,0.098500006,0.34451,0.06216,0.356,142027210752,0.181,29.523,12943287296,0.315,0.227,0.45,0.2202793529903911,-0.018757948025446166,1.0263519566298853,1.3765822818332791,-0.2290778130332124,0.013989854859610228,0.2309555732143903,0.18470131281221994,0.0025201104082715037,0.0006057380456292723,-0.031199179203312527,2.2997835971460456,231,0.06722926930796083,0.14092028878398402
2013-03-18 00:00:00-04:00,18.157793327051508,18.391992780836826,18.157793327051508,18.24561882019043,2777400,0.0,0.0,0.05280829015544042,6.083607,0.0016,0.098500006,0.34451,0.06216,0.356,142027210752,0.181,29.523,12943287296,0.315,0.227,0.45,0.2202793529903911,-0.018757948025446166,1.0263519566298853,1.3765822818332791,-0.2290778130332124,0.013989854859610228,0.2309555732143903,0.18470131281221994,0.0025201104082715037,0.0006057380456292723,-0.031199179203312527,2.2997835971460456,231,0.06722926930796083,0.14092028878398402
2013-03-19 00:00:00-04:00,18.311485265556573,18.36271621507358,18.106560071549872,18.2529354095459,2902400,0.0,0.0,0.05280829015544042,6.083607,0.0016,0.098500006,0.34451,0.06216,0.356,142027210752,0.181,29.523,12943287296,0.315,0.227,0.45,0.2202793529903911,-0.018757948025446166,1.0263519566298853,1.3765822818332791,-0.2290778130332124,0.013989854859610228,0.2309555732143903,0.18470131281221994,0.0025201104082715037,0.0006057380456292723,-0.031199179203312527,2.2997835971460456,231,0.06722926930796083,0.14092028878398402
2013-03-20 00:00:00-04:00,18.282211961367313,18.391992780836826,18.223662097920986,18.24561882019043,2443800,0.0,0.0,0.05280829015544042,6.083607,0.0016,0.098500006,0.34451,0.06216,0.356,142027210752,0.181,29.523,12943287296,0.315,0.227,0.45,0.2202793529903911,-0.018757948025446166,1.0263519566298853,1.3765822818332791,-0.2290778130332124,0.013989854859610228,0.2309555732143903,0.18470131281221994,0.0025201104082715037,0.0006057380456292723,-0.031199179203312527,2.2997835971460456,231,0.06722926930796083,0.14092028878398402
2013-03-21 00:00:00-04:00,18.223662492054626,18.318806894674438,18.143157300536576,18.179750442504883,2745800,0.0,0.0,0.05280829015544042,6.083607,0.0016,0.098500006,0.34451,0.06216,0.356,142027210752,0.181,29.523,12943287296,0.315,0.227,0.45,0.2202793529903911,-0.018757948025446166,1.0263519566298853,1.3765822818332791,-0.2290778130332124,0.013989854859610228,0.2309555732143903,0.18470131281221994,0.0025201104082715037,0.0006057380456292723,-0.031199179203312527,2.2997835971460456,231,0.06722926930796083,0.14092028878398402
2013-03-22 00:00:00-04:00,18.201704025268555,18.24561606724302,18.157790587355443,18.201704025268555,2981400,0.0,0.0,0.05280829015544042,6.083607,0.0016,0.098500006,0.34451,0.06216,0.356,142027210752,0.181,29.523,12943287296,0.315,0.227,0.45,0.2202793529903911,-0.018757948025446166,1.0263519566298853,1.3765822818332791,-0.2290778130332124,0.013989854859610228,0.2309555732143903,0.18470131281221994,0.0025201104082715037,0.0006057380456292723,-0.031199179203312527,2.2997835971460456,231,0.06722926930796083,0.14092028878398402
2013-03-25 00:00:00-04:00,18.304170585618078,18.31148949380173,18.084607527925463,18.187070846557617,3261100,0.0,0.0,0.05280829015544042,6.083607,0.0016,0.098500006,0.34451,0.06216,0.356,142027210752,0.181,29.523,12943287296,0.315,0.227,0.45,0.2202793529903911,-0.018757948025446166,1.0263519566298853,1.3765822818332791,-0.2290778130332124,0.013989854859610228,0.2309555732143903,0.18470131281221994,0.0025201104082715037,0.0006057380456292723,-0.031199179203312527,2.2997835971460456,231,0.06722926930796083,0.14092028878398402
2013-03-26 00:00:00-04:00,18.23829735392316,18.340759251594054,18.165109685898805,18.282209396362305,2845100,0.0,0.0,0.05280829015544042,6.083607,0.0016,0.098500006,0.34451,0.06216,0.356,142027210752,0.181,29.523,12943287296,0.315,0.227,0.45,0.2202793529903911,-0.018757948025446166,1.0263519566298853,1.3765822818332791,-0.2290778130332124,0.013989854859610228,0.2309555732143903,0.18470131281221994,0.0025201104082715037,0.0006057380456292723,-0.031199179203312527,2.2997835971460456,231,0.06722926930796083,0.14092028878398402
2013-03-27 00:00:00-04:00,18.223658725023707,18.318803107976127,18.113877925872803,18.296846389770508,2303600,0.0,0.0,0.05280829015544042,6.083607,0.0016,0.098500006,0.34451,0.06216,0.356,142027210752,0.181,29.523,12943287296,0.315,0.227,0.45,0.2202793529903911,-0.018757948025446166,1.0263519566298853,1.3765822818332791,-0.2290778130332124,0.013989854859610228,0.2309555732143903,0.18470131281221994,0.0025201104082715037,0.0006057380456292723,-0.031199179203312527,2.2997835971460456,231,0.06722926930796083,0.14092028878398402
2013-03-28 00:00:00-04:00,18.3261227714581,18.51640875335021,18.267571520489874,18.49445343017578,2099100,0.0,0.0,0.05280829015544042,6.083607,0.0016,0.098500006,0.34451,0.06216,0.356,142027210752,0.181,29.523,12943287296,0.315,0.227,0.45,0.2202793529903911,-0.018757948025446166,1.0263519566298853,1.3765822818332791,-0.2290778130332124,0.013989854859610228,0.2309555732143903,0.18470131281221994,0.0025201104082715037,0.0006057380456292723,-0.031199179203312527,2.2997835971460456,231,0.06722926930796083,0.14092028878398402
2013-04-01 00:00:00-04:00,18.53836904725415,18.574962190226962,18.435907130179128,18.523731231689453,2181600,0.0,0.0,0.05280829015544042,6.083607,0.0016,0.098500006,0.34451,0.06216,0.356,142027210752,0.181,29.523,12943287296,0.315,0.227,0.45,0.2202793529903911,-0.018757948025446166,1.0263519566298853,1.3765822818332791,-0.2290778130332124,0.013989854859610228,0.2309555732143903,0.18470131281221994,0.0025201104082715037,0.0006057380456292723,-0.031199179203312527,2.2997835971460456,231,0.06722926930796083,0.14092028878398402
2013-04-02 00:00:00-04:00,18.611551045356038,18.794519496221213,18.523725574727813,18.640825271606445,3315500,0.0,0.0,0.05280829015544042,6.083607,0.0016,0.098500006,0.34451,0.06216,0.356,142027210752,0.181,29.523,12943287296,0.315,0.227,0.45,0.2202793529903911,-0.018757948025446166,1.0263519566298853,1.3765822818332791,-0.2290778130332124,0.013989854859610228,0.2309555732143903,0.18470131281221994,0.0025201104082715037,0.0006057380456292723,-0.031199179203312527,2.2997835971460456,231,0.06722926930796083,0.14092028878398402
2013-04-03 00:00:00-04:00,18.662788780151526,18.69938192526642,18.487139170909842,18.53837013244629,3059000,0.0,0.0,0.05280829015544042,6.083607,0.0016,0.098500006,0.34451,0.06216,0.356,142027210752,0.181,29.523,12943287296,0.315,0.227,0.45,0.2202793529903911,-0.018757948025446166,1.0263519566298853,1.3765822818332791,-0.2290778130332124,0.013989854859610228,0.2309555732143903,0.18470131281221994,0.0025201104082715037,0.0006057380456292723,-0.031199179203312527,2.2997835971460456,231,0.06722926930796083,0.14092028878398402
2013-04-04 00:00:00-04:00,18.53837245221744,18.61156014754446,18.3919970615634,18.53105354309082,4170000,0.0,0.0,0.05280829015544042,6.083607,0.0016,0.098500006,0.34451,0.06216,0.356,142027210752,0.181,29.523,12943287296,0.315,0.227,0.45,0.2202793529903911,-0.018757948025446166,1.0263519566298853,1.3765822818332791,-0.2290778130332124,0.013989854859610228,0.2309555732143903,0.18470131281221994,0.0025201104082715037,0.0006057380456292723,-0.031199179203312527,2.2997835971460456,231,0.06722926930796083,0.14092028878398402
2013-04-05 00:00:00-04:00,18.362720781642395,18.574963538986086,18.282214186129774,18.567646026611328,2632400,0.0,0.0,0.05280829015544042,6.083607,0.0016,0.098500006,0.34451,0.06216,0.356,142027210752,0.181,29.523,12943287296,0.315,0.227,0.45,0.2202793529903911,-0.018757948025446166,1.0263519566298853,1.3765822818332791,-0.2290778130332124,0.013989854859610228,0.2309555732143903,0.18470131281221994,0.0025201104082715037,0.0006057380456292723,-0.031199179203312527,2.2997835971460456,231,0.06722926930796083,0.14092028878398402
2013-04-08 00:00:00-04:00,18.545682355717332,18.787200655859824,18.52372563899947,18.757925033569336,5618000,0.0,0.0,0.05280829015544042,6.083607,0.0016,0.098500006,0.34451,0.06216,0.356,142027210752,0.181,29.523,12943287296,0.315,0.227,0.45,0.2202793529903911,-0.018757948025446166,1.0263519566298853,1.3765822818332791,-0.2290778130332124,0.013989854859610228,0.2309555732143903,0.18470131281221994,0.0025201104082715037,0.0006057380456292723,-0.031199179203312527,2.2997835971460456,231,0.06722926930796083,0.14092028878398402
2013-04-09 00:00:00-04:00,18.787202452255226,18.977489827522774,18.662783837501006,18.853071212768555,4170800,0.0,0.0,0.05280829015544042,6.083607,0.0016,0.098500006,0.34451,0.06216,0.356,142027210752,0.181,29.523,12943287296,0.315,0.227,0.45,0.2202793529903911,-0.018757948025446166,1.0263519566298853,1.3765822818332791,-0.2290778130332124,0.013989854859610228,0.2309555732143903,0.18470131281221994,0.0025201104082715037,0.0006057380456292723,-0.031199179203312527,2.2997835971460456,231,0.06722926930796083,0.14092028878398402
2013-04-10 00:00:00-04:00,18.735972221504174,18.779884264881144,18.201704606611845,18.60423469543457,5673600,0.0,0.0,0.05280829015544042,6.083607,0.0016,0.098500006,0.34451,0.06216,0.356,142027210752,0.181,29.523,12943287296,0.315,0.227,0.45,0.2202793529903911,-0.018757948025446166,1.0263519566298853,1.3765822818332791,-0.2290778130332124,0.013989854859610228,0.2309555732143903,0.18470131281221994,0.0025201104082715037,0.0006057380456292723,-0.031199179203312527,2.2997835971460456,231,0.06722926930796083,0.14092028878398402
2013-04-11 00:00:00-04:00,18.61887152965899,18.911620796678754,18.60423371732335,18.823795318603516,3600200,0.0,0.0,0.05280829015544042,6.083607,0.0016,0.098500006,0.34451,0.06216,0.356,142027210752,0.181,29.523,12943287296,0.315,0.227,0.45,0.2202793529903911,-0.018757948025446166,1.0263519566298853,1.3765822818332791,-0.2290778130332124,0.013989854859610228,0.2309555732143903,0.18470131281221994,0.0025201104082715037,0.0006057380456292723,-0.031199179203312527,2.2997835971460456,231,0.06722926930796083,0.14092028878398402
2013-04-12 00:00:00-04:00,18.772564996632468,18.831114851986563,18.670103098747468,18.728652954101562,2040900,0.0,0.0,0.05280829015544042,6.083607,0.0016,0.098500006,0.34451,0.06216,0.356,142027210752,0.181,29.523,12943287296,0.315,0.227,0.45,0.2202793529903911,-0.018757948025446166,1.0263519566298853,1.3765822818332791,-0.2290778130332124,0.013989854859610228,0.2309555732143903,0.18470131281221994,0.0025201104082715037,0.0006057380456292723,-0.031199179203312527,2.2997835971460456,231,0.06722926930796083,0.14092028878398402
2013-04-15 00:00:00-04:00,18.699377538150287,18.714015351137625,18.24561650305223,18.2529354095459,2951700,0.0,0.0,0.05280829015544042,6.083607,0.0016,0.098500006,0.34451,0.06216,0.356,142027210752,0.181,29.523,12943287296,0.315,0.227,0.45,0.2202793529903911,-0.018757948025446166,1.0263519566298853,1.3765822818332791,-0.2290778130332124,0.013989854859610228,0.2309555732143903,0.18470131281221994,0.0025201104082715037,0.0006057380456292723,-0.031199179203312527,2.2997835971460456,231,0.06722926930796083,0.14092028878398402
2013-04-16 00:00:00-04:00,18.32612242422818,18.399308694674474,18.20902132044913,18.289527893066406,2770800,0.0,0.0,0.05280829015544042,6.083607,0.0016,0.098500006,0.34451,0.06216,0.356,142027210752,0.181,29.523,12943287296,0.315,0.227,0.45,0.2202793529903911,-0.018757948025446166,1.0263519566298853,1.3765822818332791,-0.2290778130332124,0.013989854859610228,0.2309555732143903,0.18470131281221994,0.0025201104082715037,0.0006057380456292723,-0.031199179203312527,2.2997835971460456,231,0.06722926930796083,0.14092028878398402
2013-04-17 00:00:00-04:00,18.201707132461056,18.318806861675355,18.048012865405482,18.062650680541992,4961000,0.0,0.0,0.05280829015544042,6.083607,0.0016,0.098500006,0.34451,0.06216,0.356,142027210752,0.181,29.523,12943287296,0.315,0.227,0.45,0.2202793529903911,-0.018757948025446166,1.0263519566298853,1.3765822818332791,-0.2290778130332124,0.013989854859610228,0.2309555732143903,0.18470131281221994,0.0025201104082715037,0.0006057380456292723,-0.031199179203312527,2.2997835971460456,231,0.06722926930796083,0.14092028878398402
2013-04-18 00:00:00-04:00,18.084608048707462,18.143159315862793,17.87968419741997,17.908958435058594,4100700,0.0,0.0,0.05280829015544042,6.083607,0.0016,0.098500006,0.34451,0.06216,0.356,142027210752,0.181,29.523,12943287296,0.315,0.227,0.45,0.2202793529903911,-0.018757948025446166,1.0263519566298853,1.3765822818332791,-0.2290778130332124,0.013989854859610228,0.2309555732143903,0.18470131281221994,0.0025201104082715037,0.0006057380456292723,-0.031199179203312527,2.2997835971460456,231,0.06722926930796083,0.14092028878398402
2013-04-19 00:00:00-04:00,17.996778949819134,18.121197566148123,17.96018581393241,18.10655975341797,3072200,0.0,0.0,0.05280829015544042,6.083607,0.0016,0.098500006,0.34451,0.06216,0.356,142027210752,0.181,29.523,12943287296,0.315,0.227,0.45,0.2202793529903911,-0.018757948025446166,1.0263519566298853,1.3765822818332791,-0.2290778130332124,0.013989854859610228,0.2309555732143903,0.18470131281221994,0.0025201104082715037,0.0006057380456292723,-0.031199179203312527,2.2997835971460456,231,0.06722926930796083,0.14092028878398402
2013-04-22 00:00:00-04:00,18.113878571538873,18.296847041958458,18.05532871684215,18.26025390625,2741800,0.0,0.0,0.05280829015544042,6.083607,0.0016,0.098500006,0.34451,0.06216,0.356,142027210752,0.181,29.523,12943287296,0.315,0.227,0.45,0.2202793529903911,-0.018757948025446166,1.0263519566298853,1.3765822818332791,-0.2290778130332124,0.013989854859610228,0.2309555732143903,0.18470131281221994,0.0025201104082715037,0.0006057380456292723,-0.031199179203312527,2.2997835971460456,231,0.06722926930796083,0.14092028878398402
2013-04-23 00:00:00-04:00,18.370038356076922,18.523731231689453,18.27489395084532,18.523731231689453,2402300,0.0,0.0,0.05280829015544042,6.083607,0.0016,0.098500006,0.34451,0.06216,0.356,142027210752,0.181,29.523,12943287296,0.315,0.227,0.45,0.2202793529903911,-0.018757948025446166,1.0263519566298853,1.3765822818332791,-0.2290778130332124,0.013989854859610228,0.2309555732143903,0.18470131281221994,0.0025201104082715037,0.0006057380456292723,-0.031199179203312527,2.2997835971460456,231,0.06722926930796083,0.14092028878398402
2013-04-24 00:00:00-04:00,18.56032685707863,18.640832055519187,18.52373231602473,18.53837013244629,2059600,0.0,0.0,0.05280829015544042,6.083607,0.0016,0.098500006,0.34451,0.06216,0.356,142027210752,0.181,29.523,12943287296,0.315,0.227,0.45,0.2202793529903911,-0.018757948025446166,1.0263519566298853,1.3765822818332791,-0.2290778130332124,0.013989854859610228,0.2309555732143903,0.18470131281221994,0.0025201104082715037,0.0006057380456292723,-0.031199179203312527,2.2997835971460456,231,0.06722926930796083,0.14092028878398402
2013-04-25 00:00:00-04:00,18.6188714191753,18.714014406915165,18.538364847745605,18.589595794677734,2772400,0.0,0.0,0.05280829015544042,6.083607,0.0016,0.098500006,0.34451,0.06216,0.356,142027210752,0.181,29.523,12943287296,0.315,0.227,0.45,0.2202793529903911,-0.018757948025446166,1.0263519566298853,1.3765822818332791,-0.2290778130332124,0.013989854859610228,0.2309555732143903,0.18470131281221994,0.0025201104082715037,0.0006057380456292723,-0.031199179203312527,2.2997835971460456,231,0.06722926930796083,0.14092028878398402
2013-04-26 00:00:00-04:00,18.596915301314336,18.692059688065118,18.41394683011216,18.435903549194336,2644400,0.0,0.0,0.05280829015544042,6.083607,0.0016,0.098500006,0.34451,0.06216,0.356,142027210752,0.181,29.523,12943287296,0.315,0.227,0.45,0.2202793529903911,-0.018757948025446166,1.0263519566298853,1.3765822818332791,-0.2290778130332124,0.013989854859610228,0.2309555732143903,0.18470131281221994,0.0025201104082715037,0.0006057380456292723,-0.031199179203312527,2.2997835971460456,231,0.06722926930796083,0.14092028878398402
2013-04-29 00:00:00-04:00,18.457858220510317,18.55300260390113,18.384671951364894,18.472496032714844,2291600,0.0,0.0,0.05280829015544042,6.083607,0.0016,0.098500006,0.34451,0.06216,0.356,142027210752,0.181,29.523,12943287296,0.315,0.227,0.45,0.2202793529903911,-0.018757948025446166,1.0263519566298853,1.3765822818332791,-0.2290778130332124,0.013989854859610228,0.2309555732143903,0.18470131281221994,0.0025201104082715037,0.0006057380456292723,-0.031199179203312527,2.2997835971460456,231,0.06722926930796083,0.14092028878398402
2013-04-30 00:00:00-04:00,18.43590465885882,18.523728748596387,18.384673707188785,18.509092330932617,2911700,0.0,0.0,0.05280829015544042,6.083607,0.0016,0.098500006,0.34451,0.06216,0.356,142027210752,0.181,29.523,12943287296,0.315,0.227,0.45,0.2202793529903911,-0.018757948025446166,1.0263519566298853,1.3765822818332791,-0.2290778130332124,0.013989854859610228,0.2309555732143903,0.18470131281221994,0.0025201104082715037,0.0006057380456292723,-0.031199179203312527,2.2997835971460456,231,0.06722926930796083,0.14092028878398402
2013-05-01 00:00:00-04:00,18.487135296434666,18.582278291357017,18.26025477320543,18.362716674804688,3123700,0.0,0.0,0.05280829015544042,6.083607,0.0016,0.098500006,0.34451,0.06216,0.356,142027210752,0.181,29.523,12943287296,0.315,0.227,0.45,0.2202793529903911,-0.018757948025446166,1.0263519566298853,1.3765822818332791,-0.2290778130332124,0.013989854859610228,0.2309555732143903,0.18470131281221994,0.0025201104082715037,0.0006057380456292723,-0.031199179203312527,2.2997835971460456,231,0.06722926930796083,0.14092028878398402
2013-05-02 00:00:00-04:00,18.29685048308234,18.626194350153387,18.238300617374033,18.384675979614258,2042900,0.0,0.0,0.05280829015544042,6.083607,0.0016,0.098500006,0.34451,0.06216,0.356,142027210752,0.181,29.523,12943287296,0.315,0.227,0.45,0.2202793529903911,-0.018757948025446166,1.0263519566298853,1.3765822818332791,-0.2290778130332124,0.013989854859610228,0.2309555732143903,0.18470131281221994,0.0025201104082715037,0.0006057380456292723,-0.031199179203312527,2.2997835971460456,231,0.06722926930796083,0.14092028878398402
2013-05-03 00:00:00-04:00,18.52372816364706,18.574959113699308,18.31148545686794,18.33344078063965,3005100,0.0,0.0,0.05280829015544042,6.083607,0.0016,0.098500006,0.34451,0.06216,0.356,142027210752,0.181,29.523,12943287296,0.315,0.227,0.45,0.2202793529903911,-0.018757948025446166,1.0263519566298853,1.3765822818332791,-0.2290778130332124,0.013989854859610228,0.2309555732143903,0.18470131281221994,0.0025201104082715037,0.0006057380456292723,-0.031199179203312527,2.2997835971460456,231,0.06722926930796083,0.14092028878398402
2013-05-06 00:00:00-04:00,18.333443655941306,18.53104997651018,18.282212697854316,18.50177574157715,2079600,0.0,0.0,0.05280829015544042,6.083607,0.0016,0.098500006,0.34451,0.06216,0.356,142027210752,0.181,29.523,12943287296,0.315,0.227,0.45,0.2202793529903911,-0.018757948025446166,1.0263519566298853,1.3765822818332791,-0.2290778130332124,0.013989854859610228,0.2309555732143903,0.18470131281221994,0.0025201104082715037,0.0006057380456292723,-0.031199179203312527,2.2997835971460456,231,0.06722926930796083,0.14092028878398402
2013-05-07 00:00:00-04:00,18.55300374550499,18.66278455191676,18.55300374550499,18.60423469543457,1933200,0.0,0.0,0.05280829015544042,6.083607,0.0016,0.098500006,0.34451,0.06216,0.356,142027210752,0.181,29.523,12943287296,0.315,0.227,0.45,0.2202793529903911,-0.018757948025446166,1.0263519566298853,1.3765822818332791,-0.2290778130332124,0.013989854859610228,0.2309555732143903,0.18470131281221994,0.0025201104082715037,0.0006057380456292723,-0.031199179203312527,2.2997835971460456,231,0.06722926930796083,0.14092028878398402
2013-05-08 00:00:00-04:00,18.5676389046236,18.75792486403796,18.51640656607828,18.73596954345703,1881600,0.0,0.0,0.05280829015544042,6.083607,0.0016,0.098500006,0.34451,0.06216,0.356,142027210752,0.181,29.523,12943287296,0.315,0.227,0.45,0.2202793529903911,-0.018757948025446166,1.0263519566298853,1.3765822818332791,-0.2290778130332124,0.013989854859610228,0.2309555732143903,0.18470131281221994,0.0025201104082715037,0.0006057380456292723,-0.031199179203312527,2.2997835971460456,231,0.06722926930796083,0.14092028878398402
2013-05-09 00:00:00-04:00,18.7652484127118,18.816479367994923,18.670105409462966,18.721336364746094,1911700,0.0,0.0,0.05280829015544042,6.083607,0.0016,0.098500006,0.34451,0.06216,0.356,142027210752,0.181,29.523,12943287296,0.315,0.227,0.45,0.2202793529903911,-0.018757948025446166,1.0263519566298853,1.3765822818332791,-0.2290778130332124,0.013989854859610228,0.2309555732143903,0.18470131281221994,0.0025201104082715037,0.0006057380456292723,-0.031199179203312527,2.2997835971460456,231,0.06722926930796083,0.14092028878398402
2013-05-10 00:00:00-04:00,18.743290142634716,18.867708755610444,18.706695611795613,18.823795318603516,2484400,0.0,0.0,0.05280829015544042,6.083607,0.0016,0.098500006,0.34451,0.06216,0.356,142027210752,0.181,29.523,12943287296,0.315,0.227,0.45,0.2202793529903911,-0.018757948025446166,1.0263519566298853,1.3765822818332791,-0.2290778130332124,0.013989854859610228,0.2309555732143903,0.18470131281221994,0.0025201104082715037,0.0006057380456292723,-0.031199179203312527,2.2997835971460456,231,0.06722926930796083,0.14092028878398402
2013-05-13 00:00:00-04:00,18.787201607365418,18.860389270859823,18.684739716036393,18.809158325195312,1965000,0.0,0.0,0.05280829015544042,6.083607,0.0016,0.098500006,0.34451,0.06216,0.356,142027210752,0.181,29.523,12943287296,0.315,0.227,0.45,0.2202793529903911,-0.018757948025446166,1.0263519566298853,1.3765822818332791,-0.2290778130332124,0.013989854859610228,0.2309555732143903,0.18470131281221994,0.0025201104082715037,0.0006057380456292723,-0.031199179203312527,2.2997835971460456,231,0.06722926930796083,0.14092028878398402
2013-05-14 00:00:00-04:00,18.809158872989862,19.13850127439854,18.794521060676956,19.094589233398438,3808100,0.0,0.0,0.05280829015544042,6.083607,0.0016,0.098500006,0.34451,0.06216,0.356,142027210752,0.181,29.523,12943287296,0.315,0.227,0.45,0.2202793529903911,-0.018757948025446166,1.0263519566298853,1.3765822818332791,-0.2290778130332124,0.013989854859610228,0.2309555732143903,0.18470131281221994,0.0025201104082715037,0.0006057380456292723,-0.031199179203312527,2.2997835971460456,231,0.06722926930796083,0.14092028878398402
2013-05-15 00:00:00-04:00,19.057998472831347,19.270241194055558,19.057998472831347,19.262922286987305,2730300,0.0,0.0,0.05280829015544042,6.083607,0.0016,0.098500006,0.34451,0.06216,0.356,142027210752,0.181,29.523,12943287296,0.315,0.227,0.45,0.2202793529903911,-0.018757948025446166,1.0263519566298853,1.3765822818332791,-0.2290778130332124,0.013989854859610228,0.2309555732143903,0.18470131281221994,0.0025201104082715037,0.0006057380456292723,-0.031199179203312527,2.2997835971460456,231,0.06722926930796083,0.14092028878398402
2013-05-16 00:00:00-04:00,19.204370472325547,19.314151275301526,19.10922748199667,19.14582061767578,2005000,0.0,0.0,0.05280829015544042,6.083607,0.0016,0.098500006,0.34451,0.06216,0.356,142027210752,0.181,29.523,12943287296,0.315,0.227,0.45,0.2202793529903911,-0.018757948025446166,1.0263519566298853,1.3765822818332791,-0.2290778130332124,0.013989854859610228,0.2309555732143903,0.18470131281221994,0.0025201104082715037,0.0006057380456292723,-0.031199179203312527,2.2997835971460456,231,0.06722926930796083,0.14092028878398402
2013-05-17 00:00:00-04:00,19.182418249973416,19.28488156658328,19.11655086949854,19.167781829833984,2938700,0.0,0.0,0.05280829015544042,6.083607,0.0016,0.098500006,0.34451,0.06216,0.356,142027210752,0.181,29.523,12943287296,0.315,0.227,0.45,0.2202793529903911,-0.018757948025446166,1.0263519566298853,1.3765822818332791,-0.2290778130332124,0.013989854859610228,0.2309555732143903,0.18470131281221994,0.0025201104082715037,0.0006057380456292723,-0.031199179203312527,2.2997835971460456,231,0.06722926930796083,0.14092028878398402
2013-05-20 00:00:00-04:00,19.16046441666629,19.30683840105331,19.153145508056078,19.17510223388672,2245700,0.0,0.0,0.05280829015544042,6.083607,0.0016,0.098500006,0.34451,0.06216,0.356,142027210752,0.181,29.523,12943287296,0.315,0.227,0.45,0.2202793529903911,-0.018757948025446166,1.0263519566298853,1.3765822818332791,-0.2290778130332124,0.013989854859610228,0.2309555732143903,0.18470131281221994,0.0025201104082715037,0.0006057380456292723,-0.031199179203312527,2.2997835971460456,231,0.06722926930796083,0.14092028878398402
2013-05-21 00:00:00-04:00,19.145823757483544,19.197054714211347,18.99213088730013,19.12386703491211,2870800,0.0,0.0,0.05280829015544042,6.083607,0.0016,0.098500006,0.34451,0.06216,0.356,142027210752,0.181,29.523,12943287296,0.315,0.227,0.45,0.2202793529903911,-0.018757948025446166,1.0263519566298853,1.3765822818332791,-0.2290778130332124,0.013989854859610228,0.2309555732143903,0.18470131281221994,0.0025201104082715037,0.0006057380456292723,-0.031199179203312527,2.2997835971460456,231,0.06722926930796083,0.14092028878398402
2013-05-22 00:00:00-04:00,19.101910148412763,19.219009867353602,18.77256631642993,18.94089698791504,3436900,0.0,0.0,0.05280829015544042,6.083607,0.0016,0.098500006,0.34451,0.06216,0.356,142027210752,0.181,29.523,12943287296,0.315,0.227,0.45,0.2202793529903911,-0.018757948025446166,1.0263519566298853,1.3765822818332791,-0.2290778130332124,0.013989854859610228,0.2309555732143903,0.18470131281221994,0.0025201104082715037,0.0006057380456292723,-0.031199179203312527,2.2997835971460456,231,0.06722926930796083,0.14092028878398402
2013-05-23 00:00:00-04:00,18.816480912663216,19.014087238638886,18.79452558484744,18.904306411743164,2961200,0.0,0.0,0.05280829015544042,6.083607,0.0016,0.098500006,0.34451,0.06216,0.356,142027210752,0.181,29.523,12943287296,0.315,0.227,0.45,0.2202793529903911,-0.018757948025446166,1.0263519566298853,1.3765822818332791,-0.2290778130332124,0.013989854859610228,0.2309555732143903,0.18470131281221994,0.0025201104082715037,0.0006057380456292723,-0.031199179203312527,2.2997835971460456,231,0.06722926930796083,0.14092028878398402
2013-05-24 00:00:00-04:00,18.80915852194781,18.911620414348636,18.743289763707686,18.889663696289062,1950600,0.0,0.0,0.05280829015544042,6.083607,0.0016,0.098500006,0.34451,0.06216,0.356,142027210752,0.181,29.523,12943287296,0.315,0.227,0.45,0.2202793529903911,-0.018757948025446166,1.0263519566298853,1.3765822818332791,-0.2290778130332124,0.013989854859610228,0.2309555732143903,0.18470131281221994,0.0025201104082715037,0.0006057380456292723,-0.031199179203312527,2.2997835971460456,231,0.06722926930796083,0.14092028878398402
2013-05-28 00:00:00-04:00,19.036041403568653,19.145822215707636,18.875029638827396,18.999446868896484,3123500,0.0,0.0,0.05280829015544042,6.083607,0.0016,0.098500006,0.34451,0.06216,0.356,142027210752,0.181,29.523,12943287296,0.315,0.227,0.45,0.2202793529903911,-0.018757948025446166,1.0263519566298853,1.3765822818332791,-0.2290778130332124,0.013989854859610228,0.2309555732143903,0.18470131281221994,0.0025201104082715037,0.0006057380456292723,-0.031199179203312527,2.2997835971460456,231,0.06722926930796083,0.14092028878398402
2013-05-29 00:00:00-04:00,18.918946395742818,19.028727235219726,18.779889921237878,18.933584213256836,2638400,0.0,0.0,0.05280829015544042,6.083607,0.0016,0.098500006,0.34451,0.06216,0.356,142027210752,0.181,29.523,12943287296,0.315,0.227,0.45,0.2202793529903911,-0.018757948025446166,1.0263519566298853,1.3765822818332791,-0.2290778130332124,0.013989854859610228,0.2309555732143903,0.18470131281221994,0.0025201104082715037,0.0006057380456292723,-0.031199179203312527,2.2997835971460456,231,0.06722926930796083,0.14092028878398402
2013-05-30 00:00:00-04:00,18.92625805787572,18.97748900361999,18.816475864493913,18.867708206176758,4930700,0.0,0.0,0.05280829015544042,6.083607,0.0016,0.098500006,0.34451,0.06216,0.356,142027210752,0.181,29.523,12943287296,0.315,0.227,0.45,0.2202793529903911,-0.018757948025446166,1.0263519566298853,1.3765822818332791,-0.2290778130332124,0.013989854859610228,0.2309555732143903,0.18470131281221994,0.0025201104082715037,0.0006057380456292723,-0.031199179203312527,2.2997835971460456,231,0.06722926930796083,0.14092028878398402
2013-05-31 00:00:00-04:00,18.86771211591176,18.926261979743327,18.655467987060547,18.655467987060547,4082300,0.0,0.0,0.05280829015544042,6.083607,0.0016,0.098500006,0.34451,0.06216,0.356,142027210752,0.181,29.523,12943287296,0.315,0.227,0.45,0.2202793529903911,-0.018757948025446166,1.0263519566298853,1.3765822818332791,-0.2290778130332124,0.013989854859610228,0.2309555732143903,0.18470131281221994,0.0025201104082715037,0.0006057380456292723,-0.031199179203312527,2.2997835971460456,231,0.06722926930796083,0.14092028878398402
2013-06-03 00:00:00-04:00,18.677422018408436,18.69937734172013,18.289528353950722,18.399309158325195,4973900,0.0,0.0,0.05280829015544042,6.083607,0.0016,0.098500006,0.34451,0.06216,0.356,142027210752,0.181,29.523,12943287296,0.315,0.227,0.45,0.2202793529903911,-0.018757948025446166,1.0263519566298853,1.3765822818332791,-0.2290778130332124,0.013989854859610228,0.2309555732143903,0.18470131281221994,0.0025201104082715037,0.0006057380456292723,-0.031199179203312527,2.2997835971460456,231,0.06722926930796083,0.14092028878398402
2013-06-04 00:00:00-04:00,18.39199430165845,18.479819802059602,18.274894565082892,18.31148910522461,2401500,0.0,0.0,0.05280829015544042,6.083607,0.0016,0.098500006,0.34451,0.06216,0.356,142027210752,0.181,29.523,12943287296,0.315,0.227,0.45,0.2202793529903911,-0.018757948025446166,1.0263519566298853,1.3765822818332791,-0.2290778130332124,0.013989854859610228,0.2309555732143903,0.18470131281221994,0.0025201104082715037,0.0006057380456292723,-0.031199179203312527,2.2997835971460456,231,0.06722926930796083,0.14092028878398402
2013-06-05 00:00:00-04:00,18.22365813668659,18.22365813668659,17.87235903236969,17.952865600585938,4884100,0.0,0.0,0.05280829015544042,6.083607,0.0016,0.098500006,0.34451,0.06216,0.356,142027210752,0.181,29.523,12943287296,0.315,0.227,0.45,0.2202793529903911,-0.018757948025446166,1.0263519566298853,1.3765822818332791,-0.2290778130332124,0.013989854859610228,0.2309555732143903,0.18470131281221994,0.0025201104082715037,0.0006057380456292723,-0.031199179203312527,2.2997835971460456,231,0.06722926930796083,0.14092028878398402
2013-06-06 00:00:00-04:00,18.823792596880384,18.823792596880384,17.704026637943883,17.916269302368164,3413500,0.0,0.0,0.05280829015544042,6.083607,0.0016,0.098500006,0.34451,0.06216,0.356,142027210752,0.181,29.523,12943287296,0.315,0.227,0.45,0.2202793529903911,-0.018757948025446166,1.0263519566298853,1.3765822818332791,-0.2290778130332124,0.013989854859610228,0.2309555732143903,0.18470131281221994,0.0025201104082715037,0.0006057380456292723,-0.031199179203312527,2.2997835971460456,231,0.06722926930796083,0.14092028878398402
2013-06-07 00:00:00-04:00,17.974823980727724,18.17243028400749,17.923593027123072,18.143156051635742,4041200,0.0,0.0,0.05280829015544042,6.083607,0.0016,0.098500006,0.34451,0.06216,0.356,142027210752,0.181,29.523,12943287296,0.315,0.227,0.45,0.2202793529903911,-0.018757948025446166,1.0263519566298853,1.3765822818332791,-0.2290778130332124,0.013989854859610228,0.2309555732143903,0.18470131281221994,0.0025201104082715037,0.0006057380456292723,-0.031199179203312527,2.2997835971460456,231,0.06722926930796083,0.14092028878398402
2013-06-10 00:00:00-04:00,18.172426872814768,18.20902000539516,18.04068936202371,18.135833740234375,2938100,0.0,0.0,0.05280829015544042,6.083607,0.0016,0.098500006,0.34451,0.06216,0.356,142027210752,0.181,29.523,12943287296,0.315,0.227,0.45,0.2202793529903911,-0.018757948025446166,1.0263519566298853,1.3765822818332791,-0.2290778130332124,0.013989854859610228,0.2309555732143903,0.18470131281221994,0.0025201104082715037,0.0006057380456292723,-0.031199179203312527,2.2997835971460456,231,0.06722926930796083,0.14092028878398402
2013-06-11 00:00:00-04:00,17.98214151950532,18.238297663975896,17.923591663278216,18.040691375732422,3478200,0.0,0.0,0.05280829015544042,6.083607,0.0016,0.098500006,0.34451,0.06216,0.356,142027210752,0.181,29.523,12943287296,0.315,0.227,0.45,0.2202793529903911,-0.018757948025446166,1.0263519566298853,1.3765822818332791,-0.2290778130332124,0.013989854859610228,0.2309555732143903,0.18470131281221994,0.0025201104082715037,0.0006057380456292723,-0.031199179203312527,2.2997835971460456,231,0.06722926930796083,0.14092028878398402
2013-06-12 00:00:00-04:00,18.172428901228074,18.523728038590686,18.01141714558821,18.040691375732422,3343200,0.0,0.0,0.05280829015544042,6.083607,0.0016,0.098500006,0.34451,0.06216,0.356,142027210752,0.181,29.523,12943287296,0.315,0.227,0.45,0.2202793529903911,-0.018757948025446166,1.0263519566298853,1.3765822818332791,-0.2290778130332124,0.013989854859610228,0.2309555732143903,0.18470131281221994,0.0025201104082715037,0.0006057380456292723,-0.031199179203312527,2.2997835971460456,231,0.06722926930796083,0.14092028878398402
2013-06-13 00:00:00-04:00,18.004101255438414,18.201707576788454,17.930913573908146,18.17243194580078,3665700,0.0,0.0,0.05280829015544042,6.083607,0.0016,0.098500006,0.34451,0.06216,0.356,142027210752,0.181,29.523,12943287296,0.315,0.227,0.45,0.2202793529903911,-0.018757948025446166,1.0263519566298853,1.3765822818332791,-0.2290778130332124,0.013989854859610228,0.2309555732143903,0.18470131281221994,0.0025201104082715037,0.0006057380456292723,-0.031199179203312527,2.2997835971460456,231,0.06722926930796083,0.14092028878398402
2013-06-14 00:00:00-04:00,18.113882725398796,18.179751501529907,18.040695041259895,18.077289581298828,2137900,0.0,0.0,0.05280829015544042,6.083607,0.0016,0.098500006,0.34451,0.06216,0.356,142027210752,0.181,29.523,12943287296,0.315,0.227,0.45,0.2202793529903911,-0.018757948025446166,1.0263519566298853,1.3765822818332791,-0.2290778130332124,0.013989854859610228,0.2309555732143903,0.18470131281221994,0.0025201104082715037,0.0006057380456292723,-0.031199179203312527,2.2997835971460456,231,0.06722926930796083,0.14092028878398402
2013-06-17 00:00:00-04:00,18.21634469679511,18.355401157455702,18.16511373653568,18.31148910522461,3098100,0.0,0.0,0.05280829015544042,6.083607,0.0016,0.098500006,0.34451,0.06216,0.356,142027210752,0.181,29.523,12943287296,0.315,0.227,0.45,0.2202793529903911,-0.018757948025446166,1.0263519566298853,1.3765822818332791,-0.2290778130332124,0.013989854859610228,0.2309555732143903,0.18470131281221994,0.0025201104082715037,0.0006057380456292723,-0.031199179203312527,2.2997835971460456,231,0.06722926930796083,0.14092028878398402
2013-06-18 00:00:00-04:00,18.311488896285844,18.545688366764683,18.282213264506513,18.51641273498535,1811900,0.0,0.0,0.05280829015544042,6.083607,0.0016,0.098500006,0.34451,0.06216,0.356,142027210752,0.181,29.523,12943287296,0.315,0.227,0.45,0.2202793529903911,-0.018757948025446166,1.0263519566298853,1.3765822818332791,-0.2290778130332124,0.013989854859610228,0.2309555732143903,0.18470131281221994,0.0025201104082715037,0.0006057380456292723,-0.031199179203312527,2.2997835971460456,231,0.06722926930796083,0.14092028878398402
2013-06-19 00:00:00-04:00,18.472497459359783,18.662784844898848,18.304166793823242,18.304166793823242,2659000,0.0,0.0,0.05280829015544042,6.083607,0.0016,0.098500006,0.34451,0.06216,0.356,142027210752,0.181,29.523,12943287296,0.315,0.227,0.45,0.2202793529903911,-0.018757948025446166,1.0263519566298853,1.3765822818332791,-0.2290778130332124,0.013989854859610228,0.2309555732143903,0.18470131281221994,0.0025201104082715037,0.0006057380456292723,-0.031199179203312527,2.2997835971460456,231,0.06722926930796083,0.14092028878398402
2013-06-20 00:00:00-04:00,18.20170862820834,18.289532734366674,17.94555242602503,18.01142120361328,3221900,0.0,0.0,0.05280829015544042,6.083607,0.0016,0.098500006,0.34451,0.06216,0.356,142027210752,0.181,29.523,12943287296,0.315,0.227,0.45,0.2202793529903911,-0.018757948025446166,1.0263519566298853,1.3765822818332791,-0.2290778130332124,0.013989854859610228,0.2309555732143903,0.18470131281221994,0.0025201104082715037,0.0006057380456292723,-0.031199179203312527,2.2997835971460456,231,0.06722926930796083,0.14092028878398402
2013-06-21 00:00:00-04:00,18.05532998753815,18.113879846355488,17.791854924890764,17.967504501342773,4166400,0.0,0.0,0.05280829015544042,6.083607,0.0016,0.098500006,0.34451,0.06216,0.356,142027210752,0.181,29.523,12943287296,0.315,0.227,0.45,0.2202793529903911,-0.018757948025446166,1.0263519566298853,1.3765822818332791,-0.2290778130332124,0.013989854859610228,0.2309555732143903,0.18470131281221994,0.0025201104082715037,0.0006057380456292723,-0.031199179203312527,2.2997835971460456,231,0.06722926930796083,0.14092028878398402
2013-06-24 00:00:00-04:00,17.799176305403524,17.821133028988527,17.557657929724275,17.638164520263672,4335300,0.0,0.0,0.05280829015544042,6.083607,0.0016,0.098500006,0.34451,0.06216,0.356,142027210752,0.181,29.523,12943287296,0.315,0.227,0.45,0.2202793529903911,-0.018757948025446166,1.0263519566298853,1.3765822818332791,-0.2290778130332124,0.013989854859610228,0.2309555732143903,0.18470131281221994,0.0025201104082715037,0.0006057380456292723,-0.031199179203312527,2.2997835971460456,231,0.06722926930796083,0.14092028878398402
2013-06-25 00:00:00-04:00,17.76989640393248,17.91627032667741,17.71134655564681,17.81380844116211,3052500,0.0,0.0,0.05280829015544042,6.083607,0.0016,0.098500006,0.34451,0.06216,0.356,142027210752,0.181,29.523,12943287296,0.315,0.227,0.45,0.2202793529903911,-0.018757948025446166,1.0263519566298853,1.3765822818332791,-0.2290778130332124,0.013989854859610228,0.2309555732143903,0.18470131281221994,0.0025201104082715037,0.0006057380456292723,-0.031199179203312527,2.2997835971460456,231,0.06722926930796083,0.14092028878398402
2013-06-26 00:00:00-04:00,17.945550999662085,18.282212373075243,17.923594276898186,18.238300323486328,2728500,0.0,0.0,0.05280829015544042,6.083607,0.0016,0.098500006,0.34451,0.06216,0.356,142027210752,0.181,29.523,12943287296,0.315,0.227,0.45,0.2202793529903911,-0.018757948025446166,1.0263519566298853,1.3765822818332791,-0.2290778130332124,0.013989854859610228,0.2309555732143903,0.18470131281221994,0.0025201104082715037,0.0006057380456292723,-0.031199179203312527,2.2997835971460456,231,0.06722926930796083,0.14092028878398402
2013-06-27 00:00:00-04:00,18.340760001430052,18.56032301447963,18.318804677282195,18.479816436767578,2289900,0.0,0.0,0.05280829015544042,6.083607,0.0016,0.098500006,0.34451,0.06216,0.356,142027210752,0.181,29.523,12943287296,0.315,0.227,0.45,0.2202793529903911,-0.018757948025446166,1.0263519566298853,1.3765822818332791,-0.2290778130332124,0.013989854859610228,0.2309555732143903,0.18470131281221994,0.0025201104082715037,0.0006057380456292723,-0.031199179203312527,2.2997835971460456,231,0.06722926930796083,0.14092028878398402
2013-06-28 00:00:00-04:00,18.46517826281236,18.633508925706323,18.318804319576227,18.60423469543457,8520800,0.0,0.0,0.05280829015544042,6.083607,0.0016,0.098500006,0.34451,0.06216,0.356,142027210752,0.181,29.523,12943287296,0.315,0.227,0.45,0.2202793529903911,-0.018757948025446166,1.0263519566298853,1.3765822818332791,-0.2290778130332124,0.013989854859610228,0.2309555732143903,0.18470131281221994,0.0025201104082715037,0.0006057380456292723,-0.031199179203312527,2.2997835971460456,231,0.06722926930796083,0.14092028878398402
2013-07-01 00:00:00-04:00,18.64814637951268,18.80915952869044,18.633508566689493,18.728652954101562,2513800,0.0,0.0,0.05280829015544042,6.083607,0.0016,0.098500006,0.34451,0.06216,0.356,142027210752,0.181,29.523,12943287296,0.315,0.227,0.45,0.2202793529903911,-0.018757948025446166,1.0263519566298853,1.3765822818332791,-0.2290778130332124,0.013989854859610228,0.2309555732143903,0.18470131281221994,0.0025201104082715037,0.0006057380456292723,-0.031199179203312527,2.2997835971460456,231,0.06722926930796083,0.14092028878398402
2013-07-02 00:00:00-04:00,18.72133416379613,18.83843387523055,18.5456845966445,18.633508682250977,1764700,0.0,0.0,0.05280829015544042,6.083607,0.0016,0.098500006,0.34451,0.06216,0.356,142027210752,0.181,29.523,12943287296,0.315,0.227,0.45,0.2202793529903911,-0.018757948025446166,1.0263519566298853,1.3765822818332791,-0.2290778130332124,0.013989854859610228,0.2309555732143903,0.18470131281221994,0.0025201104082715037,0.0006057380456292723,-0.031199179203312527,2.2997835971460456,231,0.06722926930796083,0.14092028878398402
2013-07-03 00:00:00-04:00,18.53837040371728,18.677426869878882,18.48713944143117,18.626195907592773,939200,0.0,0.0,0.05280829015544042,6.083607,0.0016,0.098500006,0.34451,0.06216,0.356,142027210752,0.181,29.523,12943287296,0.315,0.227,0.45,0.2202793529903911,-0.018757948025446166,1.0263519566298853,1.3765822818332791,-0.2290778130332124,0.013989854859610228,0.2309555732143903,0.18470131281221994,0.0025201104082715037,0.0006057380456292723,-0.031199179203312527,2.2997835971460456,231,0.06722926930796083,0.14092028878398402
2013-07-05 00:00:00-04:00,18.772565768639645,18.999446292974717,18.699378097452573,18.98480987548828,1239200,0.0,0.0,0.05280829015544042,6.083607,0.0016,0.098500006,0.34451,0.06216,0.356,142027210752,0.181,29.523,12943287296,0.315,0.227,0.45,0.2202793529903911,-0.018757948025446166,1.0263519566298853,1.3765822818332791,-0.2290778130332124,0.013989854859610228,0.2309555732143903,0.18470131281221994,0.0025201104082715037,0.0006057380456292723,-0.031199179203312527,2.2997835971460456,231,0.06722926930796083,0.14092028878398402
2013-07-08 00:00:00-04:00,19.07995185670246,19.21900828497265,19.014083095729145,19.14582061767578,1810000,0.0,0.0,0.05280829015544042,6.083607,0.0016,0.098500006,0.34451,0.06216,0.356,142027210752,0.181,29.523,12943287296,0.315,0.227,0.45,0.2202793529903911,-0.018757948025446166,1.0263519566298853,1.3765822818332791,-0.2290778130332124,0.013989854859610228,0.2309555732143903,0.18470131281221994,0.0025201104082715037,0.0006057380456292723,-0.031199179203312527,2.2997835971460456,231,0.06722926930796083,0.14092028878398402
2013-07-09 00:00:00-04:00,19.28487770409913,19.423934137115026,18.95553388799272,19.109228134155273,5271600,0.0,0.0,0.05280829015544042,6.083607,0.0016,0.098500006,0.34451,0.06216,0.356,142027210752,0.181,29.523,12943287296,0.315,0.227,0.45,0.2202793529903911,-0.018757948025446166,1.0263519566298853,1.3765822818332791,-0.2290778130332124,0.013989854859610228,0.2309555732143903,0.18470131281221994,0.0025201104082715037,0.0006057380456292723,-0.031199179203312527,2.2997835971460456,231,0.06722926930796083,0.14092028878398402
2013-07-10 00:00:00-04:00,19.10923043497046,19.18241671763825,18.977492892666255,19.04336166381836,3087100,0.0,0.0,0.05280829015544042,6.083607,0.0016,0.098500006,0.34451,0.06216,0.356,142027210752,0.181,29.523,12943287296,0.315,0.227,0.45,0.2202793529903911,-0.018757948025446166,1.0263519566298853,1.3765822818332791,-0.2290778130332124,0.013989854859610228,0.2309555732143903,0.18470131281221994,0.0025201104082715037,0.0006057380456292723,-0.031199179203312527,2.2997835971460456,231,0.06722926930796083,0.14092028878398402
2013-07-11 00:00:00-04:00,19.014081864587897,19.014081864587897,18.52372634016911,18.83843231201172,5185800,0.0,0.0,0.05280829015544042,6.083607,0.0016,0.098500006,0.34451,0.06216,0.356,142027210752,0.181,29.523,12943287296,0.315,0.227,0.45,0.2202793529903911,-0.018757948025446166,1.0263519566298853,1.3765822818332791,-0.2290778130332124,0.013989854859610228,0.2309555732143903,0.18470131281221994,0.0025201104082715037,0.0006057380456292723,-0.031199179203312527,2.2997835971460456,231,0.06722926930796083,0.14092028878398402
2013-07-12 00:00:00-04:00,18.88967133584724,19.021408905606176,18.809166128947233,19.006771087646484,2807700,0.0,0.0,0.05280829015544042,6.083607,0.0016,0.098500006,0.34451,0.06216,0.356,142027210752,0.181,29.523,12943287296,0.315,0.227,0.45,0.2202793529903911,-0.018757948025446166,1.0263519566298853,1.3765822818332791,-0.2290778130332124,0.013989854859610228,0.2309555732143903,0.18470131281221994,0.0025201104082715037,0.0006057380456292723,-0.031199179203312527,2.2997835971460456,231,0.06722926930796083,0.14092028878398402
2013-07-15 00:00:00-04:00,19.043357761273647,19.07995089510853,18.76524491874964,18.867708206176758,3089300,0.0,0.0,0.05280829015544042,6.083607,0.0016,0.098500006,0.34451,0.06216,0.356,142027210752,0.181,29.523,12943287296,0.315,0.227,0.45,0.2202793529903911,-0.018757948025446166,1.0263519566298853,1.3765822818332791,-0.2290778130332124,0.013989854859610228,0.2309555732143903,0.18470131281221994,0.0025201104082715037,0.0006057380456292723,-0.031199179203312527,2.2997835971460456,231,0.06722926930796083,0.14092028878398402
2013-07-16 00:00:00-04:00,18.88966390984521,19.02140142781482,18.78720201628601,18.80183982849121,2930400,0.0,0.0,0.05280829015544042,6.083607,0.0016,0.098500006,0.34451,0.06216,0.356,142027210752,0.181,29.523,12943287296,0.315,0.227,0.45,0.2202793529903911,-0.018757948025446166,1.0263519566298853,1.3765822818332791,-0.2290778130332124,0.013989854859610228,0.2309555732143903,0.18470131281221994,0.0025201104082715037,0.0006057380456292723,-0.031199179203312527,2.2997835971460456,231,0.06722926930796083,0.14092028878398402
2013-07-17 00:00:00-04:00,18.838436537496182,18.911624216470315,18.80184339597855,18.831117630004883,2210100,0.0,0.0,0.05280829015544042,6.083607,0.0016,0.098500006,0.34451,0.06216,0.356,142027210752,0.181,29.523,12943287296,0.315,0.227,0.45,0.2202793529903911,-0.018757948025446166,1.0263519566298853,1.3765822818332791,-0.2290778130332124,0.013989854859610228,0.2309555732143903,0.18470131281221994,0.0025201104082715037,0.0006057380456292723,-0.031199179203312527,2.2997835971460456,231,0.06722926930796083,0.14092028878398402
2013-07-18 00:00:00-04:00,18.860397095867008,19.04336563254572,18.85307818688716,19.006771087646484,3375400,0.0,0.0,0.05280829015544042,6.083607,0.0016,0.098500006,0.34451,0.06216,0.356,142027210752,0.181,29.523,12943287296,0.315,0.227,0.45,0.2202793529903911,-0.018757948025446166,1.0263519566298853,1.3765822818332791,-0.2290778130332124,0.013989854859610228,0.2309555732143903,0.18470131281221994,0.0025201104082715037,0.0006057380456292723,-0.031199179203312527,2.2997835971460456,231,0.06722926930796083,0.14092028878398402
2013-07-19 00:00:00-04:00,19.072635704267842,19.28487983048073,18.93358065185821,19.2482852935791,2751500,0.0,0.0,0.05280829015544042,6.083607,0.0016,0.098500006,0.34451,0.06216,0.356,142027210752,0.181,29.523,12943287296,0.315,0.227,0.45,0.2202793529903911,-0.018757948025446166,1.0263519566298853,1.3765822818332791,-0.2290778130332124,0.013989854859610228,0.2309555732143903,0.18470131281221994,0.0025201104082715037,0.0006057380456292723,-0.031199179203312527,2.2997835971460456,231,0.06722926930796083,0.14092028878398402
2013-07-22 00:00:00-04:00,19.23364889256722,19.31415408194765,19.153142307247947,19.306835174560547,1488200,0.0,0.0,0.05280829015544042,6.083607,0.0016,0.098500006,0.34451,0.06216,0.356,142027210752,0.181,29.523,12943287296,0.315,0.227,0.45,0.2202793529903911,-0.018757948025446166,1.0263519566298853,1.3765822818332791,-0.2290778130332124,0.013989854859610228,0.2309555732143903,0.18470131281221994,0.0025201104082715037,0.0006057380456292723,-0.031199179203312527,2.2997835971460456,231,0.06722926930796083,0.14092028878398402
2013-07-23 00:00:00-04:00,19.336107552806915,19.336107552806915,19.05067719239834,19.094589233398438,5498300,0.0,0.0,0.05280829015544042,6.083607,0.0016,0.098500006,0.34451,0.06216,0.356,142027210752,0.181,29.523,12943287296,0.315,0.227,0.45,0.2202793529903911,-0.018757948025446166,1.0263519566298853,1.3765822818332791,-0.2290778130332124,0.013989854859610228,0.2309555732143903,0.18470131281221994,0.0025201104082715037,0.0006057380456292723,-0.031199179203312527,2.2997835971460456,231,0.06722926930796083,0.14092028878398402
2013-07-24 00:00:00-04:00,19.116549722536863,19.138505049398216,18.853074632689538,18.918943405151367,2800400,0.0,0.0,0.05280829015544042,6.083607,0.0016,0.098500006,0.34451,0.06216,0.356,142027210752,0.181,29.523,12943287296,0.315,0.227,0.45,0.2202793529903911,-0.018757948025446166,1.0263519566298853,1.3765822818332791,-0.2290778130332124,0.013989854859610228,0.2309555732143903,0.18470131281221994,0.0025201104082715037,0.0006057380456292723,-0.031199179203312527,2.2997835971460456,231,0.06722926930796083,0.14092028878398402
2013-07-25 00:00:00-04:00,18.860390579588454,18.99944561434447,18.823796047332657,18.962852478027344,1999700,0.0,0.0,0.05280829015544042,6.083607,0.0016,0.098500006,0.34451,0.06216,0.356,142027210752,0.181,29.523,12943287296,0.315,0.227,0.45,0.2202793529903911,-0.018757948025446166,1.0263519566298853,1.3765822818332791,-0.2290778130332124,0.013989854859610228,0.2309555732143903,0.18470131281221994,0.0025201104082715037,0.0006057380456292723,-0.031199179203312527,2.2997835971460456,231,0.06722926930796083,0.14092028878398402
2013-07-26 00:00:00-04:00,18.867712887275466,19.05068139372172,18.787206297738663,19.028724670410156,1430500,0.0,0.0,0.05280829015544042,6.083607,0.0016,0.098500006,0.34451,0.06216,0.356,142027210752,0.181,29.523,12943287296,0.315,0.227,0.45,0.2202793529903911,-0.018757948025446166,1.0263519566298853,1.3765822818332791,-0.2290778130332124,0.013989854859610228,0.2309555732143903,0.18470131281221994,0.0025201104082715037,0.0006057380456292723,-0.031199179203312527,2.2997835971460456,231,0.06722926930796083,0.14092028878398402
2013-07-29 00:00:00-04:00,18.970172637097512,19.057998124371956,18.896984963691935,18.999446868896484,1438700,0.0,0.0,0.05280829015544042,6.083607,0.0016,0.098500006,0.34451,0.06216,0.356,142027210752,0.181,29.523,12943287296,0.315,0.227,0.45,0.2202793529903911,-0.018757948025446166,1.0263519566298853,1.3765822818332791,-0.2290778130332124,0.013989854859610228,0.2309555732143903,0.18470131281221994,0.0025201104082715037,0.0006057380456292723,-0.031199179203312527,2.2997835971460456,231,0.06722926930796083,0.14092028878398402
2013-07-30 00:00:00-04:00,19.050677959502586,19.153139857941476,18.904302622356738,18.962852478027344,2210000,0.0,0.0,0.05280829015544042,6.083607,0.0016,0.098500006,0.34451,0.06216,0.356,142027210752,0.181,29.523,12943287296,0.315,0.227,0.45,0.2202793529903911,-0.018757948025446166,1.0263519566298853,1.3765822818332791,-0.2290778130332124,0.013989854859610228,0.2309555732143903,0.18470131281221994,0.0025201104082715037,0.0006057380456292723,-0.031199179203312527,2.2997835971460456,231,0.06722926930796083,0.14092028878398402
2013-07-31 00:00:00-04:00,19.028724259501782,19.145823989423604,18.99944862905188,19.036043167114258,3363600,0.0,0.0,0.05280829015544042,6.083607,0.0016,0.098500006,0.34451,0.06216,0.356,142027210752,0.181,29.523,12943287296,0.315,0.227,0.45,0.2202793529903911,-0.018757948025446166,1.0263519566298853,1.3765822818332791,-0.2290778130332124,0.013989854859610228,0.2309555732143903,0.18470131281221994,0.0025201104082715037,0.0006057380456292723,-0.031199179203312527,2.2997835971460456,231,0.06722926930796083,0.14092028878398402
2013-08-01 00:00:00-04:00,19.06531667057529,19.372703798818193,19.06531667057529,19.343429565429688,2412600,0.0,0.0,0.05280829015544042,6.083607,0.0016,0.098500006,0.34451,0.06216,0.356,142027210752,0.181,29.523,12943287296,0.315,0.227,0.45,0.2202793529903911,-0.018757948025446166,1.0263519566298853,1.3765822818332791,-0.2290778130332124,0.013989854859610228,0.2309555732143903,0.18470131281221994,0.0025201104082715037,0.0006057380456292723,-0.031199179203312527,2.2997835971460456,231,0.06722926930796083,0.14092028878398402
2013-08-02 00:00:00-04:00,19.26292634533111,19.30683840105331,19.138507690835652,19.17510223388672,2875100,0.0,0.0,0.05280829015544042,6.083607,0.0016,0.098500006,0.34451,0.06216,0.356,142027210752,0.181,29.523,12943287296,0.315,0.227,0.45,0.2202793529903911,-0.018757948025446166,1.0263519566298853,1.3765822818332791,-0.2290778130332124,0.013989854859610228,0.2309555732143903,0.18470131281221994,0.0025201104082715037,0.0006057380456292723,-0.031199179203312527,2.2997835971460456,231,0.06722926930796083,0.14092028878398402
2013-08-05 00:00:00-04:00,19.094593032075167,19.182417131547087,18.98481220976582,19.036043167114258,6405400,0.0,0.0,0.05280829015544042,6.083607,0.0016,0.098500006,0.34451,0.06216,0.356,142027210752,0.181,29.523,12943287296,0.315,0.227,0.45,0.2202793529903911,-0.018757948025446166,1.0263519566298853,1.3765822818332791,-0.2290778130332124,0.013989854859610228,0.2309555732143903,0.18470131281221994,0.0025201104082715037,0.0006057380456292723,-0.031199179203312527,2.2997835971460456,231,0.06722926930796083,0.14092028878398402
2013-08-06 00:00:00-04:00,19.006765775830917,19.10922907697423,18.955534823228643,18.999446868896484,4106100,0.0,0.0,0.05280829015544042,6.083607,0.0016,0.098500006,0.34451,0.06216,0.356,142027210752,0.181,29.523,12943287296,0.315,0.227,0.45,0.2202793529903911,-0.018757948025446166,1.0263519566298853,1.3765822818332791,-0.2290778130332124,0.013989854859610228,0.2309555732143903,0.18470131281221994,0.0025201104082715037,0.0006057380456292723,-0.031199179203312527,2.2997835971460456,231,0.06722926930796083,0.14092028878398402
2013-08-07 00:00:00-04:00,18.904305705694465,18.904305705694465,18.714018294744,18.765249252319336,3670400,0.0,0.0,0.05280829015544042,6.083607,0.0016,0.098500006,0.34451,0.06216,0.356,142027210752,0.181,29.523,12943287296,0.315,0.227,0.45,0.2202793529903911,-0.018757948025446166,1.0263519566298853,1.3765822818332791,-0.2290778130332124,0.013989854859610228,0.2309555732143903,0.18470131281221994,0.0025201104082715037,0.0006057380456292723,-0.031199179203312527,2.2997835971460456,231,0.06722926930796083,0.14092028878398402
2013-08-08 00:00:00-04:00,18.8018429677013,18.918942693017012,18.743293105043445,18.77988624572754,3284600,0.0,0.0,0.05280829015544042,6.083607,0.0016,0.098500006,0.34451,0.06216,0.356,142027210752,0.181,29.523,12943287296,0.315,0.227,0.45,0.2202793529903911,-0.018757948025446166,1.0263519566298853,1.3765822818332791,-0.2290778130332124,0.013989854859610228,0.2309555732143903,0.18470131281221994,0.0025201104082715037,0.0006057380456292723,-0.031199179203312527,2.2997835971460456,231,0.06722926930796083,0.14092028878398402
2013-08-09 00:00:00-04:00,18.772564371367384,18.88966407817529,18.706695611795613,18.823795318603516,2267800,0.0,0.0,0.05280829015544042,6.083607,0.0016,0.098500006,0.34451,0.06216,0.356,142027210752,0.181,29.523,12943287296,0.315,0.227,0.45,0.2202793529903911,-0.018757948025446166,1.0263519566298853,1.3765822818332791,-0.2290778130332124,0.013989854859610228,0.2309555732143903,0.18470131281221994,0.0025201104082715037,0.0006057380456292723,-0.031199179203312527,2.2997835971460456,231,0.06722926930796083,0.14092028878398402
2013-08-12 00:00:00-04:00,18.69937839159362,18.77988497075964,18.560323349683443,18.684741973876953,2607600,0.0,0.0,0.05280829015544042,6.083607,0.0016,0.098500006,0.34451,0.06216,0.356,142027210752,0.181,29.523,12943287296,0.315,0.227,0.45,0.2202793529903911,-0.018757948025446166,1.0263519566298853,1.3765822818332791,-0.2290778130332124,0.013989854859610228,0.2309555732143903,0.18470131281221994,0.0025201104082715037,0.0006057380456292723,-0.031199179203312527,2.2997835971460456,231,0.06722926930796083,0.14092028878398402
2013-08-13 00:00:00-04:00,18.68473947698452,18.867707935410362,18.596914002727154,18.83843231201172,2745700,0.0,0.0,0.05280829015544042,6.083607,0.0016,0.098500006,0.34451,0.06216,0.356,142027210752,0.181,29.523,12943287296,0.315,0.227,0.45,0.2202793529903911,-0.018757948025446166,1.0263519566298853,1.3765822818332791,-0.2290778130332124,0.013989854859610228,0.2309555732143903,0.18470131281221994,0.0025201104082715037,0.0006057380456292723,-0.031199179203312527,2.2997835971460456,231,0.06722926930796083,0.14092028878398402
2013-08-14 00:00:00-04:00,19.16045718970399,19.16045718970399,18.706694798594945,18.83843231201172,2502100,0.0,0.0,0.05280829015544042,6.083607,0.0016,0.098500006,0.34451,0.06216,0.356,142027210752,0.181,29.523,12943287296,0.315,0.227,0.45,0.2202793529903911,-0.018757948025446166,1.0263519566298853,1.3765822818332791,-0.2290778130332124,0.013989854859610228,0.2309555732143903,0.18470131281221994,0.0025201104082715037,0.0006057380456292723,-0.031199179203312527,2.2997835971460456,231,0.06722926930796083,0.14092028878398402
2013-08-15 00:00:00-04:00,18.72133204545644,18.772562988919827,18.50908936597405,18.553001403808594,2434300,0.0,0.0,0.05280829015544042,6.083607,0.0016,0.098500006,0.34451,0.06216,0.356,142027210752,0.181,29.523,12943287296,0.315,0.227,0.45,0.2202793529903911,-0.018757948025446166,1.0263519566298853,1.3765822818332791,-0.2290778130332124,0.013989854859610228,0.2309555732143903,0.18470131281221994,0.0025201104082715037,0.0006057380456292723,-0.031199179203312527,2.2997835971460456,231,0.06722926930796083,0.14092028878398402
2013-08-16 00:00:00-04:00,18.49445354580476,18.618872163012803,18.370034928596713,18.399309158325195,7185100,0.0,0.0,0.05280829015544042,6.083607,0.0016,0.098500006,0.34451,0.06216,0.356,142027210752,0.181,29.523,12943287296,0.315,0.227,0.45,0.2202793529903911,-0.018757948025446166,1.0263519566298853,1.3765822818332791,-0.2290778130332124,0.013989854859610228,0.2309555732143903,0.18470131281221994,0.0025201104082715037,0.0006057380456292723,-0.031199179203312527,2.2997835971460456,231,0.06722926930796083,0.14092028878398402
2013-08-19 00:00:00-04:00,18.348082249427357,18.450544169946227,18.296851289167922,18.31148910522461,2825400,0.0,0.0,0.05280829015544042,6.083607,0.0016,0.098500006,0.34451,0.06216,0.356,142027210752,0.181,29.523,12943287296,0.315,0.227,0.45,0.2202793529903911,-0.018757948025446166,1.0263519566298853,1.3765822818332791,-0.2290778130332124,0.013989854859610228,0.2309555732143903,0.18470131281221994,0.0025201104082715037,0.0006057380456292723,-0.031199179203312527,2.2997835971460456,231,0.06722926930796083,0.14092028878398402
2013-08-20 00:00:00-04:00,18.32612358397772,18.538366294393057,18.26025481965672,18.479816436767578,2787300,0.0,0.0,0.05280829015544042,6.083607,0.0016,0.098500006,0.34451,0.06216,0.356,142027210752,0.181,29.523,12943287296,0.315,0.227,0.45,0.2202793529903911,-0.018757948025446166,1.0263519566298853,1.3765822818332791,-0.2290778130332124,0.013989854859610228,0.2309555732143903,0.18470131281221994,0.0025201104082715037,0.0006057380456292723,-0.031199179203312527,2.2997835971460456,231,0.06722926930796083,0.14092028878398402
2013-08-21 00:00:00-04:00,18.450542449951172,18.618874527032897,18.333442724291878,18.450542449951172,2876300,0.0,0.0,0.05280829015544042,6.083607,0.0016,0.098500006,0.34451,0.06216,0.356,142027210752,0.181,29.523,12943287296,0.315,0.227,0.45,0.2202793529903911,-0.018757948025446166,1.0263519566298853,1.3765822818332791,-0.2290778130332124,0.013989854859610228,0.2309555732143903,0.18470131281221994,0.0025201104082715037,0.0006057380456292723,-0.031199179203312527,2.2997835971460456,231,0.06722926930796083,0.14092028878398402
2013-08-22 00:00:00-04:00,18.457859115099346,18.66278430807892,18.42126597875309,18.633508682250977,1264400,0.0,0.0,0.05280829015544042,6.083607,0.0016,0.098500006,0.34451,0.06216,0.356,142027210752,0.181,29.523,12943287296,0.315,0.227,0.45,0.2202793529903911,-0.018757948025446166,1.0263519566298853,1.3765822818332791,-0.2290778130332124,0.013989854859610228,0.2309555732143903,0.18470131281221994,0.0025201104082715037,0.0006057380456292723,-0.031199179203312527,2.2997835971460456,231,0.06722926930796083,0.14092028878398402
2013-08-23 00:00:00-04:00,18.626193753114197,18.692062524417064,18.560324981811327,18.655467987060547,1749100,0.0,0.0,0.05280829015544042,6.083607,0.0016,0.098500006,0.34451,0.06216,0.356,142027210752,0.181,29.523,12943287296,0.315,0.227,0.45,0.2202793529903911,-0.018757948025446166,1.0263519566298853,1.3765822818332791,-0.2290778130332124,0.013989854859610228,0.2309555732143903,0.18470131281221994,0.0025201104082715037,0.0006057380456292723,-0.031199179203312527,2.2997835971460456,231,0.06722926930796083,0.14092028878398402
2013-08-26 00:00:00-04:00,18.684740885923215,18.779883877266023,18.57495868583865,18.670103073120117,2460100,0.0,0.0,0.05280829015544042,6.083607,0.0016,0.098500006,0.34451,0.06216,0.356,142027210752,0.181,29.523,12943287296,0.315,0.227,0.45,0.2202793529903911,-0.018757948025446166,1.0263519566298853,1.3765822818332791,-0.2290778130332124,0.013989854859610228,0.2309555732143903,0.18470131281221994,0.0025201104082715037,0.0006057380456292723,-0.031199179203312527,2.2997835971460456,231,0.06722926930796083,0.14092028878398402
2013-08-27 00:00:00-04:00,18.531046214979604,18.55300293367667,18.289527893066406,18.289527893066406,3207200,0.0,0.0,0.05280829015544042,6.083607,0.0016,0.098500006,0.34451,0.06216,0.356,142027210752,0.181,29.523,12943287296,0.315,0.227,0.45,0.2202793529903911,-0.018757948025446166,1.0263519566298853,1.3765822818332791,-0.2290778130332124,0.013989854859610228,0.2309555732143903,0.18470131281221994,0.0025201104082715037,0.0006057380456292723,-0.031199179203312527,2.2997835971460456,231,0.06722926930796083,0.14092028878398402
2013-08-28 00:00:00-04:00,18.260253255366404,18.38467186665439,18.209020912886626,18.296846389770508,2395500,0.0,0.0,0.05280829015544042,6.083607,0.0016,0.098500006,0.34451,0.06216,0.356,142027210752,0.181,29.523,12943287296,0.315,0.227,0.45,0.2202793529903911,-0.018757948025446166,1.0263519566298853,1.3765822818332791,-0.2290778130332124,0.013989854859610228,0.2309555732143903,0.18470131281221994,0.0025201104082715037,0.0006057380456292723,-0.031199179203312527,2.2997835971460456,231,0.06722926930796083,0.14092028878398402
2013-08-29 00:00:00-04:00,18.238297265270706,18.49445340414149,18.194385223045007,18.435903549194336,1743600,0.0,0.0,0.05280829015544042,6.083607,0.0016,0.098500006,0.34451,0.06216,0.356,142027210752,0.181,29.523,12943287296,0.315,0.227,0.45,0.2202793529903911,-0.018757948025446166,1.0263519566298853,1.3765822818332791,-0.2290778130332124,0.013989854859610228,0.2309555732143903,0.18470131281221994,0.0025201104082715037,0.0006057380456292723,-0.031199179203312527,2.2997835971460456,231,0.06722926930796083,0.14092028878398402
2013-08-30 00:00:00-04:00,18.406627628054416,18.443222159270164,18.289527920041287,18.34807777404785,1809800,0.0,0.0,0.05280829015544042,6.083607,0.0016,0.098500006,0.34451,0.06216,0.356,142027210752,0.181,29.523,12943287296,0.315,0.227,0.45,0.2202793529903911,-0.018757948025446166,1.0263519566298853,1.3765822818332791,-0.2290778130332124,0.013989854859610228,0.2309555732143903,0.18470131281221994,0.0025201104082715037,0.0006057380456292723,-0.031199179203312527,2.2997835971460456,231,0.06722926930796083,0.14092028878398402
2013-09-03 00:00:00-04:00,18.523728481002006,18.69206054312163,18.362716721516623,18.479816436767578,1485300,0.0,0.0,0.05280829015544042,6.083607,0.0016,0.098500006,0.34451,0.06216,0.356,142027210752,0.181,29.523,12943287296,0.315,0.227,0.45,0.2202793529903911,-0.018757948025446166,1.0263519566298853,1.3765822818332791,-0.2290778130332124,0.013989854859610228,0.2309555732143903,0.18470131281221994,0.0025201104082715037,0.0006057380456292723,-0.031199179203312527,2.2997835971460456,231,0.06722926930796083,0.14092028878398402
2013-09-04 00:00:00-04:00,18.4944603933969,18.626197965797697,18.41395378894326,18.53105354309082,1359100,0.0,0.0,0.05280829015544042,6.083607,0.0016,0.098500006,0.34451,0.06216,0.356,142027210752,0.181,29.523,12943287296,0.315,0.227,0.45,0.2202793529903911,-0.018757948025446166,1.0263519566298853,1.3765822818332791,-0.2290778130332124,0.013989854859610228,0.2309555732143903,0.18470131281221994,0.0025201104082715037,0.0006057380456292723,-0.031199179203312527,2.2997835971460456,231,0.06722926930796083,0.14092028878398402
2013-09-05 00:00:00-04:00,18.509091435123597,18.684741002036322,18.509091435123597,18.57495880126953,1152100,0.0,0.0,0.05280829015544042,6.083607,0.0016,0.098500006,0.34451,0.06216,0.356,142027210752,0.181,29.523,12943287296,0.315,0.227,0.45,0.2202793529903911,-0.018757948025446166,1.0263519566298853,1.3765822818332791,-0.2290778130332124,0.013989854859610228,0.2309555732143903,0.18470131281221994,0.0025201104082715037,0.0006057380456292723,-0.031199179203312527,2.2997835971460456,231,0.06722926930796083,0.14092028878398402
2013-09-06 00:00:00-04:00,18.61155593817159,18.772567714723678,18.457861673151942,18.655467987060547,2312400,0.0,0.0,0.05280829015544042,6.083607,0.0016,0.098500006,0.34451,0.06216,0.356,142027210752,0.181,29.523,12943287296,0.315,0.227,0.45,0.2202793529903911,-0.018757948025446166,1.0263519566298853,1.3765822818332791,-0.2290778130332124,0.013989854859610228,0.2309555732143903,0.18470131281221994,0.0025201104082715037,0.0006057380456292723,-0.031199179203312527,2.2997835971460456,231,0.06722926930796083,0.14092028878398402
2013-09-09 00:00:00-04:00,18.670103199674323,19.01408342724679,18.670103199674323,18.962852478027344,2418500,0.0,0.0,0.05280829015544042,6.083607,0.0016,0.098500006,0.34451,0.06216,0.356,142027210752,0.181,29.523,12943287296,0.315,0.227,0.45,0.2202793529903911,-0.018757948025446166,1.0263519566298853,1.3765822818332791,-0.2290778130332124,0.013989854859610228,0.2309555732143903,0.18470131281221994,0.0025201104082715037,0.0006057380456292723,-0.031199179203312527,2.2997835971460456,231,0.06722926930796083,0.14092028878398402
2013-09-10 00:00:00-04:00,19.043361399064516,19.101911261948068,18.88234822918062,19.01408576965332,2062900,0.0,0.0,0.05280829015544042,6.083607,0.0016,0.098500006,0.34451,0.06216,0.356,142027210752,0.181,29.523,12943287296,0.315,0.227,0.45,0.2202793529903911,-0.018757948025446166,1.0263519566298853,1.3765822818332791,-0.2290778130332124,0.013989854859610228,0.2309555732143903,0.18470131281221994,0.0025201104082715037,0.0006057380456292723,-0.031199179203312527,2.2997835971460456,231,0.06722926930796083,0.14092028878398402
2013-09-11 00:00:00-04:00,19.021402770494927,19.409296445681726,18.992128539956724,19.4019775390625,4491000,0.0,0.0,0.05280829015544042,6.083607,0.0016,0.098500006,0.34451,0.06216,0.356,142027210752,0.181,29.523,12943287296,0.315,0.227,0.45,0.2202793529903911,-0.018757948025446166,1.0263519566298853,1.3765822818332791,-0.2290778130332124,0.013989854859610228,0.2309555732143903,0.18470131281221994,0.0025201104082715037,0.0006057380456292723,-0.031199179203312527,2.2997835971460456,231,0.06722926930796083,0.14092028878398402
2013-09-12 00:00:00-04:00,19.350754191190713,19.350754191190713,18.962860363608193,18.992136001586914,3513700,0.0,0.0,0.05280829015544042,6.083607,0.0016,0.098500006,0.34451,0.06216,0.356,142027210752,0.181,29.523,12943287296,0.315,0.227,0.45,0.2202793529903911,-0.018757948025446166,1.0263519566298853,1.3765822818332791,-0.2290778130332124,0.013989854859610228,0.2309555732143903,0.18470131281221994,0.0025201104082715037,0.0006057380456292723,-0.031199179203312527,2.2997835971460456,231,0.06722926930796083,0.14092028878398402
2013-09-13 00:00:00-04:00,19.065311637004196,19.123861484261873,18.91161881142972,18.977487564086914,2203700,0.0,0.0,0.05280829015544042,6.083607,0.0016,0.098500006,0.34451,0.06216,0.356,142027210752,0.181,29.523,12943287296,0.315,0.227,0.45,0.2202793529903911,-0.018757948025446166,1.0263519566298853,1.3765822818332791,-0.2290778130332124,0.013989854859610228,0.2309555732143903,0.18470131281221994,0.0025201104082715037,0.0006057380456292723,-0.031199179203312527,2.2997835971460456,231,0.06722926930796083,0.14092028878398402
2013-09-16 00:00:00-04:00,19.16777967637282,19.211691723735633,19.101910907359194,19.197053909301758,1505700,0.0,0.0,0.05280829015544042,6.083607,0.0016,0.098500006,0.34451,0.06216,0.356,142027210752,0.181,29.523,12943287296,0.315,0.227,0.45,0.2202793529903911,-0.018757948025446166,1.0263519566298853,1.3765822818332791,-0.2290778130332124,0.013989854859610228,0.2309555732143903,0.18470131281221994,0.0025201104082715037,0.0006057380456292723,-0.031199179203312527,2.2997835971460456,231,0.06722926930796083,0.14092028878398402
2013-09-17 00:00:00-04:00,19.211691333448314,19.306834333458042,19.014085030421825,19.262922286987305,2178800,0.0,0.0,0.05280829015544042,6.083607,0.0016,0.098500006,0.34451,0.06216,0.356,142027210752,0.181,29.523,12943287296,0.315,0.227,0.45,0.2202793529903911,-0.018757948025446166,1.0263519566298853,1.3765822818332791,-0.2290778130332124,0.013989854859610228,0.2309555732143903,0.18470131281221994,0.0025201104082715037,0.0006057380456292723,-0.031199179203312527,2.2997835971460456,231,0.06722926930796083,0.14092028878398402
2013-09-18 00:00:00-04:00,19.262920508537764,19.60690212929365,19.175096423704655,19.5556697845459,3741400,0.0,0.0,0.05280829015544042,6.083607,0.0016,0.098500006,0.34451,0.06216,0.356,142027210752,0.181,29.523,12943287296,0.315,0.227,0.45,0.2202793529903911,-0.018757948025446166,1.0263519566298853,1.3765822818332791,-0.2290778130332124,0.013989854859610228,0.2309555732143903,0.18470131281221994,0.0025201104082715037,0.0006057380456292723,-0.031199179203312527,2.2997835971460456,231,0.06722926930796083,0.14092028878398402
2013-09-19 00:00:00-04:00,19.599587349631392,19.811830095948405,19.577630625830754,19.76059913635254,2702100,0.0,0.0,0.05280829015544042,6.083607,0.0016,0.098500006,0.34451,0.06216,0.356,142027210752,0.181,29.523,12943287296,0.315,0.227,0.45,0.2202793529903911,-0.018757948025446166,1.0263519566298853,1.3765822818332791,-0.2290778130332124,0.013989854859610228,0.2309555732143903,0.18470131281221994,0.0025201104082715037,0.0006057380456292723,-0.031199179203312527,2.2997835971460456,231,0.06722926930796083,0.14092028878398402
2013-09-20 00:00:00-04:00,19.819144086134802,19.88501284525367,19.716682192367056,19.745956420898438,3279100,0.0,0.0,0.05280829015544042,6.083607,0.0016,0.098500006,0.34451,0.06216,0.356,142027210752,0.181,29.523,12943287296,0.315,0.227,0.45,0.2202793529903911,-0.018757948025446166,1.0263519566298853,1.3765822818332791,-0.2290778130332124,0.013989854859610228,0.2309555732143903,0.18470131281221994,0.0025201104082715037,0.0006057380456292723,-0.031199179203312527,2.2997835971460456,231,0.06722926930796083,0.14092028878398402
2013-09-23 00:00:00-04:00,19.643494527130695,19.775232045368426,19.592263580246822,19.745956420898438,3686700,0.0,0.0,0.05280829015544042,6.083607,0.0016,0.098500006,0.34451,0.06216,0.356,142027210752,0.181,29.523,12943287296,0.315,0.227,0.45,0.2202793529903911,-0.018757948025446166,1.0263519566298853,1.3765822818332791,-0.2290778130332124,0.013989854859610228,0.2309555732143903,0.18470131281221994,0.0025201104082715037,0.0006057380456292723,-0.031199179203312527,2.2997835971460456,231,0.06722926930796083,0.14092028878398402
2013-09-24 00:00:00-04:00,19.70204251048673,19.906967674514245,19.672766888794882,19.80450439453125,3441800,0.0,0.0,0.05280829015544042,6.083607,0.0016,0.098500006,0.34451,0.06216,0.356,142027210752,0.181,29.523,12943287296,0.315,0.227,0.45,0.2202793529903911,-0.018757948025446166,1.0263519566298853,1.3765822818332791,-0.2290778130332124,0.013989854859610228,0.2309555732143903,0.18470131281221994,0.0025201104082715037,0.0006057380456292723,-0.031199179203312527,2.2997835971460456,231,0.06722926930796083,0.14092028878398402
2013-09-25 00:00:00-04:00,19.789871693557494,20.07530207892691,19.738639345982065,19.958202362060547,4593300,0.0,0.0,0.05280829015544042,6.083607,0.0016,0.098500006,0.34451,0.06216,0.356,142027210752,0.181,29.523,12943287296,0.315,0.227,0.45,0.2202793529903911,-0.018757948025446166,1.0263519566298853,1.3765822818332791,-0.2290778130332124,0.013989854859610228,0.2309555732143903,0.18470131281221994,0.0025201104082715037,0.0006057380456292723,-0.031199179203312527,2.2997835971460456,231,0.06722926930796083,0.14092028878398402
2013-09-26 00:00:00-04:00,19.958202384542854,20.163126191320462,19.921607850519184,20.016752243041992,3254300,0.0,0.0,0.05280829015544042,6.083607,0.0016,0.098500006,0.34451,0.06216,0.356,142027210752,0.181,29.523,12943287296,0.315,0.227,0.45,0.2202793529903911,-0.018757948025446166,1.0263519566298853,1.3765822818332791,-0.2290778130332124,0.013989854859610228,0.2309555732143903,0.18470131281221994,0.0025201104082715037,0.0006057380456292723,-0.031199179203312527,2.2997835971460456,231,0.06722926930796083,0.14092028878398402
2013-09-27 00:00:00-04:00,19.914290169062692,20.038708800521313,19.863059214215994,19.994796752929688,4596700,0.0,0.0,0.05280829015544042,6.083607,0.0016,0.098500006,0.34451,0.06216,0.356,142027210752,0.181,29.523,12943287296,0.315,0.227,0.45,0.2202793529903911,-0.018757948025446166,1.0263519566298853,1.3765822818332791,-0.2290778130332124,0.013989854859610228,0.2309555732143903,0.18470131281221994,0.0025201104082715037,0.0006057380456292723,-0.031199179203312527,2.2997835971460456,231,0.06722926930796083,0.14092028878398402
2013-09-30 00:00:00-04:00,19.82646646353702,19.97284181963764,19.709366737032063,19.92892837524414,4527100,0.0,0.0,0.05280829015544042,6.083607,0.0016,0.098500006,0.34451,0.06216,0.356,142027210752,0.181,29.523,12943287296,0.315,0.227,0.45,0.2202793529903911,-0.018757948025446166,1.0263519566298853,1.3765822818332791,-0.2290778130332124,0.013989854859610228,0.2309555732143903,0.18470131281221994,0.0025201104082715037,0.0006057380456292723,-0.031199179203312527,2.2997835971460456,231,0.06722926930796083,0.14092028878398402
2013-10-01 00:00:00-04:00,19.96552129134759,20.08262100834586,19.877695805629518,20.016752243041992,3269200,0.0,0.0,0.05280829015544042,6.083607,0.0016,0.098500006,0.34451,0.06216,0.356,142027210752,0.181,29.523,12943287296,0.315,0.227,0.45,0.2202793529903911,-0.018757948025446166,1.0263519566298853,1.3765822818332791,-0.2290778130332124,0.013989854859610228,0.2309555732143903,0.18470131281221994,0.0025201104082715037,0.0006057380456292723,-0.031199179203312527,2.2997835971460456,231,0.06722926930796083,0.14092028878398402
2013-10-02 00:00:00-04:00,19.71668361655007,19.96552085876465,19.687407989965433,19.96552085876465,3311800,0.0,0.0,0.05280829015544042,6.083607,0.0016,0.098500006,0.34451,0.06216,0.356,142027210752,0.181,29.523,12943287296,0.315,0.227,0.45,0.2202793529903911,-0.018757948025446166,1.0263519566298853,1.3765822818332791,-0.2290778130332124,0.013989854859610228,0.2309555732143903,0.18470131281221994,0.0025201104082715037,0.0006057380456292723,-0.031199179203312527,2.2997835971460456,231,0.06722926930796083,0.14092028878398402
2013-10-03 00:00:00-04:00,19.892332077026367,19.943563024748936,19.745956744157343,19.892332077026367,11752000,0.0,0.0,0.05280829015544042,6.083607,0.0016,0.098500006,0.34451,0.06216,0.356,142027210752,0.181,29.523,12943287296,0.315,0.227,0.45,0.2202793529903911,-0.018757948025446166,1.0263519566298853,1.3765822818332791,-0.2290778130332124,0.013989854859610228,0.2309555732143903,0.18470131281221994,0.0025201104082715037,0.0006057380456292723,-0.031199179203312527,2.2997835971460456,231,0.06722926930796083,0.14092028878398402
2013-10-04 00:00:00-04:00,19.870376898824784,20.024071149846726,19.811827040325646,20.016752243041992,5949400,0.0,0.0,0.05280829015544042,6.083607,0.0016,0.098500006,0.34451,0.06216,0.356,142027210752,0.181,29.523,12943287296,0.315,0.227,0.45,0.2202793529903911,-0.018757948025446166,1.0263519566298853,1.3765822818332791,-0.2290778130332124,0.013989854859610228,0.2309555732143903,0.18470131281221994,0.0025201104082715037,0.0006057380456292723,-0.031199179203312527,2.2997835971460456,231,0.06722926930796083,0.14092028878398402
2013-10-07 00:00:00-04:00,19.753280490364574,19.928930095282077,19.731323766272773,19.789875030517578,2531800,0.0,0.0,0.05280829015544042,6.083607,0.0016,0.098500006,0.34451,0.06216,0.356,142027210752,0.181,29.523,12943287296,0.315,0.227,0.45,0.2202793529903911,-0.018757948025446166,1.0263519566298853,1.3765822818332791,-0.2290778130332124,0.013989854859610228,0.2309555732143903,0.18470131281221994,0.0025201104082715037,0.0006057380456292723,-0.031199179203312527,2.2997835971460456,231,0.06722926930796083,0.14092028878398402
2013-10-08 00:00:00-04:00,19.789872760815182,19.811828086449957,19.46784782409668,19.46784782409668,3675200,0.0,0.0,0.05280829015544042,6.083607,0.0016,0.098500006,0.34451,0.06216,0.356,142027210752,0.181,29.523,12943287296,0.315,0.227,0.45,0.2202793529903911,-0.018757948025446166,1.0263519566298853,1.3765822818332791,-0.2290778130332124,0.013989854859610228,0.2309555732143903,0.18470131281221994,0.0025201104082715037,0.0006057380456292723,-0.031199179203312527,2.2997835971460456,231,0.06722926930796083,0.14092028878398402
2013-10-09 00:00:00-04:00,19.431254766725274,19.592267945305927,19.19705530254133,19.41661834716797,4291100,0.0,0.0,0.05280829015544042,6.083607,0.0016,0.098500006,0.34451,0.06216,0.356,142027210752,0.181,29.523,12943287296,0.315,0.227,0.45,0.2202793529903911,-0.018757948025446166,1.0263519566298853,1.3765822818332791,-0.2290778130332124,0.013989854859610228,0.2309555732143903,0.18470131281221994,0.0025201104082715037,0.0006057380456292723,-0.031199179203312527,2.2997835971460456,231,0.06722926930796083,0.14092028878398402
2013-10-10 00:00:00-04:00,19.57762600802205,19.71668243408203,19.489800529474003,19.71668243408203,3577000,0.0,0.0,0.05280829015544042,6.083607,0.0016,0.098500006,0.34451,0.06216,0.356,142027210752,0.181,29.523,12943287296,0.315,0.227,0.45,0.2202793529903911,-0.018757948025446166,1.0263519566298853,1.3765822818332791,-0.2290778130332124,0.013989854859610228,0.2309555732143903,0.18470131281221994,0.0025201104082715037,0.0006057380456292723,-0.031199179203312527,2.2997835971460456,231,0.06722926930796083,0.14092028878398402
2013-10-11 00:00:00-04:00,19.643490613913347,19.65080951857283,19.482478899219682,19.570302963256836,5056100,0.0,0.0,0.05280829015544042,6.083607,0.0016,0.098500006,0.34451,0.06216,0.356,142027210752,0.181,29.523,12943287296,0.315,0.227,0.45,0.2202793529903911,-0.018757948025446166,1.0263519566298853,1.3765822818332791,-0.2290778130332124,0.013989854859610228,0.2309555732143903,0.18470131281221994,0.0025201104082715037,0.0006057380456292723,-0.031199179203312527,2.2997835971460456,231,0.06722926930796083,0.14092028878398402
2013-10-14 00:00:00-04:00,19.489801290241786,19.606902398189664,19.328789535213804,19.584945678710938,2427000,0.0,0.0,0.05280829015544042,6.083607,0.0016,0.098500006,0.34451,0.06216,0.356,142027210752,0.181,29.523,12943287296,0.315,0.227,0.45,0.2202793529903911,-0.018757948025446166,1.0263519566298853,1.3765822818332791,-0.2290778130332124,0.013989854859610228,0.2309555732143903,0.18470131281221994,0.0025201104082715037,0.0006057380456292723,-0.031199179203312527,2.2997835971460456,231,0.06722926930796083,0.14092028878398402
2013-10-15 00:00:00-04:00,19.504438232716403,19.577625898440353,19.350745391040867,19.48248291015625,2773200,0.0,0.0,0.05280829015544042,6.083607,0.0016,0.098500006,0.34451,0.06216,0.356,142027210752,0.181,29.523,12943287296,0.315,0.227,0.45,0.2202793529903911,-0.018757948025446166,1.0263519566298853,1.3765822818332791,-0.2290778130332124,0.013989854859610228,0.2309555732143903,0.18470131281221994,0.0025201104082715037,0.0006057380456292723,-0.031199179203312527,2.2997835971460456,231,0.06722926930796083,0.14092028878398402
2013-10-16 00:00:00-04:00,19.6215385085583,19.848420418476376,19.592264278982885,19.82646369934082,2445000,0.0,0.0,0.05280829015544042,6.083607,0.0016,0.098500006,0.34451,0.06216,0.356,142027210752,0.181,29.523,12943287296,0.315,0.227,0.45,0.2202793529903911,-0.018757948025446166,1.0263519566298853,1.3765822818332791,-0.2290778130332124,0.013989854859610228,0.2309555732143903,0.18470131281221994,0.0025201104082715037,0.0006057380456292723,-0.031199179203312527,2.2997835971460456,231,0.06722926930796083,0.14092028878398402
2013-10-17 00:00:00-04:00,19.694729719377943,19.921610274171922,19.665455484536256,19.855741500854492,2315600,0.0,0.0,0.05280829015544042,6.083607,0.0016,0.098500006,0.34451,0.06216,0.356,142027210752,0.181,29.523,12943287296,0.315,0.227,0.45,0.2202793529903911,-0.018757948025446166,1.0263519566298853,1.3765822818332791,-0.2290778130332124,0.013989854859610228,0.2309555732143903,0.18470131281221994,0.0025201104082715037,0.0006057380456292723,-0.031199179203312527,2.2997835971460456,231,0.06722926930796083,0.14092028878398402
2013-10-18 00:00:00-04:00,19.855735370077376,19.885010991818653,19.709361449186424,19.863054275512695,3716200,0.0,0.0,0.05280829015544042,6.083607,0.0016,0.098500006,0.34451,0.06216,0.356,142027210752,0.181,29.523,12943287296,0.315,0.227,0.45,0.2202793529903911,-0.018757948025446166,1.0263519566298853,1.3765822818332791,-0.2290778130332124,0.013989854859610228,0.2309555732143903,0.18470131281221994,0.0025201104082715037,0.0006057380456292723,-0.031199179203312527,2.2997835971460456,231,0.06722926930796083,0.14092028878398402
2013-10-21 00:00:00-04:00,19.88501780625888,19.965524397697894,19.775236978985017,19.87769889831543,2599100,0.0,0.0,0.05280829015544042,6.083607,0.0016,0.098500006,0.34451,0.06216,0.356,142027210752,0.181,29.523,12943287296,0.315,0.227,0.45,0.2202793529903911,-0.018757948025446166,1.0263519566298853,1.3765822818332791,-0.2290778130332124,0.013989854859610228,0.2309555732143903,0.18470131281221994,0.0025201104082715037,0.0006057380456292723,-0.031199179203312527,2.2997835971460456,231,0.06722926930796083,0.14092028878398402
2013-10-22 00:00:00-04:00,19.928925908245628,19.972839347203088,19.519076916213425,19.584945678710938,6847900,0.0,0.0,0.05280829015544042,6.083607,0.0016,0.098500006,0.34451,0.06216,0.356,142027210752,0.181,29.523,12943287296,0.315,0.227,0.45,0.2202793529903911,-0.018757948025446166,1.0263519566298853,1.3765822818332791,-0.2290778130332124,0.013989854859610228,0.2309555732143903,0.18470131281221994,0.0025201104082715037,0.0006057380456292723,-0.031199179203312527,2.2997835971460456,231,0.06722926930796083,0.14092028878398402
2013-10-23 00:00:00-04:00,19.504437026769985,19.738636425855336,19.350744194597173,19.7313175201416,4877900,0.0,0.0,0.05280829015544042,6.083607,0.0016,0.098500006,0.34451,0.06216,0.356,142027210752,0.181,29.523,12943287296,0.315,0.227,0.45,0.2202793529903911,-0.018757948025446166,1.0263519566298853,1.3765822818332791,-0.2290778130332124,0.013989854859610228,0.2309555732143903,0.18470131281221994,0.0025201104082715037,0.0006057380456292723,-0.031199179203312527,2.2997835971460456,231,0.06722926930796083,0.14092028878398402
2013-10-24 00:00:00-04:00,19.833786792584355,19.943567619559275,19.636180466466126,19.64349937438965,4137500,0.0,0.0,0.05280829015544042,6.083607,0.0016,0.098500006,0.34451,0.06216,0.356,142027210752,0.181,29.523,12943287296,0.315,0.227,0.45,0.2202793529903911,-0.018757948025446166,1.0263519566298853,1.3765822818332791,-0.2290778130332124,0.013989854859610228,0.2309555732143903,0.18470131281221994,0.0025201104082715037,0.0006057380456292723,-0.031199179203312527,2.2997835971460456,231,0.06722926930796083,0.14092028878398402
2013-10-25 00:00:00-04:00,19.82645958019329,19.82645958019329,19.350741931934053,19.358060836791992,3308200,0.0,0.0,0.05280829015544042,6.083607,0.0016,0.098500006,0.34451,0.06216,0.356,142027210752,0.181,29.523,12943287296,0.315,0.227,0.45,0.2202793529903911,-0.018757948025446166,1.0263519566298853,1.3765822818332791,-0.2290778130332124,0.013989854859610228,0.2309555732143903,0.18470131281221994,0.0025201104082715037,0.0006057380456292723,-0.031199179203312527,2.2997835971460456,231,0.06722926930796083,0.14092028878398402
2013-10-28 00:00:00-04:00,19.3946617280099,19.409299543584684,19.18973649777971,19.204374313354492,4274600,0.0,0.0,0.05280829015544042,6.083607,0.0016,0.098500006,0.34451,0.06216,0.356,142027210752,0.181,29.523,12943287296,0.315,0.227,0.45,0.2202793529903911,-0.018757948025446166,1.0263519566298853,1.3765822818332791,-0.2290778130332124,0.013989854859610228,0.2309555732143903,0.18470131281221994,0.0025201104082715037,0.0006057380456292723,-0.031199179203312527,2.2997835971460456,231,0.06722926930796083,0.14092028878398402
2013-10-29 00:00:00-04:00,19.248284041292,19.299516389621115,19.15314104341544,19.21169090270996,3098200,0.0,0.0,0.05280829015544042,6.083607,0.0016,0.098500006,0.34451,0.06216,0.356,142027210752,0.181,29.523,12943287296,0.315,0.227,0.45,0.2202793529903911,-0.018757948025446166,1.0263519566298853,1.3765822818332791,-0.2290778130332124,0.013989854859610228,0.2309555732143903,0.18470131281221994,0.0025201104082715037,0.0006057380456292723,-0.031199179203312527,2.2997835971460456,231,0.06722926930796083,0.14092028878398402
2013-10-30 00:00:00-04:00,19.211689378649098,19.23364609761975,19.057996533670455,19.14582061767578,2503900,0.0,0.0,0.05280829015544042,6.083607,0.0016,0.098500006,0.34451,0.06216,0.356,142027210752,0.181,29.523,12943287296,0.315,0.227,0.45,0.2202793529903911,-0.018757948025446166,1.0263519566298853,1.3765822818332791,-0.2290778130332124,0.013989854859610228,0.2309555732143903,0.18470131281221994,0.0025201104082715037,0.0006057380456292723,-0.031199179203312527,2.2997835971460456,231,0.06722926930796083,0.14092028878398402
2013-10-31 00:00:00-04:00,19.219015260244582,19.22633416922443,19.006771087646484,19.006771087646484,3726800,0.0,0.0,0.05280829015544042,6.083607,0.0016,0.098500006,0.34451,0.06216,0.356,142027210752,0.181,29.523,12943287296,0.315,0.227,0.45,0.2202793529903911,-0.018757948025446166,1.0263519566298853,1.3765822818332791,-0.2290778130332124,0.013989854859610228,0.2309555732143903,0.18470131281221994,0.0025201104082715037,0.0006057380456292723,-0.031199179203312527,2.2997835971460456,231,0.06722926930796083,0.14092028878398402
2013-11-01 00:00:00-04:00,19.01408603400015,19.0726358976977,18.889667399150497,19.04336166381836,3484900,0.0,0.0,0.05280829015544042,6.083607,0.0016,0.098500006,0.34451,0.06216,0.356,142027210752,0.181,29.523,12943287296,0.315,0.227,0.45,0.2202793529903911,-0.018757948025446166,1.0263519566298853,1.3765822818332791,-0.2290778130332124,0.013989854859610228,0.2309555732143903,0.18470131281221994,0.0025201104082715037,0.0006057380456292723,-0.031199179203312527,2.2997835971460456,231,0.06722926930796083,0.14092028878398402
2013-11-04 00:00:00-05:00,19.08727523734173,19.226331698208632,19.04336318504549,19.167781829833984,3216800,0.0,0.0,0.05280829015544042,6.083607,0.0016,0.098500006,0.34451,0.06216,0.356,142027210752,0.181,29.523,12943287296,0.315,0.227,0.45,0.2202793529903911,-0.018757948025446166,1.0263519566298853,1.3765822818332791,-0.2290778130332124,0.013989854859610228,0.2309555732143903,0.18470131281221994,0.0025201104082715037,0.0006057380456292723,-0.031199179203312527,2.2997835971460456,231,0.06722926930796083,0.14092028878398402
2013-11-05 00:00:00-05:00,19.138505539206893,19.33611186164969,19.101912396208856,19.204374313354492,3493100,0.0,0.0,0.05280829015544042,6.083607,0.0016,0.098500006,0.34451,0.06216,0.356,142027210752,0.181,29.523,12943287296,0.315,0.227,0.45,0.2202793529903911,-0.018757948025446166,1.0263519566298853,1.3765822818332791,-0.2290778130332124,0.013989854859610228,0.2309555732143903,0.18470131281221994,0.0025201104082715037,0.0006057380456292723,-0.031199179203312527,2.2997835971460456,231,0.06722926930796083,0.14092028878398402
2013-11-06 00:00:00-05:00,19.306830843920526,19.431249449715715,19.21168786110705,19.40929412841797,1893100,0.0,0.0,0.05280829015544042,6.083607,0.0016,0.098500006,0.34451,0.06216,0.356,142027210752,0.181,29.523,12943287296,0.315,0.227,0.45,0.2202793529903911,-0.018757948025446166,1.0263519566298853,1.3765822818332791,-0.2290778130332124,0.013989854859610228,0.2309555732143903,0.18470131281221994,0.0025201104082715037,0.0006057380456292723,-0.031199179203312527,2.2997835971460456,231,0.06722926930796083,0.14092028878398402
2013-11-07 00:00:00-05:00,19.292195952269516,19.45320770357171,19.138501711352227,19.14582061767578,2983700,0.0,0.0,0.05280829015544042,6.083607,0.0016,0.098500006,0.34451,0.06216,0.356,142027210752,0.181,29.523,12943287296,0.315,0.227,0.45,0.2202793529903911,-0.018757948025446166,1.0263519566298853,1.3765822818332791,-0.2290778130332124,0.013989854859610228,0.2309555732143903,0.18470131281221994,0.0025201104082715037,0.0006057380456292723,-0.031199179203312527,2.2997835971460456,231,0.06722926930796083,0.14092028878398402
2013-11-08 00:00:00-05:00,19.14582181816992,19.453208923339844,19.13118400460499,19.453208923339844,2054100,0.0,0.0,0.05280829015544042,6.083607,0.0016,0.098500006,0.34451,0.06216,0.356,142027210752,0.181,29.523,12943287296,0.315,0.227,0.45,0.2202793529903911,-0.018757948025446166,1.0263519566298853,1.3765822818332791,-0.2290778130332124,0.013989854859610228,0.2309555732143903,0.18470131281221994,0.0025201104082715037,0.0006057380456292723,-0.031199179203312527,2.2997835971460456,231,0.06722926930796083,0.14092028878398402
2013-11-11 00:00:00-05:00,19.372699599690833,19.46784397844285,19.358063184138516,19.40929412841797,1785600,0.0,0.0,0.05280829015544042,6.083607,0.0016,0.098500006,0.34451,0.06216,0.356,142027210752,0.181,29.523,12943287296,0.315,0.227,0.45,0.2202793529903911,-0.018757948025446166,1.0263519566298853,1.3765822818332791,-0.2290778130332124,0.013989854859610228,0.2309555732143903,0.18470131281221994,0.0025201104082715037,0.0006057380456292723,-0.031199179203312527,2.2997835971460456,231,0.06722926930796083,0.14092028878398402
2013-11-12 00:00:00-05:00,19.431249449715715,19.46784397844285,19.29219442836821,19.40929412841797,4223900,0.0,0.0,0.05280829015544042,6.083607,0.0016,0.098500006,0.34451,0.06216,0.356,142027210752,0.181,29.523,12943287296,0.315,0.227,0.45,0.2202793529903911,-0.018757948025446166,1.0263519566298853,1.3765822818332791,-0.2290778130332124,0.013989854859610228,0.2309555732143903,0.18470131281221994,0.0025201104082715037,0.0006057380456292723,-0.031199179203312527,2.2997835971460456,231,0.06722926930796083,0.14092028878398402
2013-11-13 00:00:00-05:00,19.39465879667508,19.855738750081116,19.39465879667508,19.811826705932617,5491100,0.0,0.0,0.05280829015544042,6.083607,0.0016,0.098500006,0.34451,0.06216,0.356,142027210752,0.181,29.523,12943287296,0.315,0.227,0.45,0.2202793529903911,-0.018757948025446166,1.0263519566298853,1.3765822818332791,-0.2290778130332124,0.013989854859610228,0.2309555732143903,0.18470131281221994,0.0025201104082715037,0.0006057380456292723,-0.031199179203312527,2.2997835971460456,231,0.06722926930796083,0.14092028878398402
2013-11-14 00:00:00-05:00,19.870378547138905,20.089941581678204,19.775235542662408,20.04602813720703,3047400,0.0,0.0,0.05280829015544042,6.083607,0.0016,0.098500006,0.34451,0.06216,0.356,142027210752,0.181,29.523,12943287296,0.315,0.227,0.45,0.2202793529903911,-0.018757948025446166,1.0263519566298853,1.3765822818332791,-0.2290778130332124,0.013989854859610228,0.2309555732143903,0.18470131281221994,0.0025201104082715037,0.0006057380456292723,-0.031199179203312527,2.2997835971460456,231,0.06722926930796083,0.14092028878398402
2013-11-15 00:00:00-05:00,19.994796771754235,20.067984448435062,19.848422814331407,20.053346633911133,2658300,0.0,0.0,0.05280829015544042,6.083607,0.0016,0.098500006,0.34451,0.06216,0.356,142027210752,0.181,29.523,12943287296,0.315,0.227,0.45,0.2202793529903911,-0.018757948025446166,1.0263519566298853,1.3765822818332791,-0.2290778130332124,0.013989854859610228,0.2309555732143903,0.18470131281221994,0.0025201104082715037,0.0006057380456292723,-0.031199179203312527,2.2997835971460456,231,0.06722926930796083,0.14092028878398402
2013-11-18 00:00:00-05:00,20.046028780233527,20.11921646076097,19.914291234471907,19.950885772705078,2155900,0.0,0.0,0.05280829015544042,6.083607,0.0016,0.098500006,0.34451,0.06216,0.356,142027210752,0.181,29.523,12943287296,0.315,0.227,0.45,0.2202793529903911,-0.018757948025446166,1.0263519566298853,1.3765822818332791,-0.2290778130332124,0.013989854859610228,0.2309555732143903,0.18470131281221994,0.0025201104082715037,0.0006057380456292723,-0.031199179203312527,2.2997835971460456,231,0.06722926930796083,0.14092028878398402
2013-11-19 00:00:00-05:00,19.906967367645056,20.053341286032495,19.885010651714634,19.987472534179688,1993800,0.0,0.0,0.05280829015544042,6.083607,0.0016,0.098500006,0.34451,0.06216,0.356,142027210752,0.181,29.523,12943287296,0.315,0.227,0.45,0.2202793529903911,-0.018757948025446166,1.0263519566298853,1.3765822818332791,-0.2290778130332124,0.013989854859610228,0.2309555732143903,0.18470131281221994,0.0025201104082715037,0.0006057380456292723,-0.031199179203312527,2.2997835971460456,231,0.06722926930796083,0.14092028878398402
2013-11-20 00:00:00-05:00,20.038705798153558,20.177762223287726,19.921606091494876,19.98015594482422,1757700,0.0,0.0,0.05280829015544042,6.083607,0.0016,0.098500006,0.34451,0.06216,0.356,142027210752,0.181,29.523,12943287296,0.315,0.227,0.45,0.2202793529903911,-0.018757948025446166,1.0263519566298853,1.3765822818332791,-0.2290778130332124,0.013989854859610228,0.2309555732143903,0.18470131281221994,0.0025201104082715037,0.0006057380456292723,-0.031199179203312527,2.2997835971460456,231,0.06722926930796083,0.14092028878398402
2013-11-21 00:00:00-05:00,20.053347097054946,20.324141088246503,20.024072863269804,20.221677780151367,3939500,0.0,0.0,0.05280829015544042,6.083607,0.0016,0.098500006,0.34451,0.06216,0.356,142027210752,0.181,29.523,12943287296,0.315,0.227,0.45,0.2202793529903911,-0.018757948025446166,1.0263519566298853,1.3765822818332791,-0.2290778130332124,0.013989854859610228,0.2309555732143903,0.18470131281221994,0.0025201104082715037,0.0006057380456292723,-0.031199179203312527,2.2997835971460456,231,0.06722926930796083,0.14092028878398402
2013-11-22 00:00:00-05:00,20.21435482091617,20.33145451637623,20.185079199081915,20.250947952270508,2441100,0.0,0.0,0.05280829015544042,6.083607,0.0016,0.098500006,0.34451,0.06216,0.356,142027210752,0.181,29.523,12943287296,0.315,0.227,0.45,0.2202793529903911,-0.018757948025446166,1.0263519566298853,1.3765822818332791,-0.2290778130332124,0.013989854859610228,0.2309555732143903,0.18470131281221994,0.0025201104082715037,0.0006057380456292723,-0.031199179203312527,2.2997835971460456,231,0.06722926930796083,0.14092028878398402
2013-11-25 00:00:00-05:00,20.265593409265847,20.433924110507466,20.250955592825964,20.309505462646484,1749100,0.0,0.0,0.05280829015544042,6.083607,0.0016,0.098500006,0.34451,0.06216,0.356,142027210752,0.181,29.523,12943287296,0.315,0.227,0.45,0.2202793529903911,-0.018757948025446166,1.0263519566298853,1.3765822818332791,-0.2290778130332124,0.013989854859610228,0.2309555732143903,0.18470131281221994,0.0025201104082715037,0.0006057380456292723,-0.031199179203312527,2.2997835971460456,231,0.06722926930796083,0.14092028878398402
2013-11-26 00:00:00-05:00,20.331459105517432,20.616889503135305,20.324140198406873,20.507108688354492,2019900,0.0,0.0,0.05280829015544042,6.083607,0.0016,0.098500006,0.34451,0.06216,0.356,142027210752,0.181,29.523,12943287296,0.315,0.227,0.45,0.2202793529903911,-0.018757948025446166,1.0263519566298853,1.3765822818332791,-0.2290778130332124,0.013989854859610228,0.2309555732143903,0.18470131281221994,0.0025201104082715037,0.0006057380456292723,-0.031199179203312527,2.2997835971460456,231,0.06722926930796083,0.14092028878398402
2013-11-27 00:00:00-05:00,20.543696230665667,20.594927170542494,20.309496850692515,20.470508575439453,1700400,0.0,0.0,0.05280829015544042,6.083607,0.0016,0.098500006,0.34451,0.06216,0.356,142027210752,0.181,29.523,12943287296,0.315,0.227,0.45,0.2202793529903911,-0.018757948025446166,1.0263519566298853,1.3765822818332791,-0.2290778130332124,0.013989854859610228,0.2309555732143903,0.18470131281221994,0.0025201104082715037,0.0006057380456292723,-0.031199179203312527,2.2997835971460456,231,0.06722926930796083,0.14092028878398402
2013-11-29 00:00:00-05:00,20.52906440579527,20.602252082359758,20.40464577441729,20.441240310668945,1146500,0.0,0.0,0.05280829015544042,6.083607,0.0016,0.098500006,0.34451,0.06216,0.356,142027210752,0.181,29.523,12943287296,0.315,0.227,0.45,0.2202793529903911,-0.018757948025446166,1.0263519566298853,1.3765822818332791,-0.2290778130332124,0.013989854859610228,0.2309555732143903,0.18470131281221994,0.0025201104082715037,0.0006057380456292723,-0.031199179203312527,2.2997835971460456,231,0.06722926930796083,0.14092028878398402
2013-12-02 00:00:00-05:00,20.85108871846016,20.887683253612007,20.529063788817798,20.594932556152344,3106900,0.0,0.0,0.05280829015544042,6.083607,0.0016,0.098500006,0.34451,0.06216,0.356,142027210752,0.181,29.523,12943287296,0.315,0.227,0.45,0.2202793529903911,-0.018757948025446166,1.0263519566298853,1.3765822818332791,-0.2290778130332124,0.013989854859610228,0.2309555732143903,0.18470131281221994,0.0025201104082715037,0.0006057380456292723,-0.031199179203312527,2.2997835971460456,231,0.06722926930796083,0.14092028878398402
2013-12-03 00:00:00-05:00,20.477834686152043,20.572979090206392,20.3241418124412,20.41928482055664,3301700,0.0,0.0,0.05280829015544042,6.083607,0.0016,0.098500006,0.34451,0.06216,0.356,142027210752,0.181,29.523,12943287296,0.315,0.227,0.45,0.2202793529903911,-0.018757948025446166,1.0263519566298853,1.3765822818332791,-0.2290778130332124,0.013989854859610228,0.2309555732143903,0.18470131281221994,0.0025201104082715037,0.0006057380456292723,-0.031199179203312527,2.2997835971460456,231,0.06722926930796083,0.14092028878398402
2013-12-04 00:00:00-05:00,20.3168215645034,20.40464565913353,19.994796627002348,20.089941024780273,3503200,0.0,0.0,0.05280829015544042,6.083607,0.0016,0.098500006,0.34451,0.06216,0.356,142027210752,0.181,29.523,12943287296,0.315,0.227,0.45,0.2202793529903911,-0.018757948025446166,1.0263519566298853,1.3765822818332791,-0.2290778130332124,0.013989854859610228,0.2309555732143903,0.18470131281221994,0.0025201104082715037,0.0006057380456292723,-0.031199179203312527,2.2997835971460456,231,0.06722926930796083,0.14092028878398402
2013-12-05 00:00:00-05:00,20.060660534450882,20.111891476559638,19.80450442796862,19.863054275512695,3434700,0.0,0.0,0.05280829015544042,6.083607,0.0016,0.098500006,0.34451,0.06216,0.356,142027210752,0.181,29.523,12943287296,0.315,0.227,0.45,0.2202793529903911,-0.018757948025446166,1.0263519566298853,1.3765822818332791,-0.2290778130332124,0.013989854859610228,0.2309555732143903,0.18470131281221994,0.0025201104082715037,0.0006057380456292723,-0.031199179203312527,2.2997835971460456,231,0.06722926930796083,0.14092028878398402
2013-12-06 00:00:00-05:00,20.082625938983174,20.207044593333144,19.877700685954082,20.148494720458984,3031300,0.0,0.0,0.05280829015544042,6.083607,0.0016,0.098500006,0.34451,0.06216,0.356,142027210752,0.181,29.523,12943287296,0.315,0.227,0.45,0.2202793529903911,-0.018757948025446166,1.0263519566298853,1.3765822818332791,-0.2290778130332124,0.013989854859610228,0.2309555732143903,0.18470131281221994,0.0025201104082715037,0.0006057380456292723,-0.031199179203312527,2.2997835971460456,231,0.06722926930796083,0.14092028878398402
2013-12-09 00:00:00-05:00,20.236311991567312,20.294861844650576,20.111893379273045,20.13385009765625,1825000,0.0,0.0,0.05280829015544042,6.083607,0.0016,0.098500006,0.34451,0.06216,0.356,142027210752,0.181,29.523,12943287296,0.315,0.227,0.45,0.2202793529903911,-0.018757948025446166,1.0263519566298853,1.3765822818332791,-0.2290778130332124,0.013989854859610228,0.2309555732143903,0.18470131281221994,0.0025201104082715037,0.0006057380456292723,-0.031199179203312527,2.2997835971460456,231,0.06722926930796083,0.14092028878398402
2013-12-10 00:00:00-05:00,20.04602497433603,20.16312468257207,20.009431838989258,20.009431838989258,1583200,0.0,0.0,0.05280829015544042,6.083607,0.0016,0.098500006,0.34451,0.06216,0.356,142027210752,0.181,29.523,12943287296,0.315,0.227,0.45,0.2202793529903911,-0.018757948025446166,1.0263519566298853,1.3765822818332791,-0.2290778130332124,0.013989854859610228,0.2309555732143903,0.18470131281221994,0.0025201104082715037,0.0006057380456292723,-0.031199179203312527,2.2997835971460456,231,0.06722926930796083,0.14092028878398402
2013-12-11 00:00:00-05:00,20.38269235131439,20.455880034710894,19.724005992623763,19.76059913635254,5688800,0.0,0.0,0.05280829015544042,6.083607,0.0016,0.098500006,0.34451,0.06216,0.356,142027210752,0.181,29.523,12943287296,0.315,0.227,0.45,0.2202793529903911,-0.018757948025446166,1.0263519566298853,1.3765822818332791,-0.2290778130332124,0.013989854859610228,0.2309555732143903,0.18470131281221994,0.0025201104082715037,0.0006057380456292723,-0.031199179203312527,2.2997835971460456,231,0.06722926930796083,0.14092028878398402
2013-12-12 00:00:00-05:00,19.694724472796942,19.76059322856725,19.401975222672544,19.40929412841797,4083100,0.0,0.0,0.05280829015544042,6.083607,0.0016,0.098500006,0.34451,0.06216,0.356,142027210752,0.181,29.523,12943287296,0.315,0.227,0.45,0.2202793529903911,-0.018757948025446166,1.0263519566298853,1.3765822818332791,-0.2290778130332124,0.013989854859610228,0.2309555732143903,0.18470131281221994,0.0025201104082715037,0.0006057380456292723,-0.031199179203312527,2.2997835971460456,231,0.06722926930796083,0.14092028878398402
2013-12-13 00:00:00-05:00,19.409299543584684,19.497123645155536,19.17510007814385,19.204374313354492,3414300,0.0,0.0,0.05280829015544042,6.083607,0.0016,0.098500006,0.34451,0.06216,0.356,142027210752,0.181,29.523,12943287296,0.315,0.227,0.45,0.2202793529903911,-0.018757948025446166,1.0263519566298853,1.3765822818332791,-0.2290778130332124,0.013989854859610228,0.2309555732143903,0.18470131281221994,0.0025201104082715037,0.0006057380456292723,-0.031199179203312527,2.2997835971460456,231,0.06722926930796083,0.14092028878398402
2013-12-16 00:00:00-05:00,19.29219791526032,19.299516822328574,19.07995379809732,19.262922286987305,2519400,0.0,0.0,0.05280829015544042,6.083607,0.0016,0.098500006,0.34451,0.06216,0.356,142027210752,0.181,29.523,12943287296,0.315,0.227,0.45,0.2202793529903911,-0.018757948025446166,1.0263519566298853,1.3765822818332791,-0.2290778130332124,0.013989854859610228,0.2309555732143903,0.18470131281221994,0.0025201104082715037,0.0006057380456292723,-0.031199179203312527,2.2997835971460456,231,0.06722926930796083,0.14092028878398402
2013-12-17 00:00:00-05:00,19.23364609761975,19.284877045945965,19.057996533670455,19.14582061767578,1447700,0.0,0.0,0.05280829015544042,6.083607,0.0016,0.098500006,0.34451,0.06216,0.356,142027210752,0.181,29.523,12943287296,0.315,0.227,0.45,0.2202793529903911,-0.018757948025446166,1.0263519566298853,1.3765822818332791,-0.2290778130332124,0.013989854859610228,0.2309555732143903,0.18470131281221994,0.0025201104082715037,0.0006057380456292723,-0.031199179203312527,2.2997835971460456,231,0.06722926930796083,0.14092028878398402
2013-12-18 00:00:00-05:00,19.211690154778715,19.431251769600703,18.970171820099043,19.4019775390625,4657300,0.0,0.0,0.05280829015544042,6.083607,0.0016,0.098500006,0.34451,0.06216,0.356,142027210752,0.181,29.523,12943287296,0.315,0.227,0.45,0.2202793529903911,-0.018757948025446166,1.0263519566298853,1.3765822818332791,-0.2290778130332124,0.013989854859610228,0.2309555732143903,0.18470131281221994,0.0025201104082715037,0.0006057380456292723,-0.031199179203312527,2.2997835971460456,231,0.06722926930796083,0.14092028878398402
2013-12-19 00:00:00-05:00,19.292203097129256,19.62886453706318,19.255608551958723,19.541040420532227,2910700,0.0,0.0,0.05280829015544042,6.083607,0.0016,0.098500006,0.34451,0.06216,0.356,142027210752,0.181,29.523,12943287296,0.315,0.227,0.45,0.2202793529903911,-0.018757948025446166,1.0263519566298853,1.3765822818332791,-0.2290778130332124,0.013989854859610228,0.2309555732143903,0.18470131281221994,0.0025201104082715037,0.0006057380456292723,-0.031199179203312527,2.2997835971460456,231,0.06722926930796083,0.14092028878398402
2013-12-20 00:00:00-05:00,19.541032577653176,19.665451189418704,19.50443804717002,19.628856658935547,3485200,0.0,0.0,0.05280829015544042,6.083607,0.0016,0.098500006,0.34451,0.06216,0.356,142027210752,0.181,29.523,12943287296,0.315,0.227,0.45,0.2202793529903911,-0.018757948025446166,1.0263519566298853,1.3765822818332791,-0.2290778130332124,0.013989854859610228,0.2309555732143903,0.18470131281221994,0.0025201104082715037,0.0006057380456292723,-0.031199179203312527,2.2997835971460456,231,0.06722926930796083,0.14092028878398402
2013-12-23 00:00:00-05:00,19.68008910697932,19.738638964280277,19.570308299032366,19.63617706298828,2275700,0.0,0.0,0.05280829015544042,6.083607,0.0016,0.098500006,0.34451,0.06216,0.356,142027210752,0.181,29.523,12943287296,0.315,0.227,0.45,0.2202793529903911,-0.018757948025446166,1.0263519566298853,1.3765822818332791,-0.2290778130332124,0.013989854859610228,0.2309555732143903,0.18470131281221994,0.0025201104082715037,0.0006057380456292723,-0.031199179203312527,2.2997835971460456,231,0.06722926930796083,0.14092028878398402
2013-12-24 00:00:00-05:00,19.636181970521672,19.71668856790795,19.636181970521672,19.709369659423828,823700,0.0,0.0,0.05280829015544042,6.083607,0.0016,0.098500006,0.34451,0.06216,0.356,142027210752,0.181,29.523,12943287296,0.315,0.227,0.45,0.2202793529903911,-0.018757948025446166,1.0263519566298853,1.3765822818332791,-0.2290778130332124,0.013989854859610228,0.2309555732143903,0.18470131281221994,0.0025201104082715037,0.0006057380456292723,-0.031199179203312527,2.2997835971460456,231,0.06722926930796083,0.14092028878398402
2013-12-26 00:00:00-05:00,19.78255247514652,19.899652190168332,19.6727702708672,19.811826705932617,3750900,0.0,0.0,0.05280829015544042,6.083607,0.0016,0.098500006,0.34451,0.06216,0.356,142027210752,0.181,29.523,12943287296,0.315,0.227,0.45,0.2202793529903911,-0.018757948025446166,1.0263519566298853,1.3765822818332791,-0.2290778130332124,0.013989854859610228,0.2309555732143903,0.18470131281221994,0.0025201104082715037,0.0006057380456292723,-0.031199179203312527,2.2997835971460456,231,0.06722926930796083,0.14092028878398402
2013-12-27 00:00:00-05:00,19.877695470124724,19.90697109684953,19.74595794174051,19.811826705932617,1799100,0.0,0.0,0.05280829015544042,6.083607,0.0016,0.098500006,0.34451,0.06216,0.356,142027210752,0.181,29.523,12943287296,0.315,0.227,0.45,0.2202793529903911,-0.018757948025446166,1.0263519566298853,1.3765822818332791,-0.2290778130332124,0.013989854859610228,0.2309555732143903,0.18470131281221994,0.0025201104082715037,0.0006057380456292723,-0.031199179203312527,2.2997835971460456,231,0.06722926930796083,0.14092028878398402
2013-12-30 00:00:00-05:00,19.841105754537125,19.972843305641348,19.797192306876415,19.87769889831543,2201700,0.0,0.0,0.05280829015544042,6.083607,0.0016,0.098500006,0.34451,0.06216,0.356,142027210752,0.181,29.523,12943287296,0.315,0.227,0.45,0.2202793529903911,-0.018757948025446166,1.0263519566298853,1.3765822818332791,-0.2290778130332124,0.013989854859610228,0.2309555732143903,0.18470131281221994,0.0025201104082715037,0.0006057380456292723,-0.031199179203312527,2.2997835971460456,231,0.06722926930796083,0.14092028878398402
2013-12-31 00:00:00-05:00,19.928926734874587,19.98747659330777,19.870376876441405,19.958202362060547,1654000,0.0,0.0,0.05280829015544042,6.083607,0.0016,0.098500006,0.34451,0.06216,0.356,142027210752,0.181,29.523,12943287296,0.315,0.227,0.45,0.2202793529903911,-0.018757948025446166,1.0263519566298853,1.3765822818332791,-0.2290778130332124,0.013989854859610228,0.2309555732143903,0.18470131281221994,0.0025201104082715037,0.0006057380456292723,-0.031199179203312527,2.2997835971460456,231,0.06722926930796083,0.14092028878398402
2014-01-02 00:00:00-05:00,19.972839073288483,19.980156583742357,19.519076648521878,19.5556697845459,2569500,0.0,0.0,0.05280829015544042,6.083607,0.0016,0.098500006,0.34451,0.06216,0.356,142027210752,0.181,29.523,12943287296,0.315,0.227,0.45,0.2202793529903911,-0.018757948025446166,1.0263519566298853,1.3765822818332791,-0.2290778130332124,0.013989854859610228,0.2309555732143903,0.18470131281221994,0.0025201104082715037,0.0006057380456292723,-0.031199179203312527,2.2997835971460456,231,0.06722926930796083,0.14092028878398402
2014-01-03 00:00:00-05:00,19.541034339880234,19.592265291238103,19.19705270201101,19.277559280395508,3155800,0.0,0.0,0.05280829015544042,6.083607,0.0016,0.098500006,0.34451,0.06216,0.356,142027210752,0.181,29.523,12943287296,0.315,0.227,0.45,0.2202793529903911,-0.018757948025446166,1.0263519566298853,1.3765822818332791,-0.2290778130332124,0.013989854859610228,0.2309555732143903,0.18470131281221994,0.0025201104082715037,0.0006057380456292723,-0.031199179203312527,2.2997835971460456,231,0.06722926930796083,0.14092028878398402
2014-01-06 00:00:00-05:00,19.336105655170282,19.343424560608458,19.014080795582814,19.15313720703125,3473000,0.0,0.0,0.05280829015544042,6.083607,0.0016,0.098500006,0.34451,0.06216,0.356,142027210752,0.181,29.523,12943287296,0.315,0.227,0.45,0.2202793529903911,-0.018757948025446166,1.0263519566298853,1.3765822818332791,-0.2290778130332124,0.013989854859610228,0.2309555732143903,0.18470131281221994,0.0025201104082715037,0.0006057380456292723,-0.031199179203312527,2.2997835971460456,231,0.06722926930796083,0.14092028878398402
2014-01-07 00:00:00-05:00,19.13850425620579,19.226329747827947,18.970173576197052,19.05068016052246,3554500,0.0,0.0,0.05280829015544042,6.083607,0.0016,0.098500006,0.34451,0.06216,0.356,142027210752,0.181,29.523,12943287296,0.315,0.227,0.45,0.2202793529903911,-0.018757948025446166,1.0263519566298853,1.3765822818332791,-0.2290778130332124,0.013989854859610228,0.2309555732143903,0.18470131281221994,0.0025201104082715037,0.0006057380456292723,-0.031199179203312527,2.2997835971460456,231,0.06722926930796083,0.14092028878398402
2014-01-08 00:00:00-05:00,18.692059195398585,18.999444878815375,18.684740289230763,18.823795318603516,11659600,0.0,0.0,0.05280829015544042,6.083607,0.0016,0.098500006,0.34451,0.06216,0.356,142027210752,0.181,29.523,12943287296,0.315,0.227,0.45,0.2202793529903911,-0.018757948025446166,1.0263519566298853,1.3765822818332791,-0.2290778130332124,0.013989854859610228,0.2309555732143903,0.18470131281221994,0.0025201104082715037,0.0006057380456292723,-0.031199179203312527,2.2997835971460456,231,0.06722926930796083,0.14092028878398402
2014-01-09 00:00:00-05:00,18.904306835383696,19.00676875665732,18.67010736050742,18.955537796020508,6197000,0.0,0.0,0.05280829015544042,6.083607,0.0016,0.098500006,0.34451,0.06216,0.356,142027210752,0.181,29.523,12943287296,0.315,0.227,0.45,0.2202793529903911,-0.018757948025446166,1.0263519566298853,1.3765822818332791,-0.2290778130332124,0.013989854859610228,0.2309555732143903,0.18470131281221994,0.0025201104082715037,0.0006057380456292723,-0.031199179203312527,2.2997835971460456,231,0.06722926930796083,0.14092028878398402
2014-01-10 00:00:00-05:00,18.940896435212807,19.065315057449208,18.83843453311414,18.98480987548828,3595400,0.0,0.0,0.05280829015544042,6.083607,0.0016,0.098500006,0.34451,0.06216,0.356,142027210752,0.181,29.523,12943287296,0.315,0.227,0.45,0.2202793529903911,-0.018757948025446166,1.0263519566298853,1.3765822818332791,-0.2290778130332124,0.013989854859610228,0.2309555732143903,0.18470131281221994,0.0025201104082715037,0.0006057380456292723,-0.031199179203312527,2.2997835971460456,231,0.06722926930796083,0.14092028878398402
2014-01-13 00:00:00-05:00,18.96285116218885,19.094588677291068,18.757925983592227,18.809158325195312,3709300,0.0,0.0,0.05280829015544042,6.083607,0.0016,0.098500006,0.34451,0.06216,0.356,142027210752,0.181,29.523,12943287296,0.315,0.227,0.45,0.2202793529903911,-0.018757948025446166,1.0263519566298853,1.3765822818332791,-0.2290778130332124,0.013989854859610228,0.2309555732143903,0.18470131281221994,0.0025201104082715037,0.0006057380456292723,-0.031199179203312527,2.2997835971460456,231,0.06722926930796083,0.14092028878398402
2014-01-14 00:00:00-05:00,18.853072128206332,19.101909369797415,18.83111540832287,19.072633743286133,4531300,0.0,0.0,0.05280829015544042,6.083607,0.0016,0.098500006,0.34451,0.06216,0.356,142027210752,0.181,29.523,12943287296,0.315,0.227,0.45,0.2202793529903911,-0.018757948025446166,1.0263519566298853,1.3765822818332791,-0.2290778130332124,0.013989854859610228,0.2309555732143903,0.18470131281221994,0.0025201104082715037,0.0006057380456292723,-0.031199179203312527,2.2997835971460456,231,0.06722926930796083,0.14092028878398402
2014-01-15 00:00:00-05:00,19.072637133267918,19.131187000758466,18.93358207043971,19.021406173706055,5146500,0.0,0.0,0.05280829015544042,6.083607,0.0016,0.098500006,0.34451,0.06216,0.356,142027210752,0.181,29.523,12943287296,0.315,0.227,0.45,0.2202793529903911,-0.018757948025446166,1.0263519566298853,1.3765822818332791,-0.2290778130332124,0.013989854859610228,0.2309555732143903,0.18470131281221994,0.0025201104082715037,0.0006057380456292723,-0.031199179203312527,2.2997835971460456,231,0.06722926930796083,0.14092028878398402
2014-01-16 00:00:00-05:00,19.02872422727479,19.02872422727479,18.889667774751047,18.918943405151367,2160100,0.0,0.0,0.05280829015544042,6.083607,0.0016,0.098500006,0.34451,0.06216,0.356,142027210752,0.181,29.523,12943287296,0.315,0.227,0.45,0.2202793529903911,-0.018757948025446166,1.0263519566298853,1.3765822818332791,-0.2290778130332124,0.013989854859610228,0.2309555732143903,0.18470131281221994,0.0025201104082715037,0.0006057380456292723,-0.031199179203312527,2.2997835971460456,231,0.06722926930796083,0.14092028878398402
2014-01-17 00:00:00-05:00,18.955536265479246,19.01408612947078,18.81647981502228,18.831117630004883,2592200,0.0,0.0,0.05280829015544042,6.083607,0.0016,0.098500006,0.34451,0.06216,0.356,142027210752,0.181,29.523,12943287296,0.315,0.227,0.45,0.2202793529903911,-0.018757948025446166,1.0263519566298853,1.3765822818332791,-0.2290778130332124,0.013989854859610228,0.2309555732143903,0.18470131281221994,0.0025201104082715037,0.0006057380456292723,-0.031199179203312527,2.2997835971460456,231,0.06722926930796083,0.14092028878398402
2014-01-21 00:00:00-05:00,18.933575527628275,18.977487564086914,18.765243495316295,18.977487564086914,4855000,0.0,0.0,0.05280829015544042,6.083607,0.0016,0.098500006,0.34451,0.06216,0.356,142027210752,0.181,29.523,12943287296,0.315,0.227,0.45,0.2202793529903911,-0.018757948025446166,1.0263519566298853,1.3765822818332791,-0.2290778130332124,0.013989854859610228,0.2309555732143903,0.18470131281221994,0.0025201104082715037,0.0006057380456292723,-0.031199179203312527,2.2997835971460456,231,0.06722926930796083,0.14092028878398402
2014-01-22 00:00:00-05:00,18.926258080035723,18.955532307950193,18.413945830116024,18.596914291381836,9021100,0.0,0.0,0.05280829015544042,6.083607,0.0016,0.098500006,0.34451,0.06216,0.356,142027210752,0.181,29.523,12943287296,0.315,0.227,0.45,0.2202793529903911,-0.018757948025446166,1.0263519566298853,1.3765822818332791,-0.2290778130332124,0.013989854859610228,0.2309555732143903,0.18470131281221994,0.0025201104082715037,0.0006057380456292723,-0.031199179203312527,2.2997835971460456,231,0.06722926930796083,0.14092028878398402
2014-01-23 00:00:00-05:00,18.48713449778076,18.56764107181009,18.311484932939308,18.435903549194336,8742200,0.0,0.0,0.05280829015544042,6.083607,0.0016,0.098500006,0.34451,0.06216,0.356,142027210752,0.181,29.523,12943287296,0.315,0.227,0.45,0.2202793529903911,-0.018757948025446166,1.0263519566298853,1.3765822818332791,-0.2290778130332124,0.013989854859610228,0.2309555732143903,0.18470131281221994,0.0025201104082715037,0.0006057380456292723,-0.031199179203312527,2.2997835971460456,231,0.06722926930796083,0.14092028878398402
2014-01-24 00:00:00-05:00,18.304168813438142,18.348080862349573,18.14315703680366,18.150474548339844,5184400,0.0,0.0,0.05280829015544042,6.083607,0.0016,0.098500006,0.34451,0.06216,0.356,142027210752,0.181,29.523,12943287296,0.315,0.227,0.45,0.2202793529903911,-0.018757948025446166,1.0263519566298853,1.3765822818332791,-0.2290778130332124,0.013989854859610228,0.2309555732143903,0.18470131281221994,0.0025201104082715037,0.0006057380456292723,-0.031199179203312527,2.2997835971460456,231,0.06722926930796083,0.14092028878398402
2014-01-27 00:00:00-05:00,18.23068448108387,18.316348147598916,17.973694966898464,18.051570892333984,8702800,1.493,0.0,0.05280829015544042,6.083607,0.0016,0.098500006,0.34451,0.06216,0.356,142027210752,0.181,29.523,12943287296,0.315,0.227,0.45,0.2202793529903911,-0.018757948025446166,1.0263519566298853,1.3765822818332791,-0.2290778130332124,0.013989854859610228,0.2309555732143903,0.18470131281221994,0.0025201104082715037,0.0006057380456292723,-0.031199179203312527,2.2997835971460456,231,0.06722926930796083,0.14092028878398402
2014-01-28 00:00:00-05:00,18.028208756151358,18.324136993578122,17.99705927531475,18.269622802734375,5473800,0.0,0.0,0.05280829015544042,6.083607,0.0016,0.098500006,0.34451,0.06216,0.356,142027210752,0.181,29.523,12943287296,0.315,0.227,0.45,0.2202793529903911,-0.018757948025446166,1.0263519566298853,1.3765822818332791,-0.2290778130332124,0.013989854859610228,0.2309555732143903,0.18470131281221994,0.0025201104082715037,0.0006057380456292723,-0.031199179203312527,2.2997835971460456,231,0.06722926930796083,0.14092028878398402
2014-01-29 00:00:00-05:00,18.11387477507689,18.417589308049095,18.090511547402098,18.261838912963867,5571200,0.0,0.0,0.05280829015544042,6.083607,0.0016,0.098500006,0.34451,0.06216,0.356,142027210752,0.181,29.523,12943287296,0.315,0.227,0.45,0.2202793529903911,-0.018757948025446166,1.0263519566298853,1.3765822818332791,-0.2290778130332124,0.013989854859610228,0.2309555732143903,0.18470131281221994,0.0025201104082715037,0.0006057380456292723,-0.031199179203312527,2.2997835971460456,231,0.06722926930796083,0.14092028878398402
2014-01-30 00:00:00-05:00,18.33192775445726,18.386440468919613,18.254051811499586,18.347501754760742,2493400,0.0,0.0,0.05280829015544042,6.083607,0.0016,0.098500006,0.34451,0.06216,0.356,142027210752,0.181,29.523,12943287296,0.315,0.227,0.45,0.2202793529903911,-0.018757948025446166,1.0263519566298853,1.3765822818332791,-0.2290778130332124,0.013989854859610228,0.2309555732143903,0.18470131281221994,0.0025201104082715037,0.0006057380456292723,-0.031199179203312527,2.2997835971460456,231,0.06722926930796083,0.14092028878398402
2014-01-31 00:00:00-05:00,18.18396462439965,18.355290520163017,18.074937704041005,18.09830093383789,4163900,0.0,0.0,0.05280829015544042,6.083607,0.0016,0.098500006,0.34451,0.06216,0.356,142027210752,0.181,29.523,12943287296,0.315,0.227,0.45,0.2202793529903911,-0.018757948025446166,1.0263519566298853,1.3765822818332791,-0.2290778130332124,0.013989854859610228,0.2309555732143903,0.18470131281221994,0.0025201104082715037,0.0006057380456292723,-0.031199179203312527,2.2997835971460456,231,0.06722926930796083,0.14092028878398402
2014-02-03 00:00:00-05:00,17.98927567852909,18.098301114616607,17.576534193488946,17.59210968017578,5577700,0.0,0.0,0.05280829015544042,6.083607,0.0016,0.098500006,0.34451,0.06216,0.356,142027210752,0.181,29.523,12943287296,0.315,0.227,0.45,0.2202793529903911,-0.018757948025446166,1.0263519566298853,1.3765822818332791,-0.2290778130332124,0.013989854859610228,0.2309555732143903,0.18470131281221994,0.0025201104082715037,0.0006057380456292723,-0.031199179203312527,2.2997835971460456,231,0.06722926930796083,0.14092028878398402
2014-02-04 00:00:00-05:00,17.669979771508647,17.755641949173054,17.545378890033444,17.615467071533203,2723900,0.0,0.0,0.05280829015544042,6.083607,0.0016,0.098500006,0.34451,0.06216,0.356,142027210752,0.181,29.523,12943287296,0.315,0.227,0.45,0.2202793529903911,-0.018757948025446166,1.0263519566298853,1.3765822818332791,-0.2290778130332124,0.013989854859610228,0.2309555732143903,0.18470131281221994,0.0025201104082715037,0.0006057380456292723,-0.031199179203312527,2.2997835971460456,231,0.06722926930796083,0.14092028878398402
2014-02-05 00:00:00-05:00,17.576534154664905,17.786798768392245,17.576534154664905,17.599897384643555,3481200,0.0,0.0,0.05280829015544042,6.083607,0.0016,0.098500006,0.34451,0.06216,0.356,142027210752,0.181,29.523,12943287296,0.315,0.227,0.45,0.2202793529903911,-0.018757948025446166,1.0263519566298853,1.3765822818332791,-0.2290778130332124,0.013989854859610228,0.2309555732143903,0.18470131281221994,0.0025201104082715037,0.0006057380456292723,-0.031199179203312527,2.2997835971460456,231,0.06722926930796083,0.14092028878398402
2014-02-06 00:00:00-05:00,17.63883179336133,17.84909637344228,17.568743600001014,17.833520889282227,2992900,0.0,0.0,0.05280829015544042,6.083607,0.0016,0.098500006,0.34451,0.06216,0.356,142027210752,0.181,29.523,12943287296,0.315,0.227,0.45,0.2202793529903911,-0.018757948025446166,1.0263519566298853,1.3765822818332791,-0.2290778130332124,0.013989854859610228,0.2309555732143903,0.18470131281221994,0.0025201104082715037,0.0006057380456292723,-0.031199179203312527,2.2997835971460456,231,0.06722926930796083,0.14092028878398402
2014-02-07 00:00:00-05:00,17.973697052787102,18.067148471226925,17.864671635740564,18.01263427734375,3135400,0.0,0.0,0.05280829015544042,6.083607,0.0016,0.098500006,0.34451,0.06216,0.356,142027210752,0.181,29.523,12943287296,0.315,0.227,0.45,0.2202793529903911,-0.018757948025446166,1.0263519566298853,1.3765822818332791,-0.2290778130332124,0.013989854859610228,0.2309555732143903,0.18470131281221994,0.0025201104082715037,0.0006057380456292723,-0.031199179203312527,2.2997835971460456,231,0.06722926930796083,0.14092028878398402
2014-02-10 00:00:00-05:00,17.973694966898464,18.09050811237188,17.91918226470152,18.051570892333984,2761100,0.0,0.0,0.05280829015544042,6.083607,0.0016,0.098500006,0.34451,0.06216,0.356,142027210752,0.181,29.523,12943287296,0.315,0.227,0.45,0.2202793529903911,-0.018757948025446166,1.0263519566298853,1.3765822818332791,-0.2290778130332124,0.013989854859610228,0.2309555732143903,0.18470131281221994,0.0025201104082715037,0.0006057380456292723,-0.031199179203312527,2.2997835971460456,231,0.06722926930796083,0.14092028878398402
2014-02-11 00:00:00-05:00,18.043787892251412,18.394228906109603,18.036000149125663,18.29298973083496,2687300,0.0,0.0,0.05280829015544042,6.083607,0.0016,0.098500006,0.34451,0.06216,0.356,142027210752,0.181,29.523,12943287296,0.315,0.227,0.45,0.2202793529903911,-0.018757948025446166,1.0263519566298853,1.3765822818332791,-0.2290778130332124,0.013989854859610228,0.2309555732143903,0.18470131281221994,0.0025201104082715037,0.0006057380456292723,-0.031199179203312527,2.2997835971460456,231,0.06722926930796083,0.14092028878398402
2014-02-12 00:00:00-05:00,18.199539097037235,18.36307724042429,18.15281264004659,18.347501754760742,3679500,0.0,0.0,0.05280829015544042,6.083607,0.0016,0.098500006,0.34451,0.06216,0.356,142027210752,0.181,29.523,12943287296,0.315,0.227,0.45,0.2202793529903911,-0.018757948025446166,1.0263519566298853,1.3765822818332791,-0.2290778130332124,0.013989854859610228,0.2309555732143903,0.18470131281221994,0.0025201104082715037,0.0006057380456292723,-0.031199179203312527,2.2997835971460456,231,0.06722926930796083,0.14092028878398402
2014-02-13 00:00:00-05:00,18.23847773611826,18.643431482522978,18.23847773611826,18.57334327697754,3855600,0.0,0.0,0.05280829015544042,6.083607,0.0016,0.098500006,0.34451,0.06216,0.356,142027210752,0.181,29.523,12943287296,0.315,0.227,0.45,0.2202793529903911,-0.018757948025446166,1.0263519566298853,1.3765822818332791,-0.2290778130332124,0.013989854859610228,0.2309555732143903,0.18470131281221994,0.0025201104082715037,0.0006057380456292723,-0.031199179203312527,2.2997835971460456,231,0.06722926930796083,0.14092028878398402
2014-02-14 00:00:00-05:00,18.53439943334482,18.69015128822393,18.53439943334482,18.674575805664062,2279700,0.0,0.0,0.05280829015544042,6.083607,0.0016,0.098500006,0.34451,0.06216,0.356,142027210752,0.181,29.523,12943287296,0.315,0.227,0.45,0.2202793529903911,-0.018757948025446166,1.0263519566298853,1.3765822818332791,-0.2290778130332124,0.013989854859610228,0.2309555732143903,0.18470131281221994,0.0025201104082715037,0.0006057380456292723,-0.031199179203312527,2.2997835971460456,231,0.06722926930796083,0.14092028878398402
2014-02-18 00:00:00-05:00,18.635643660960763,18.73688135445742,18.518830480661485,18.588918685913086,2536500,0.0,0.0,0.05280829015544042,6.083607,0.0016,0.098500006,0.34451,0.06216,0.356,142027210752,0.181,29.523,12943287296,0.315,0.227,0.45,0.2202793529903911,-0.018757948025446166,1.0263519566298853,1.3765822818332791,-0.2290778130332124,0.013989854859610228,0.2309555732143903,0.18470131281221994,0.0025201104082715037,0.0006057380456292723,-0.031199179203312527,2.2997835971460456,231,0.06722926930796083,0.14092028878398402
2014-02-19 00:00:00-05:00,18.479888840612194,18.651216197621054,18.46431335627322,18.495464324951172,2948000,0.0,0.0,0.05280829015544042,6.083607,0.0016,0.098500006,0.34451,0.06216,0.356,142027210752,0.181,29.523,12943287296,0.315,0.227,0.45,0.2202793529903911,-0.018757948025446166,1.0263519566298853,1.3765822818332791,-0.2290778130332124,0.013989854859610228,0.2309555732143903,0.18470131281221994,0.0025201104082715037,0.0006057380456292723,-0.031199179203312527,2.2997835971460456,231,0.06722926930796083,0.14092028878398402
2014-02-20 00:00:00-05:00,18.518827364895092,18.72909045991325,18.370863235885338,18.666790008544922,5032700,0.0,0.0,0.05280829015544042,6.083607,0.0016,0.098500006,0.34451,0.06216,0.356,142027210752,0.181,29.523,12943287296,0.315,0.227,0.45,0.2202793529903911,-0.018757948025446166,1.0263519566298853,1.3765822818332791,-0.2290778130332124,0.013989854859610228,0.2309555732143903,0.18470131281221994,0.0025201104082715037,0.0006057380456292723,-0.031199179203312527,2.2997835971460456,231,0.06722926930796083,0.14092028878398402
2014-02-21 00:00:00-05:00,18.6823661046174,18.783605269756706,18.534401970761483,18.627853393554688,4811300,0.0,0.0,0.05280829015544042,6.083607,0.0016,0.098500006,0.34451,0.06216,0.356,142027210752,0.181,29.523,12943287296,0.315,0.227,0.45,0.2202793529903911,-0.018757948025446166,1.0263519566298853,1.3765822818332791,-0.2290778130332124,0.013989854859610228,0.2309555732143903,0.18470131281221994,0.0025201104082715037,0.0006057380456292723,-0.031199179203312527,2.2997835971460456,231,0.06722926930796083,0.14092028878398402
2014-02-24 00:00:00-05:00,18.604483953342942,18.643422652069425,18.503246307373047,18.503246307373047,4399000,0.0,0.0,0.05280829015544042,6.083607,0.0016,0.098500006,0.34451,0.06216,0.356,142027210752,0.181,29.523,12943287296,0.315,0.227,0.45,0.2202793529903911,-0.018757948025446166,1.0263519566298853,1.3765822818332791,-0.2290778130332124,0.013989854859610228,0.2309555732143903,0.18470131281221994,0.0025201104082715037,0.0006057380456292723,-0.031199179203312527,2.2997835971460456,231,0.06722926930796083,0.14092028878398402
2014-02-25 00:00:00-05:00,18.518828164017652,18.565553133220188,18.394227255904227,18.456527709960938,4409400,0.0,0.0,0.05280829015544042,6.083607,0.0016,0.098500006,0.34451,0.06216,0.356,142027210752,0.181,29.523,12943287296,0.315,0.227,0.45,0.2202793529903911,-0.018757948025446166,1.0263519566298853,1.3765822818332791,-0.2290778130332124,0.013989854859610228,0.2309555732143903,0.18470131281221994,0.0025201104082715037,0.0006057380456292723,-0.031199179203312527,2.2997835971460456,231,0.06722926930796083,0.14092028878398402
2014-02-26 00:00:00-05:00,18.51104030442775,18.76024211907731,18.50325256204995,18.61227798461914,3668100,0.0,0.0,0.05280829015544042,6.083607,0.0016,0.098500006,0.34451,0.06216,0.356,142027210752,0.181,29.523,12943287296,0.315,0.227,0.45,0.2202793529903911,-0.018757948025446166,1.0263519566298853,1.3765822818332791,-0.2290778130332124,0.013989854859610228,0.2309555732143903,0.18470131281221994,0.0025201104082715037,0.0006057380456292723,-0.031199179203312527,2.2997835971460456,231,0.06722926930796083,0.14092028878398402
2014-02-27 00:00:00-05:00,18.58112808592957,18.838117637223586,18.53440163270524,18.83032989501953,2842800,0.0,0.0,0.05280829015544042,6.083607,0.0016,0.098500006,0.34451,0.06216,0.356,142027210752,0.181,29.523,12943287296,0.315,0.227,0.45,0.2202793529903911,-0.018757948025446166,1.0263519566298853,1.3765822818332791,-0.2290778130332124,0.013989854859610228,0.2309555732143903,0.18470131281221994,0.0025201104082715037,0.0006057380456292723,-0.031199179203312527,2.2997835971460456,231,0.06722926930796083,0.14092028878398402
2014-02-28 00:00:00-05:00,18.853685040083224,19.149613198863488,18.791384609607288,19.07173728942871,5522700,0.0,0.0,0.05280829015544042,6.083607,0.0016,0.098500006,0.34451,0.06216,0.356,142027210752,0.181,29.523,12943287296,0.315,0.227,0.45,0.2202793529903911,-0.018757948025446166,1.0263519566298853,1.3765822818332791,-0.2290778130332124,0.013989854859610228,0.2309555732143903,0.18470131281221994,0.0025201104082715037,0.0006057380456292723,-0.031199179203312527,2.2997835971460456,231,0.06722926930796083,0.14092028878398402
2014-03-03 00:00:00-05:00,18.939355968939246,18.947143711412135,18.721305121138432,18.783605575561523,3392300,0.0,0.0,0.05280829015544042,6.083607,0.0016,0.098500006,0.34451,0.06216,0.356,142027210752,0.181,29.523,12943287296,0.315,0.227,0.45,0.2202793529903911,-0.018757948025446166,1.0263519566298853,1.3765822818332791,-0.2290778130332124,0.013989854859610228,0.2309555732143903,0.18470131281221994,0.0025201104082715037,0.0006057380456292723,-0.031199179203312527,2.2997835971460456,231,0.06722926930796083,0.14092028878398402
2014-03-04 00:00:00-05:00,18.986079706302114,19.032806158107086,18.76024113068436,18.861478805541992,3471100,0.0,0.0,0.05280829015544042,6.083607,0.0016,0.098500006,0.34451,0.06216,0.356,142027210752,0.181,29.523,12943287296,0.315,0.227,0.45,0.2202793529903911,-0.018757948025446166,1.0263519566298853,1.3765822818332791,-0.2290778130332124,0.013989854859610228,0.2309555732143903,0.18470131281221994,0.0025201104082715037,0.0006057380456292723,-0.031199179203312527,2.2997835971460456,231,0.06722926930796083,0.14092028878398402
2014-03-05 00:00:00-05:00,18.838116346281115,18.954929500617045,18.775815898277965,18.923778533935547,3537300,0.0,0.0,0.05280829015544042,6.083607,0.0016,0.098500006,0.34451,0.06216,0.356,142027210752,0.181,29.523,12943287296,0.315,0.227,0.45,0.2202793529903911,-0.018757948025446166,1.0263519566298853,1.3765822818332791,-0.2290778130332124,0.013989854859610228,0.2309555732143903,0.18470131281221994,0.0025201104082715037,0.0006057380456292723,-0.031199179203312527,2.2997835971460456,231,0.06722926930796083,0.14092028878398402
2014-03-06 00:00:00-05:00,18.931567197616886,19.126256292778525,18.908205456827837,19.04059410095215,1880900,0.0,0.0,0.05280829015544042,6.083607,0.0016,0.098500006,0.34451,0.06216,0.356,142027210752,0.181,29.523,12943287296,0.315,0.227,0.45,0.2202793529903911,-0.018757948025446166,1.0263519566298853,1.3765822818332791,-0.2290778130332124,0.013989854859610228,0.2309555732143903,0.18470131281221994,0.0025201104082715037,0.0006057380456292723,-0.031199179203312527,2.2997835971460456,231,0.06722926930796083,0.14092028878398402
2014-03-07 00:00:00-05:00,19.126256292778525,19.134044034828182,18.86926674657956,19.04059410095215,2309400,0.0,0.0,0.05280829015544042,6.083607,0.0016,0.098500006,0.34451,0.06216,0.356,142027210752,0.181,29.523,12943287296,0.315,0.227,0.45,0.2202793529903911,-0.018757948025446166,1.0263519566298853,1.3765822818332791,-0.2290778130332124,0.013989854859610228,0.2309555732143903,0.18470131281221994,0.0025201104082715037,0.0006057380456292723,-0.031199179203312527,2.2997835971460456,231,0.06722926930796083,0.14092028878398402
2014-03-10 00:00:00-04:00,18.986077401687258,19.13404151038932,18.986077401687258,19.07952880859375,3189400,0.0,0.0,0.05280829015544042,6.083607,0.0016,0.098500006,0.34451,0.06216,0.356,142027210752,0.181,29.523,12943287296,0.315,0.227,0.45,0.2202793529903911,-0.018757948025446166,1.0263519566298853,1.3765822818332791,-0.2290778130332124,0.013989854859610228,0.2309555732143903,0.18470131281221994,0.0025201104082715037,0.0006057380456292723,-0.031199179203312527,2.2997835971460456,231,0.06722926930796083,0.14092028878398402
2014-03-11 00:00:00-04:00,19.11068351732287,19.15740848725177,18.95493163707984,19.095108032226562,2396200,0.0,0.0,0.05280829015544042,6.083607,0.0016,0.098500006,0.34451,0.06216,0.356,142027210752,0.181,29.523,12943287296,0.315,0.227,0.45,0.2202793529903911,-0.018757948025446166,1.0263519566298853,1.3765822818332791,-0.2290778130332124,0.013989854859610228,0.2309555732143903,0.18470131281221994,0.0025201104082715037,0.0006057380456292723,-0.031199179203312527,2.2997835971460456,231,0.06722926930796083,0.14092028878398402
2014-03-12 00:00:00-04:00,18.66678588938092,18.729086327001532,18.355283701277866,18.36307144165039,5647400,0.0,0.0,0.05280829015544042,6.083607,0.0016,0.098500006,0.34451,0.06216,0.356,142027210752,0.181,29.523,12943287296,0.315,0.227,0.45,0.2202793529903911,-0.018757948025446166,1.0263519566298853,1.3765822818332791,-0.2290778130332124,0.013989854859610228,0.2309555732143903,0.18470131281221994,0.0025201104082715037,0.0006057380456292723,-0.031199179203312527,2.2997835971460456,231,0.06722926930796083,0.14092028878398402
2014-03-13 00:00:00-04:00,18.378656119999686,18.42538110025878,18.036002798925566,18.222904205322266,6912200,0.0,0.0,0.05280829015544042,6.083607,0.0016,0.098500006,0.34451,0.06216,0.356,142027210752,0.181,29.523,12943287296,0.315,0.227,0.45,0.2202793529903911,-0.018757948025446166,1.0263519566298853,1.3765822818332791,-0.2290778130332124,0.013989854859610228,0.2309555732143903,0.18470131281221994,0.0025201104082715037,0.0006057380456292723,-0.031199179203312527,2.2997835971460456,231,0.06722926930796083,0.14092028878398402
2014-03-14 00:00:00-04:00,18.2073244083741,18.581128618074363,18.176174924025737,18.456527709960938,5464200,0.0,0.0,0.05280829015544042,6.083607,0.0016,0.098500006,0.34451,0.06216,0.356,142027210752,0.181,29.523,12943287296,0.315,0.227,0.45,0.2202793529903911,-0.018757948025446166,1.0263519566298853,1.3765822818332791,-0.2290778130332124,0.013989854859610228,0.2309555732143903,0.18470131281221994,0.0025201104082715037,0.0006057380456292723,-0.031199179203312527,2.2997835971460456,231,0.06722926930796083,0.14092028878398402
2014-03-17 00:00:00-04:00,18.53440162606453,18.57334033707085,18.347500269314022,18.479888916015625,2553800,0.0,0.0,0.05280829015544042,6.083607,0.0016,0.098500006,0.34451,0.06216,0.356,142027210752,0.181,29.523,12943287296,0.315,0.227,0.45,0.2202793529903911,-0.018757948025446166,1.0263519566298853,1.3765822818332791,-0.2290778130332124,0.013989854859610228,0.2309555732143903,0.18470131281221994,0.0025201104082715037,0.0006057380456292723,-0.031199179203312527,2.2997835971460456,231,0.06722926930796083,0.14092028878398402
2014-03-18 00:00:00-04:00,18.448738247076772,18.55776366016874,18.409799538572603,18.417587280273438,1778700,0.0,0.0,0.05280829015544042,6.083607,0.0016,0.098500006,0.34451,0.06216,0.356,142027210752,0.181,29.523,12943287296,0.315,0.227,0.45,0.2202793529903911,-0.018757948025446166,1.0263519566298853,1.3765822818332791,-0.2290778130332124,0.013989854859610228,0.2309555732143903,0.18470131281221994,0.0025201104082715037,0.0006057380456292723,-0.031199179203312527,2.2997835971460456,231,0.06722926930796083,0.14092028878398402
2014-03-19 00:00:00-04:00,18.42538093955598,18.440956427959943,18.17617906653387,18.25405502319336,2479800,0.0,0.0,0.05280829015544042,6.083607,0.0016,0.098500006,0.34451,0.06216,0.356,142027210752,0.181,29.523,12943287296,0.315,0.227,0.45,0.2202793529903911,-0.018757948025446166,1.0263519566298853,1.3765822818332791,-0.2290778130332124,0.013989854859610228,0.2309555732143903,0.18470131281221994,0.0025201104082715037,0.0006057380456292723,-0.031199179203312527,2.2997835971460456,231,0.06722926930796083,0.14092028878398402
2014-03-20 00:00:00-04:00,18.207321260772776,18.60448714373403,18.183959522890177,18.54997444152832,2945600,0.0,0.0,0.05280829015544042,6.083607,0.0016,0.098500006,0.34451,0.06216,0.356,142027210752,0.181,29.523,12943287296,0.315,0.227,0.45,0.2202793529903911,-0.018757948025446166,1.0263519566298853,1.3765822818332791,-0.2290778130332124,0.013989854859610228,0.2309555732143903,0.18470131281221994,0.0025201104082715037,0.0006057380456292723,-0.031199179203312527,2.2997835971460456,231,0.06722926930796083,0.14092028878398402
2014-03-21 00:00:00-04:00,19.22749525121476,19.383245634484958,18.814753839096923,18.861478805541992,5270100,0.0,0.0,0.05280829015544042,6.083607,0.0016,0.098500006,0.34451,0.06216,0.356,142027210752,0.181,29.523,12943287296,0.315,0.227,0.45,0.2202793529903911,-0.018757948025446166,1.0263519566298853,1.3765822818332791,-0.2290778130332124,0.013989854859610228,0.2309555732143903,0.18470131281221994,0.0025201104082715037,0.0006057380456292723,-0.031199179203312527,2.2997835971460456,231,0.06722926930796083,0.14092028878398402
2014-03-24 00:00:00-04:00,18.923778599918613,18.970505050103785,18.713515515524737,18.775815963745117,3333100,0.0,0.0,0.05280829015544042,6.083607,0.0016,0.098500006,0.34451,0.06216,0.356,142027210752,0.181,29.523,12943287296,0.315,0.227,0.45,0.2202793529903911,-0.018757948025446166,1.0263519566298853,1.3765822818332791,-0.2290778130332124,0.013989854859610228,0.2309555732143903,0.18470131281221994,0.0025201104082715037,0.0006057380456292723,-0.031199179203312527,2.2997835971460456,231,0.06722926930796083,0.14092028878398402
2014-03-25 00:00:00-04:00,18.81475067138672,18.923776069855993,18.7368747501831,18.81475067138672,1846300,0.0,0.0,0.05280829015544042,6.083607,0.0016,0.098500006,0.34451,0.06216,0.356,142027210752,0.181,29.523,12943287296,0.315,0.227,0.45,0.2202793529903911,-0.018757948025446166,1.0263519566298853,1.3765822818332791,-0.2290778130332124,0.013989854859610228,0.2309555732143903,0.18470131281221994,0.0025201104082715037,0.0006057380456292723,-0.031199179203312527,2.2997835971460456,231,0.06722926930796083,0.14092028878398402
2014-03-26 00:00:00-04:00,18.9237802529311,18.947143480064486,18.596702499863547,18.61227798461914,4382400,0.0,0.0,0.05280829015544042,6.083607,0.0016,0.098500006,0.34451,0.06216,0.356,142027210752,0.181,29.523,12943287296,0.315,0.227,0.45,0.2202793529903911,-0.018757948025446166,1.0263519566298853,1.3765822818332791,-0.2290778130332124,0.013989854859610228,0.2309555732143903,0.18470131281221994,0.0025201104082715037,0.0006057380456292723,-0.031199179203312527,2.2997835971460456,231,0.06722926930796083,0.14092028878398402
2014-03-27 00:00:00-04:00,18.56555435645668,18.627854814618207,18.456528926014023,18.51104164123535,2986100,0.0,0.0,0.05280829015544042,6.083607,0.0016,0.098500006,0.34451,0.06216,0.356,142027210752,0.181,29.523,12943287296,0.315,0.227,0.45,0.2202793529903911,-0.018757948025446166,1.0263519566298853,1.3765822818332791,-0.2290778130332124,0.013989854859610228,0.2309555732143903,0.18470131281221994,0.0025201104082715037,0.0006057380456292723,-0.031199179203312527,2.2997835971460456,231,0.06722926930796083,0.14092028878398402
2014-03-28 00:00:00-04:00,18.581125881024416,18.806964436703375,18.53439943334482,18.674575805664062,3898800,0.0,0.0,0.05280829015544042,6.083607,0.0016,0.098500006,0.34451,0.06216,0.356,142027210752,0.181,29.523,12943287296,0.315,0.227,0.45,0.2202793529903911,-0.018757948025446166,1.0263519566298853,1.3765822818332791,-0.2290778130332124,0.013989854859610228,0.2309555732143903,0.18470131281221994,0.0025201104082715037,0.0006057380456292723,-0.031199179203312527,2.2997835971460456,231,0.06722926930796083,0.14092028878398402
2014-03-31 00:00:00-04:00,18.744665646749368,18.884842031444478,18.690152938336805,18.861478805541992,4845300,0.0,0.0,0.05280829015544042,6.083607,0.0016,0.098500006,0.34451,0.06216,0.356,142027210752,0.181,29.523,12943287296,0.315,0.227,0.45,0.2202793529903911,-0.018757948025446166,1.0263519566298853,1.3765822818332791,-0.2290778130332124,0.013989854859610228,0.2309555732143903,0.18470131281221994,0.0025201104082715037,0.0006057380456292723,-0.031199179203312527,2.2997835971460456,231,0.06722926930796083,0.14092028878398402
2014-04-01 00:00:00-04:00,18.939354158484086,18.986079123494857,18.666789139428168,18.76024055480957,2295200,0.0,0.0,0.05280829015544042,6.083607,0.0016,0.098500006,0.34451,0.06216,0.356,142027210752,0.181,29.523,12943287296,0.315,0.227,0.45,0.2202793529903911,-0.018757948025446166,1.0263519566298853,1.3765822818332791,-0.2290778130332124,0.013989854859610228,0.2309555732143903,0.18470131281221994,0.0025201104082715037,0.0006057380456292723,-0.031199179203312527,2.2997835971460456,231,0.06722926930796083,0.14092028878398402
2014-04-02 00:00:00-04:00,18.806965445175383,18.908204601883405,18.729089513559945,18.775815963745117,3283000,0.0,0.0,0.05280829015544042,6.083607,0.0016,0.098500006,0.34451,0.06216,0.356,142027210752,0.181,29.523,12943287296,0.315,0.227,0.45,0.2202793529903911,-0.018757948025446166,1.0263519566298853,1.3765822818332791,-0.2290778130332124,0.013989854859610228,0.2309555732143903,0.18470131281221994,0.0025201104082715037,0.0006057380456292723,-0.031199179203312527,2.2997835971460456,231,0.06722926930796083,0.14092028878398402
2014-04-03 00:00:00-04:00,18.853688775029564,19.087316549615934,18.80696381425618,19.07952880859375,3415000,0.0,0.0,0.05280829015544042,6.083607,0.0016,0.098500006,0.34451,0.06216,0.356,142027210752,0.181,29.523,12943287296,0.315,0.227,0.45,0.2202793529903911,-0.018757948025446166,1.0263519566298853,1.3765822818332791,-0.2290778130332124,0.013989854859610228,0.2309555732143903,0.18470131281221994,0.0025201104082715037,0.0006057380456292723,-0.031199179203312527,2.2997835971460456,231,0.06722926930796083,0.14092028878398402
2014-04-04 00:00:00-04:00,19.141833316749793,19.204133772798905,18.89263149255335,18.900419235229492,2585200,0.0,0.0,0.05280829015544042,6.083607,0.0016,0.098500006,0.34451,0.06216,0.356,142027210752,0.181,29.523,12943287296,0.315,0.227,0.45,0.2202793529903911,-0.018757948025446166,1.0263519566298853,1.3765822818332791,-0.2290778130332124,0.013989854859610228,0.2309555732143903,0.18470131281221994,0.0025201104082715037,0.0006057380456292723,-0.031199179203312527,2.2997835971460456,231,0.06722926930796083,0.14092028878398402
2014-04-07 00:00:00-04:00,18.908204601883405,18.986079048138993,18.752452738652533,18.775815963745117,3691600,0.0,0.0,0.05280829015544042,6.083607,0.0016,0.098500006,0.34451,0.06216,0.356,142027210752,0.181,29.523,12943287296,0.315,0.227,0.45,0.2202793529903911,-0.018757948025446166,1.0263519566298853,1.3765822818332791,-0.2290778130332124,0.013989854859610228,0.2309555732143903,0.18470131281221994,0.0025201104082715037,0.0006057380456292723,-0.031199179203312527,2.2997835971460456,231,0.06722926930796083,0.14092028878398402
2014-04-08 00:00:00-04:00,18.744662490839428,18.892626592590336,18.67457431029214,18.81475067138672,2532700,0.0,0.0,0.05280829015544042,6.083607,0.0016,0.098500006,0.34451,0.06216,0.356,142027210752,0.181,29.523,12943287296,0.315,0.227,0.45,0.2202793529903911,-0.018757948025446166,1.0263519566298853,1.3765822818332791,-0.2290778130332124,0.013989854859610228,0.2309555732143903,0.18470131281221994,0.0025201104082715037,0.0006057380456292723,-0.031199179203312527,2.2997835971460456,231,0.06722926930796083,0.14092028878398402
2014-04-09 00:00:00-04:00,18.908202864945142,19.032803749939863,18.697938314506658,18.736875534057617,5066700,0.0,0.0,0.05280829015544042,6.083607,0.0016,0.098500006,0.34451,0.06216,0.356,142027210752,0.181,29.523,12943287296,0.315,0.227,0.45,0.2202793529903911,-0.018757948025446166,1.0263519566298853,1.3765822818332791,-0.2290778130332124,0.013989854859610228,0.2309555732143903,0.18470131281221994,0.0025201104082715037,0.0006057380456292723,-0.031199179203312527,2.2997835971460456,231,0.06722926930796083,0.14092028878398402
2014-04-10 00:00:00-04:00,18.752451290577522,18.97829132628681,18.542186737060547,18.542186737060547,3190500,0.0,0.0,0.05280829015544042,6.083607,0.0016,0.098500006,0.34451,0.06216,0.356,142027210752,0.181,29.523,12943287296,0.315,0.227,0.45,0.2202793529903911,-0.018757948025446166,1.0263519566298853,1.3765822818332791,-0.2290778130332124,0.013989854859610228,0.2309555732143903,0.18470131281221994,0.0025201104082715037,0.0006057380456292723,-0.031199179203312527,2.2997835971460456,231,0.06722926930796083,0.14092028878398402
2014-04-11 00:00:00-04:00,18.456522130334992,18.518822565557542,18.33192125988989,18.425371170043945,3436300,0.0,0.0,0.05280829015544042,6.083607,0.0016,0.098500006,0.34451,0.06216,0.356,142027210752,0.181,29.523,12943287296,0.315,0.227,0.45,0.2202793529903911,-0.018757948025446166,1.0263519566298853,1.3765822818332791,-0.2290778130332124,0.013989854859610228,0.2309555732143903,0.18470131281221994,0.0025201104082715037,0.0006057380456292723,-0.031199179203312527,2.2997835971460456,231,0.06722926930796083,0.14092028878398402
2014-04-14 00:00:00-04:00,18.58891616718417,18.635641135900787,18.222899703717417,18.627853393554688,4783000,0.0,0.0,0.05280829015544042,6.083607,0.0016,0.098500006,0.34451,0.06216,0.356,142027210752,0.181,29.523,12943287296,0.315,0.227,0.45,0.2202793529903911,-0.018757948025446166,1.0263519566298853,1.3765822818332791,-0.2290778130332124,0.013989854859610228,0.2309555732143903,0.18470131281221994,0.0025201104082715037,0.0006057380456292723,-0.031199179203312527,2.2997835971460456,231,0.06722926930796083,0.14092028878398402
2014-04-15 00:00:00-04:00,18.549978218027114,18.635641901995783,18.417589563421007,18.55776596069336,3117400,0.0,0.0,0.05280829015544042,6.083607,0.0016,0.098500006,0.34451,0.06216,0.356,142027210752,0.181,29.523,12943287296,0.315,0.227,0.45,0.2202793529903911,-0.018757948025446166,1.0263519566298853,1.3765822818332791,-0.2290778130332124,0.013989854859610228,0.2309555732143903,0.18470131281221994,0.0025201104082715037,0.0006057380456292723,-0.031199179203312527,2.2997835971460456,231,0.06722926930796083,0.14092028878398402
2014-04-16 00:00:00-04:00,18.705726733925598,18.72130221645477,18.612275324110318,18.682363510131836,2860800,0.0,0.0,0.05280829015544042,6.083607,0.0016,0.098500006,0.34451,0.06216,0.356,142027210752,0.181,29.523,12943287296,0.315,0.227,0.45,0.2202793529903911,-0.018757948025446166,1.0263519566298853,1.3765822818332791,-0.2290778130332124,0.013989854859610228,0.2309555732143903,0.18470131281221994,0.0025201104082715037,0.0006057380456292723,-0.031199179203312527,2.2997835971460456,231,0.06722926930796083,0.14092028878398402
2014-04-17 00:00:00-04:00,18.65900230407715,18.690153272504087,18.54997688530272,18.65900230407715,2137300,0.0,0.0,0.05280829015544042,6.083607,0.0016,0.098500006,0.34451,0.06216,0.356,142027210752,0.181,29.523,12943287296,0.315,0.227,0.45,0.2202793529903911,-0.018757948025446166,1.0263519566298853,1.3765822818332791,-0.2290778130332124,0.013989854859610228,0.2309555732143903,0.18470131281221994,0.0025201104082715037,0.0006057380456292723,-0.031199179203312527,2.2997835971460456,231,0.06722926930796083,0.14092028878398402
2014-04-21 00:00:00-04:00,18.409798000182096,18.68236299549533,18.316348078300816,18.565549850463867,1715100,0.0,0.0,0.05280829015544042,6.083607,0.0016,0.098500006,0.34451,0.06216,0.356,142027210752,0.181,29.523,12943287296,0.315,0.227,0.45,0.2202793529903911,-0.018757948025446166,1.0263519566298853,1.3765822818332791,-0.2290778130332124,0.013989854859610228,0.2309555732143903,0.18470131281221994,0.0025201104082715037,0.0006057380456292723,-0.031199179203312527,2.2997835971460456,231,0.06722926930796083,0.14092028878398402
2014-04-22 00:00:00-04:00,18.581122219466533,18.61227169308824,18.456521354260747,18.503246307373047,2606700,0.0,0.0,0.05280829015544042,6.083607,0.0016,0.098500006,0.34451,0.06216,0.356,142027210752,0.181,29.523,12943287296,0.315,0.227,0.45,0.2202793529903911,-0.018757948025446166,1.0263519566298853,1.3765822818332791,-0.2290778130332124,0.013989854859610228,0.2309555732143903,0.18470131281221994,0.0025201104082715037,0.0006057380456292723,-0.031199179203312527,2.2997835971460456,231,0.06722926930796083,0.14092028878398402
2014-04-23 00:00:00-04:00,18.869263798250287,18.869263798250287,18.37864800866022,18.4487361907959,4193700,0.0,0.0,0.05280829015544042,6.083607,0.0016,0.098500006,0.34451,0.06216,0.356,142027210752,0.181,29.523,12943287296,0.315,0.227,0.45,0.2202793529903911,-0.018757948025446166,1.0263519566298853,1.3765822818332791,-0.2290778130332124,0.013989854859610228,0.2309555732143903,0.18470131281221994,0.0025201104082715037,0.0006057380456292723,-0.031199179203312527,2.2997835971460456,231,0.06722926930796083,0.14092028878398402
2014-04-24 00:00:00-04:00,18.573334906485712,18.799173422850547,18.4643080329059,18.643423080444336,8357100,0.0,0.0,0.05280829015544042,6.083607,0.0016,0.098500006,0.34451,0.06216,0.356,142027210752,0.181,29.523,12943287296,0.315,0.227,0.45,0.2202793529903911,-0.018757948025446166,1.0263519566298853,1.3765822818332791,-0.2290778130332124,0.013989854859610228,0.2309555732143903,0.18470131281221994,0.0025201104082715037,0.0006057380456292723,-0.031199179203312527,2.2997835971460456,231,0.06722926930796083,0.14092028878398402
2014-04-25 00:00:00-04:00,18.581127852205007,18.627852819481657,18.378651013526305,18.526615142822266,5101700,0.0,0.0,0.05280829015544042,6.083607,0.0016,0.098500006,0.34451,0.06216,0.356,142027210752,0.181,29.523,12943287296,0.315,0.227,0.45,0.2202793529903911,-0.018757948025446166,1.0263519566298853,1.3765822818332791,-0.2290778130332124,0.013989854859610228,0.2309555732143903,0.18470131281221994,0.0025201104082715037,0.0006057380456292723,-0.031199179203312527,2.2997835971460456,231,0.06722926930796083,0.14092028878398402
2014-04-28 00:00:00-04:00,18.62785080663949,18.69793899266101,18.52661314091939,18.682363510131836,5475600,0.0,0.0,0.05280829015544042,6.083607,0.0016,0.098500006,0.34451,0.06216,0.356,142027210752,0.181,29.523,12943287296,0.315,0.227,0.45,0.2202793529903911,-0.018757948025446166,1.0263519566298853,1.3765822818332791,-0.2290778130332124,0.013989854859610228,0.2309555732143903,0.18470131281221994,0.0025201104082715037,0.0006057380456292723,-0.031199179203312527,2.2997835971460456,231,0.06722926930796083,0.14092028878398402
2014-04-29 00:00:00-04:00,18.736875534057617,18.908202864945142,18.682362832542392,18.736875534057617,8692900,0.0,0.0,0.05280829015544042,6.083607,0.0016,0.098500006,0.34451,0.06216,0.356,142027210752,0.181,29.523,12943287296,0.315,0.227,0.45,0.2202793529903911,-0.018757948025446166,1.0263519566298853,1.3765822818332791,-0.2290778130332124,0.013989854859610228,0.2309555732143903,0.18470131281221994,0.0025201104082715037,0.0006057380456292723,-0.031199179203312527,2.2997835971460456,231,0.06722926930796083,0.14092028878398402
2014-04-30 00:00:00-04:00,18.744661748703308,18.91598906564003,18.651211835246546,18.884838104248047,13662500,0.0,0.0,0.05280829015544042,6.083607,0.0016,0.098500006,0.34451,0.06216,0.356,142027210752,0.181,29.523,12943287296,0.315,0.227,0.45,0.2202793529903911,-0.018757948025446166,1.0263519566298853,1.3765822818332791,-0.2290778130332124,0.013989854859610228,0.2309555732143903,0.18470131281221994,0.0025201104082715037,0.0006057380456292723,-0.031199179203312527,2.2997835971460456,231,0.06722926930796083,0.14092028878398402
2014-05-01 00:00:00-04:00,18.88484113266885,19.47669612579155,18.783603462629365,19.453332901000977,9402500,0.0,0.0,0.05280829015544042,6.083607,0.0016,0.098500006,0.34451,0.06216,0.356,142027210752,0.181,29.523,12943287296,0.315,0.227,0.45,0.2202793529903911,-0.018757948025446166,1.0263519566298853,1.3765822818332791,-0.2290778130332124,0.013989854859610228,0.2309555732143903,0.18470131281221994,0.0025201104082715037,0.0006057380456292723,-0.031199179203312527,2.2997835971460456,231,0.06722926930796083,0.14092028878398402
2014-05-02 00:00:00-04:00,19.414395281258173,19.52342069066442,19.235281684273684,19.313156127929688,6781400,0.0,0.0,0.05280829015544042,6.083607,0.0016,0.098500006,0.34451,0.06216,0.356,142027210752,0.181,29.523,12943287296,0.315,0.227,0.45,0.2202793529903911,-0.018757948025446166,1.0263519566298853,1.3765822818332791,-0.2290778130332124,0.013989854859610228,0.2309555732143903,0.18470131281221994,0.0025201104082715037,0.0006057380456292723,-0.031199179203312527,2.2997835971460456,231,0.06722926930796083,0.14092028878398402
2014-05-05 00:00:00-04:00,19.235283358955463,19.39103374518737,19.141831938928373,19.35988426208496,3400800,0.0,0.0,0.05280829015544042,6.083607,0.0016,0.098500006,0.34451,0.06216,0.356,142027210752,0.181,29.523,12943287296,0.315,0.227,0.45,0.2202793529903911,-0.018757948025446166,1.0263519566298853,1.3765822818332791,-0.2290778130332124,0.013989854859610228,0.2309555732143903,0.18470131281221994,0.0025201104082715037,0.0006057380456292723,-0.031199179203312527,2.2997835971460456,231,0.06722926930796083,0.14092028878398402
2014-05-06 00:00:00-04:00,19.27421907924413,19.320944042929426,19.079529997635603,19.141830444335938,4834600,0.0,0.0,0.05280829015544042,6.083607,0.0016,0.098500006,0.34451,0.06216,0.356,142027210752,0.181,29.523,12943287296,0.315,0.227,0.45,0.2202793529903911,-0.018757948025446166,1.0263519566298853,1.3765822818332791,-0.2290778130332124,0.013989854859610228,0.2309555732143903,0.18470131281221994,0.0025201104082715037,0.0006057380456292723,-0.031199179203312527,2.2997835971460456,231,0.06722926930796083,0.14092028878398402
2014-05-07 00:00:00-04:00,19.165197372436523,19.30537377594062,19.102896913696938,19.165197372436523,7315900,0.0,0.0,0.05280829015544042,6.083607,0.0016,0.098500006,0.34451,0.06216,0.356,142027210752,0.181,29.523,12943287296,0.315,0.227,0.45,0.2202793529903911,-0.018757948025446166,1.0263519566298853,1.3765822818332791,-0.2290778130332124,0.013989854859610228,0.2309555732143903,0.18470131281221994,0.0025201104082715037,0.0006057380456292723,-0.031199179203312527,2.2997835971460456,231,0.06722926930796083,0.14092028878398402
2014-05-08 00:00:00-04:00,19.14183410491708,19.258647279148953,19.087321389299543,19.172985076904297,3299300,0.0,0.0,0.05280829015544042,6.083607,0.0016,0.098500006,0.34451,0.06216,0.356,142027210752,0.181,29.523,12943287296,0.315,0.227,0.45,0.2202793529903911,-0.018757948025446166,1.0263519566298853,1.3765822818332791,-0.2290778130332124,0.013989854859610228,0.2309555732143903,0.18470131281221994,0.0025201104082715037,0.0006057380456292723,-0.031199179203312527,2.2997835971460456,231,0.06722926930796083,0.14092028878398402
2014-05-09 00:00:00-04:00,19.157405284169485,19.196342505040004,19.07952935706868,19.188554763793945,6621500,0.0,0.0,0.05280829015544042,6.083607,0.0016,0.098500006,0.34451,0.06216,0.356,142027210752,0.181,29.523,12943287296,0.315,0.227,0.45,0.2202793529903911,-0.018757948025446166,1.0263519566298853,1.3765822818332791,-0.2290778130332124,0.013989854859610228,0.2309555732143903,0.18470131281221994,0.0025201104082715037,0.0006057380456292723,-0.031199179203312527,2.2997835971460456,231,0.06722926930796083,0.14092028878398402
2014-05-12 00:00:00-04:00,19.274222559634204,19.38324798970681,19.266434816720437,19.344310760498047,6031700,0.0,0.0,0.05280829015544042,6.083607,0.0016,0.098500006,0.34451,0.06216,0.356,142027210752,0.181,29.523,12943287296,0.315,0.227,0.45,0.2202793529903911,-0.018757948025446166,1.0263519566298853,1.3765822818332791,-0.2290778130332124,0.013989854859610228,0.2309555732143903,0.18470131281221994,0.0025201104082715037,0.0006057380456292723,-0.031199179203312527,2.2997835971460456,231,0.06722926930796083,0.14092028878398402
2014-05-13 00:00:00-04:00,19.39882190863169,19.500061072973207,19.313158228859628,19.492273330688477,6622500,0.0,0.0,0.05280829015544042,6.083607,0.0016,0.098500006,0.34451,0.06216,0.356,142027210752,0.181,29.523,12943287296,0.315,0.227,0.45,0.2202793529903911,-0.018757948025446166,1.0263519566298853,1.3765822818332791,-0.2290778130332124,0.013989854859610228,0.2309555732143903,0.18470131281221994,0.0025201104082715037,0.0006057380456292723,-0.031199179203312527,2.2997835971460456,231,0.06722926930796083,0.14092028878398402
2014-05-14 00:00:00-04:00,19.66359557177235,19.936160559938163,19.593507389519434,19.811559677124023,12739800,0.0,0.0,0.05280829015544042,6.083607,0.0016,0.098500006,0.34451,0.06216,0.356,142027210752,0.181,29.523,12943287296,0.315,0.227,0.45,0.2202793529903911,-0.018757948025446166,1.0263519566298853,1.3765822818332791,-0.2290778130332124,0.013989854859610228,0.2309555732143903,0.18470131281221994,0.0025201104082715037,0.0006057380456292723,-0.031199179203312527,2.2997835971460456,231,0.06722926930796083,0.14092028878398402
2014-05-15 00:00:00-04:00,19.75705169732879,19.905014352675096,19.663600270208985,19.710325241088867,4930400,0.0,0.0,0.05280829015544042,6.083607,0.0016,0.098500006,0.34451,0.06216,0.356,142027210752,0.181,29.523,12943287296,0.315,0.227,0.45,0.2202793529903911,-0.018757948025446166,1.0263519566298853,1.3765822818332791,-0.2290778130332124,0.013989854859610228,0.2309555732143903,0.18470131281221994,0.0025201104082715037,0.0006057380456292723,-0.031199179203312527,2.2997835971460456,231,0.06722926930796083,0.14092028878398402
2014-05-16 00:00:00-04:00,19.788199080114886,19.819350047631424,19.686961406405914,19.7492618560791,3808100,0.0,0.0,0.05280829015544042,6.083607,0.0016,0.098500006,0.34451,0.06216,0.356,142027210752,0.181,29.523,12943287296,0.315,0.227,0.45,0.2202793529903911,-0.018757948025446166,1.0263519566298853,1.3765822818332791,-0.2290778130332124,0.013989854859610228,0.2309555732143903,0.18470131281221994,0.0025201104082715037,0.0006057380456292723,-0.031199179203312527,2.2997835971460456,231,0.06722926930796083,0.14092028878398402
2014-05-19 00:00:00-04:00,19.858285427570507,19.858285427570507,19.61687139317528,19.733684539794922,2295800,0.0,0.0,0.05280829015544042,6.083607,0.0016,0.098500006,0.34451,0.06216,0.356,142027210752,0.181,29.523,12943287296,0.315,0.227,0.45,0.2202793529903911,-0.018757948025446166,1.0263519566298853,1.3765822818332791,-0.2290778130332124,0.013989854859610228,0.2309555732143903,0.18470131281221994,0.0025201104082715037,0.0006057380456292723,-0.031199179203312527,2.2997835971460456,231,0.06722926930796083,0.14092028878398402
2014-05-20 00:00:00-04:00,19.74925965275261,19.74925965275261,19.500057881862055,19.58572006225586,2642800,0.0,0.0,0.05280829015544042,6.083607,0.0016,0.098500006,0.34451,0.06216,0.356,142027210752,0.181,29.523,12943287296,0.315,0.227,0.45,0.2202793529903911,-0.018757948025446166,1.0263519566298853,1.3765822818332791,-0.2290778130332124,0.013989854859610228,0.2309555732143903,0.18470131281221994,0.0025201104082715037,0.0006057380456292723,-0.031199179203312527,2.2997835971460456,231,0.06722926930796083,0.14092028878398402
2014-05-21 00:00:00-04:00,19.66359512718098,19.69474608986004,19.57793146517322,19.679170608520508,2637000,0.0,0.0,0.05280829015544042,6.083607,0.0016,0.098500006,0.34451,0.06216,0.356,142027210752,0.181,29.523,12943287296,0.315,0.227,0.45,0.2202793529903911,-0.018757948025446166,1.0263519566298853,1.3765822818332791,-0.2290778130332124,0.013989854859610228,0.2309555732143903,0.18470131281221994,0.0025201104082715037,0.0006057380456292723,-0.031199179203312527,2.2997835971460456,231,0.06722926930796083,0.14092028878398402
2014-05-22 00:00:00-04:00,19.69475266592049,19.733689896910768,19.546788514509167,19.59351348876953,2619100,0.0,0.0,0.05280829015544042,6.083607,0.0016,0.098500006,0.34451,0.06216,0.356,142027210752,0.181,29.523,12943287296,0.315,0.227,0.45,0.2202793529903911,-0.018757948025446166,1.0263519566298853,1.3765822818332791,-0.2290778130332124,0.013989854859610228,0.2309555732143903,0.18470131281221994,0.0025201104082715037,0.0006057380456292723,-0.031199179203312527,2.2997835971460456,231,0.06722926930796083,0.14092028878398402
2014-05-23 00:00:00-04:00,19.632447546016913,19.671386256072587,19.507846644558583,19.546785354614258,2120300,0.0,0.0,0.05280829015544042,6.083607,0.0016,0.098500006,0.34451,0.06216,0.356,142027210752,0.181,29.523,12943287296,0.315,0.227,0.45,0.2202793529903911,-0.018757948025446166,1.0263519566298853,1.3765822818332791,-0.2290778130332124,0.013989854859610228,0.2309555732143903,0.18470131281221994,0.0025201104082715037,0.0006057380456292723,-0.031199179203312527,2.2997835971460456,231,0.06722926930796083,0.14092028878398402
2014-05-27 00:00:00-04:00,19.149619571562813,19.61687369830704,19.149619571562813,19.515634536743164,3024800,0.0,0.0,0.05280829015544042,6.083607,0.0016,0.098500006,0.34451,0.06216,0.356,142027210752,0.181,29.523,12943287296,0.315,0.227,0.45,0.2202793529903911,-0.018757948025446166,1.0263519566298853,1.3765822818332791,-0.2290778130332124,0.013989854859610228,0.2309555732143903,0.18470131281221994,0.0025201104082715037,0.0006057380456292723,-0.031199179203312527,2.2997835971460456,231,0.06722926930796083,0.14092028878398402
2014-05-28 00:00:00-04:00,19.57793339949076,19.72589751611597,19.507845211897752,19.671384811401367,3529000,0.0,0.0,0.05280829015544042,6.083607,0.0016,0.098500006,0.34451,0.06216,0.356,142027210752,0.181,29.523,12943287296,0.315,0.227,0.45,0.2202793529903911,-0.018757948025446166,1.0263519566298853,1.3765822818332791,-0.2290778130332124,0.013989854859610228,0.2309555732143903,0.18470131281221994,0.0025201104082715037,0.0006057380456292723,-0.031199179203312527,2.2997835971460456,231,0.06722926930796083,0.14092028878398402
2014-05-29 00:00:00-04:00,19.733687937615375,19.749263422609104,19.593511543391806,19.601299285888672,2466000,0.0,0.0,0.05280829015544042,6.083607,0.0016,0.098500006,0.34451,0.06216,0.356,142027210752,0.181,29.523,12943287296,0.315,0.227,0.45,0.2202793529903911,-0.018757948025446166,1.0263519566298853,1.3765822818332791,-0.2290778130332124,0.013989854859610228,0.2309555732143903,0.18470131281221994,0.0025201104082715037,0.0006057380456292723,-0.031199179203312527,2.2997835971460456,231,0.06722926930796083,0.14092028878398402
2014-05-30 00:00:00-04:00,19.632448235733715,19.655811462587902,19.414397393201146,19.492273330688477,3124400,0.0,0.0,0.05280829015544042,6.083607,0.0016,0.098500006,0.34451,0.06216,0.356,142027210752,0.181,29.523,12943287296,0.315,0.227,0.45,0.2202793529903911,-0.018757948025446166,1.0263519566298853,1.3765822818332791,-0.2290778130332124,0.013989854859610228,0.2309555732143903,0.18470131281221994,0.0025201104082715037,0.0006057380456292723,-0.031199179203312527,2.2997835971460456,231,0.06722926930796083,0.14092028878398402
2014-06-02 00:00:00-04:00,19.51563403441452,19.5857222258901,19.31315720185841,19.398820877075195,3587000,0.0,0.0,0.05280829015544042,6.083607,0.0016,0.098500006,0.34451,0.06216,0.356,142027210752,0.181,29.523,12943287296,0.315,0.227,0.45,0.2202793529903911,-0.018757948025446166,1.0263519566298853,1.3765822818332791,-0.2290778130332124,0.013989854859610228,0.2309555732143903,0.18470131281221994,0.0025201104082715037,0.0006057380456292723,-0.031199179203312527,2.2997835971460456,231,0.06722926930796083,0.14092028878398402
2014-06-03 00:00:00-04:00,19.538993490083268,19.570142966195686,19.32872895622595,19.383241653442383,2776300,0.0,0.0,0.05280829015544042,6.083607,0.0016,0.098500006,0.34451,0.06216,0.356,142027210752,0.181,29.523,12943287296,0.315,0.227,0.45,0.2202793529903911,-0.018757948025446166,1.0263519566298853,1.3765822818332791,-0.2290778130332124,0.013989854859610228,0.2309555732143903,0.18470131281221994,0.0025201104082715037,0.0006057380456292723,-0.031199179203312527,2.2997835971460456,231,0.06722926930796083,0.14092028878398402
2014-06-04 00:00:00-04:00,19.375457651463375,19.453333584809556,19.31315720185841,19.398820877075195,3398700,0.0,0.0,0.05280829015544042,6.083607,0.0016,0.098500006,0.34451,0.06216,0.356,142027210752,0.181,29.523,12943287296,0.315,0.227,0.45,0.2202793529903911,-0.018757948025446166,1.0263519566298853,1.3765822818332791,-0.2290778130332124,0.013989854859610228,0.2309555732143903,0.18470131281221994,0.0025201104082715037,0.0006057380456292723,-0.031199179203312527,2.2997835971460456,231,0.06722926930796083,0.14092028878398402
2014-06-05 00:00:00-04:00,19.22749731056536,19.53899959582894,19.14183362510785,19.531211853027344,2882400,0.0,0.0,0.05280829015544042,6.083607,0.0016,0.098500006,0.34451,0.06216,0.356,142027210752,0.181,29.523,12943287296,0.315,0.227,0.45,0.2202793529903911,-0.018757948025446166,1.0263519566298853,1.3765822818332791,-0.2290778130332124,0.013989854859610228,0.2309555732143903,0.18470131281221994,0.0025201104082715037,0.0006057380456292723,-0.031199179203312527,2.2997835971460456,231,0.06722926930796083,0.14092028878398402
2014-06-06 00:00:00-04:00,19.58571927796022,19.764832857945365,19.577931537261776,19.66359519958496,2101500,0.0,0.0,0.05280829015544042,6.083607,0.0016,0.098500006,0.34451,0.06216,0.356,142027210752,0.181,29.523,12943287296,0.315,0.227,0.45,0.2202793529903911,-0.018757948025446166,1.0263519566298853,1.3765822818332791,-0.2290778130332124,0.013989854859610228,0.2309555732143903,0.18470131281221994,0.0025201104082715037,0.0006057380456292723,-0.031199179203312527,2.2997835971460456,231,0.06722926930796083,0.14092028878398402
2014-06-09 00:00:00-04:00,19.655811998006726,19.76483742224283,19.546786573770618,19.601299285888672,1627800,0.0,0.0,0.05280829015544042,6.083607,0.0016,0.098500006,0.34451,0.06216,0.356,142027210752,0.181,29.523,12943287296,0.315,0.227,0.45,0.2202793529903911,-0.018757948025446166,1.0263519566298853,1.3765822818332791,-0.2290778130332124,0.013989854859610228,0.2309555732143903,0.18470131281221994,0.0025201104082715037,0.0006057380456292723,-0.031199179203312527,2.2997835971460456,231,0.06722926930796083,0.14092028878398402
2014-06-10 00:00:00-04:00,19.57793375847909,19.62466020797109,19.414395641336583,19.46112060546875,2879800,0.0,0.0,0.05280829015544042,6.083607,0.0016,0.098500006,0.34451,0.06216,0.356,142027210752,0.181,29.523,12943287296,0.315,0.227,0.45,0.2202793529903911,-0.018757948025446166,1.0263519566298853,1.3765822818332791,-0.2290778130332124,0.013989854859610228,0.2309555732143903,0.18470131281221994,0.0025201104082715037,0.0006057380456292723,-0.031199179203312527,2.2997835971460456,231,0.06722926930796083,0.14092028878398402
2014-06-11 00:00:00-04:00,19.344309724932135,19.741475680112238,19.344309724932135,19.601299285888672,3884500,0.0,0.0,0.05280829015544042,6.083607,0.0016,0.098500006,0.34451,0.06216,0.356,142027210752,0.181,29.523,12943287296,0.315,0.227,0.45,0.2202793529903911,-0.018757948025446166,1.0263519566298853,1.3765822818332791,-0.2290778130332124,0.013989854859610228,0.2309555732143903,0.18470131281221994,0.0025201104082715037,0.0006057380456292723,-0.031199179203312527,2.2997835971460456,231,0.06722926930796083,0.14092028878398402
2014-06-12 00:00:00-04:00,19.648020358576307,19.67138358143311,19.476694513705574,19.616870880126953,2719100,0.0,0.0,0.05280829015544042,6.083607,0.0016,0.098500006,0.34451,0.06216,0.356,142027210752,0.181,29.523,12943287296,0.315,0.227,0.45,0.2202793529903911,-0.018757948025446166,1.0263519566298853,1.3765822818332791,-0.2290778130332124,0.013989854859610228,0.2309555732143903,0.18470131281221994,0.0025201104082715037,0.0006057380456292723,-0.031199179203312527,2.2997835971460456,231,0.06722926930796083,0.14092028878398402
2014-06-13 00:00:00-04:00,19.0717419814154,19.788197850829217,19.0717419814154,19.694747924804688,2443900,0.0,0.0,0.05280829015544042,6.083607,0.0016,0.098500006,0.34451,0.06216,0.356,142027210752,0.181,29.523,12943287296,0.315,0.227,0.45,0.2202793529903911,-0.018757948025446166,1.0263519566298853,1.3765822818332791,-0.2290778130332124,0.013989854859610228,0.2309555732143903,0.18470131281221994,0.0025201104082715037,0.0006057380456292723,-0.031199179203312527,2.2997835971460456,231,0.06722926930796083,0.14092028878398402
2014-06-16 00:00:00-04:00,19.75705013481938,19.912800520554633,19.749262392728628,19.858287811279297,3615500,0.0,0.0,0.05280829015544042,6.083607,0.0016,0.098500006,0.34451,0.06216,0.356,142027210752,0.181,29.523,12943287296,0.315,0.227,0.45,0.2202793529903911,-0.018757948025446166,1.0263519566298853,1.3765822818332791,-0.2290778130332124,0.013989854859610228,0.2309555732143903,0.18470131281221994,0.0025201104082715037,0.0006057380456292723,-0.031199179203312527,2.2997835971460456,231,0.06722926930796083,0.14092028878398402
2014-06-17 00:00:00-04:00,19.655810972999532,19.90501277846388,19.624661489996452,19.858287811279297,3196800,0.0,0.0,0.05280829015544042,6.083607,0.0016,0.098500006,0.34451,0.06216,0.356,142027210752,0.181,29.523,12943287296,0.315,0.227,0.45,0.2202793529903911,-0.018757948025446166,1.0263519566298853,1.3765822818332791,-0.2290778130332124,0.013989854859610228,0.2309555732143903,0.18470131281221994,0.0025201104082715037,0.0006057380456292723,-0.031199179203312527,2.2997835971460456,231,0.06722926930796083,0.14092028878398402
2014-06-18 00:00:00-04:00,19.842707664554688,19.975096278269582,19.741470011883102,19.95173454284668,2238500,0.0,0.0,0.05280829015544042,6.083607,0.0016,0.098500006,0.34451,0.06216,0.356,142027210752,0.181,29.523,12943287296,0.315,0.227,0.45,0.2202793529903911,-0.018757948025446166,1.0263519566298853,1.3765822818332791,-0.2290778130332124,0.013989854859610228,0.2309555732143903,0.18470131281221994,0.0025201104082715037,0.0006057380456292723,-0.031199179203312527,2.2997835971460456,231,0.06722926930796083,0.14092028878398402
2014-06-19 00:00:00-04:00,19.975103058764347,20.24766811897643,19.881653114632257,20.16979217529297,5723900,0.0,0.0,0.05280829015544042,6.083607,0.0016,0.098500006,0.34451,0.06216,0.356,142027210752,0.181,29.523,12943287296,0.315,0.227,0.45,0.2202793529903911,-0.018757948025446166,1.0263519566298853,1.3765822818332791,-0.2290778130332124,0.013989854859610228,0.2309555732143903,0.18470131281221994,0.0025201104082715037,0.0006057380456292723,-0.031199179203312527,2.2997835971460456,231,0.06722926930796083,0.14092028878398402
2014-06-20 00:00:00-04:00,20.232088182072545,20.271026888027734,20.00624962897147,20.076337814331055,5786400,0.0,0.0,0.05280829015544042,6.083607,0.0016,0.098500006,0.34451,0.06216,0.356,142027210752,0.181,29.523,12943287296,0.315,0.227,0.45,0.2202793529903911,-0.018757948025446166,1.0263519566298853,1.3765822818332791,-0.2290778130332124,0.013989854859610228,0.2309555732143903,0.18470131281221994,0.0025201104082715037,0.0006057380456292723,-0.031199179203312527,2.2997835971460456,231,0.06722926930796083,0.14092028878398402
2014-06-23 00:00:00-04:00,20.076335416300743,20.08412315656157,19.905008101281723,19.95173454284668,3072700,0.0,0.0,0.05280829015544042,6.083607,0.0016,0.098500006,0.34451,0.06216,0.356,142027210752,0.181,29.523,12943287296,0.315,0.227,0.45,0.2202793529903911,-0.018757948025446166,1.0263519566298853,1.3765822818332791,-0.2290778130332124,0.013989854859610228,0.2309555732143903,0.18470131281221994,0.0025201104082715037,0.0006057380456292723,-0.031199179203312527,2.2997835971460456,231,0.06722926930796083,0.14092028878398402
2014-06-24 00:00:00-04:00,19.928374238908745,19.95952371915171,19.780410123015226,19.82713508605957,3991400,0.0,0.0,0.05280829015544042,6.083607,0.0016,0.098500006,0.34451,0.06216,0.356,142027210752,0.181,29.523,12943287296,0.315,0.227,0.45,0.2202793529903911,-0.018757948025446166,1.0263519566298853,1.3765822818332791,-0.2290778130332124,0.013989854859610228,0.2309555732143903,0.18470131281221994,0.0025201104082715037,0.0006057380456292723,-0.031199179203312527,2.2997835971460456,231,0.06722926930796083,0.14092028878398402
2014-06-25 00:00:00-04:00,19.819352076781907,19.819352076781907,19.679175679325684,19.725900650024414,3507600,0.0,0.0,0.05280829015544042,6.083607,0.0016,0.098500006,0.34451,0.06216,0.356,142027210752,0.181,29.523,12943287296,0.315,0.227,0.45,0.2202793529903911,-0.018757948025446166,1.0263519566298853,1.3765822818332791,-0.2290778130332124,0.013989854859610228,0.2309555732143903,0.18470131281221994,0.0025201104082715037,0.0006057380456292723,-0.031199179203312527,2.2997835971460456,231,0.06722926930796083,0.14092028878398402
2014-06-26 00:00:00-04:00,19.7804123288047,19.811563297881225,19.492273291646658,19.632448196411133,4057000,0.0,0.0,0.05280829015544042,6.083607,0.0016,0.098500006,0.34451,0.06216,0.356,142027210752,0.181,29.523,12943287296,0.315,0.227,0.45,0.2202793529903911,-0.018757948025446166,1.0263519566298853,1.3765822818332791,-0.2290778130332124,0.013989854859610228,0.2309555732143903,0.18470131281221994,0.0025201104082715037,0.0006057380456292723,-0.031199179203312527,2.2997835971460456,231,0.06722926930796083,0.14092028878398402
2014-06-27 00:00:00-04:00,19.507845211897752,19.671384811401367,19.507845211897752,19.671384811401367,8530700,0.0,0.0,0.05280829015544042,6.083607,0.0016,0.098500006,0.34451,0.06216,0.356,142027210752,0.181,29.523,12943287296,0.315,0.227,0.45,0.2202793529903911,-0.018757948025446166,1.0263519566298853,1.3765822818332791,-0.2290778130332124,0.013989854859610228,0.2309555732143903,0.18470131281221994,0.0025201104082715037,0.0006057380456292723,-0.031199179203312527,2.2997835971460456,231,0.06722926930796083,0.14092028878398402
2014-06-30 00:00:00-04:00,19.67917366452678,19.772623596356617,19.64023495513111,19.7492618560791,2658300,0.0,0.0,0.05280829015544042,6.083607,0.0016,0.098500006,0.34451,0.06216,0.356,142027210752,0.181,29.523,12943287296,0.315,0.227,0.45,0.2202793529903911,-0.018757948025446166,1.0263519566298853,1.3765822818332791,-0.2290778130332124,0.013989854859610228,0.2309555732143903,0.18470131281221994,0.0025201104082715037,0.0006057380456292723,-0.031199179203312527,2.2997835971460456,231,0.06722926930796083,0.14092028878398402
2014-07-01 00:00:00-04:00,19.811562919222546,19.905012853946086,19.795987434981978,19.84271240234375,2088100,0.0,0.0,0.05280829015544042,6.083607,0.0016,0.098500006,0.34451,0.06216,0.356,142027210752,0.181,29.523,12943287296,0.315,0.227,0.45,0.2202793529903911,-0.018757948025446166,1.0263519566298853,1.3765822818332791,-0.2290778130332124,0.013989854859610228,0.2309555732143903,0.18470131281221994,0.0025201104082715037,0.0006057380456292723,-0.031199179203312527,2.2997835971460456,231,0.06722926930796083,0.14092028878398402
2014-07-02 00:00:00-04:00,19.741475102819006,19.889439235212574,19.609086454963702,19.632448196411133,2308600,0.0,0.0,0.05280829015544042,6.083607,0.0016,0.098500006,0.34451,0.06216,0.356,142027210752,0.181,29.523,12943287296,0.315,0.227,0.45,0.2202793529903911,-0.018757948025446166,1.0263519566298853,1.3765822818332791,-0.2290778130332124,0.013989854859610228,0.2309555732143903,0.18470131281221994,0.0025201104082715037,0.0006057380456292723,-0.031199179203312527,2.2997835971460456,231,0.06722926930796083,0.14092028878398402
2014-07-03 00:00:00-04:00,19.367674875377656,19.76483938463096,19.266435698226694,19.59351348876953,1913800,0.0,0.0,0.05280829015544042,6.083607,0.0016,0.098500006,0.34451,0.06216,0.356,142027210752,0.181,29.523,12943287296,0.315,0.227,0.45,0.2202793529903911,-0.018757948025446166,1.0263519566298853,1.3765822818332791,-0.2290778130332124,0.013989854859610228,0.2309555732143903,0.18470131281221994,0.0025201104082715037,0.0006057380456292723,-0.031199179203312527,2.2997835971460456,231,0.06722926930796083,0.14092028878398402
2014-07-07 00:00:00-04:00,19.63244566726885,19.710321594567866,19.484483039296475,19.53899574279785,2864700,0.0,0.0,0.05280829015544042,6.083607,0.0016,0.098500006,0.34451,0.06216,0.356,142027210752,0.181,29.523,12943287296,0.315,0.227,0.45,0.2202793529903911,-0.018757948025446166,1.0263519566298853,1.3765822818332791,-0.2290778130332124,0.013989854859610228,0.2309555732143903,0.18470131281221994,0.0025201104082715037,0.0006057380456292723,-0.031199179203312527,2.2997835971460456,231,0.06722926930796083,0.14092028878398402
2014-07-08 00:00:00-04:00,19.523423346280023,19.624662513379267,19.4844861191557,19.601299285888672,3764800,0.0,0.0,0.05280829015544042,6.083607,0.0016,0.098500006,0.34451,0.06216,0.356,142027210752,0.181,29.523,12943287296,0.315,0.227,0.45,0.2202793529903911,-0.018757948025446166,1.0263519566298853,1.3765822818332791,-0.2290778130332124,0.013989854859610228,0.2309555732143903,0.18470131281221994,0.0025201104082715037,0.0006057380456292723,-0.031199179203312527,2.2997835971460456,231,0.06722926930796083,0.14092028878398402
2014-07-09 00:00:00-04:00,19.585719916317885,19.725896282739264,19.5156317331072,19.616870880126953,3035200,0.0,0.0,0.05280829015544042,6.083607,0.0016,0.098500006,0.34451,0.06216,0.356,142027210752,0.181,29.523,12943287296,0.315,0.227,0.45,0.2202793529903911,-0.018757948025446166,1.0263519566298853,1.3765822818332791,-0.2290778130332124,0.013989854859610228,0.2309555732143903,0.18470131281221994,0.0025201104082715037,0.0006057380456292723,-0.031199179203312527,2.2997835971460456,231,0.06722926930796083,0.14092028878398402
2014-07-10 00:00:00-04:00,19.274221654754037,19.406610307352604,19.01723209210505,19.095108032226562,8649900,0.0,0.0,0.05280829015544042,6.083607,0.0016,0.098500006,0.34451,0.06216,0.356,142027210752,0.181,29.523,12943287296,0.315,0.227,0.45,0.2202793529903911,-0.018757948025446166,1.0263519566298853,1.3765822818332791,-0.2290778130332124,0.013989854859610228,0.2309555732143903,0.18470131281221994,0.0025201104082715037,0.0006057380456292723,-0.031199179203312527,2.2997835971460456,231,0.06722926930796083,0.14092028878398402
2014-07-11 00:00:00-04:00,19.06395400580652,19.110680453604513,18.915991377192206,19.02501678466797,4497100,0.0,0.0,0.05280829015544042,6.083607,0.0016,0.098500006,0.34451,0.06216,0.356,142027210752,0.181,29.523,12943287296,0.315,0.227,0.45,0.2202793529903911,-0.018757948025446166,1.0263519566298853,1.3765822818332791,-0.2290778130332124,0.013989854859610228,0.2309555732143903,0.18470131281221994,0.0025201104082715037,0.0006057380456292723,-0.031199179203312527,2.2997835971460456,231,0.06722926930796083,0.14092028878398402
2014-07-14 00:00:00-04:00,19.071743734611058,19.297583799757273,18.954930573662296,19.009443283081055,4580200,0.0,0.0,0.05280829015544042,6.083607,0.0016,0.098500006,0.34451,0.06216,0.356,142027210752,0.181,29.523,12943287296,0.315,0.227,0.45,0.2202793529903911,-0.018757948025446166,1.0263519566298853,1.3765822818332791,-0.2290778130332124,0.013989854859610228,0.2309555732143903,0.18470131281221994,0.0025201104082715037,0.0006057380456292723,-0.031199179203312527,2.2997835971460456,231,0.06722926930796083,0.14092028878398402
2014-07-15 00:00:00-04:00,19.04837672193578,19.219704043607642,18.91598958843972,19.001651763916016,4917400,0.0,0.0,0.05280829015544042,6.083607,0.0016,0.098500006,0.34451,0.06216,0.356,142027210752,0.181,29.523,12943287296,0.315,0.227,0.45,0.2202793529903911,-0.018757948025446166,1.0263519566298853,1.3765822818332791,-0.2290778130332124,0.013989854859610228,0.2309555732143903,0.18470131281221994,0.0025201104082715037,0.0006057380456292723,-0.031199179203312527,2.2997835971460456,231,0.06722926930796083,0.14092028878398402
2014-07-16 00:00:00-04:00,19.07952753945242,19.110678501469042,18.93935118109686,19.03280258178711,3589300,0.0,0.0,0.05280829015544042,6.083607,0.0016,0.098500006,0.34451,0.06216,0.356,142027210752,0.181,29.523,12943287296,0.315,0.227,0.45,0.2202793529903911,-0.018757948025446166,1.0263519566298853,1.3765822818332791,-0.2290778130332124,0.013989854859610228,0.2309555732143903,0.18470131281221994,0.0025201104082715037,0.0006057380456292723,-0.031199179203312527,2.2997835971460456,231,0.06722926930796083,0.14092028878398402
2014-07-17 00:00:00-04:00,18.97829025445028,19.227492014014132,18.806962930730393,18.81475067138672,3920400,0.0,0.0,0.05280829015544042,6.083607,0.0016,0.098500006,0.34451,0.06216,0.356,142027210752,0.181,29.523,12943287296,0.315,0.227,0.45,0.2202793529903911,-0.018757948025446166,1.0263519566298853,1.3765822818332791,-0.2290778130332124,0.013989854859610228,0.2309555732143903,0.18470131281221994,0.0025201104082715037,0.0006057380456292723,-0.031199179203312527,2.2997835971460456,231,0.06722926930796083,0.14092028878398402
2014-07-18 00:00:00-04:00,18.806962930730393,18.861475629965028,18.729087009526776,18.81475067138672,5602700,0.0,0.0,0.05280829015544042,6.083607,0.0016,0.098500006,0.34451,0.06216,0.356,142027210752,0.181,29.523,12943287296,0.315,0.227,0.45,0.2202793529903911,-0.018757948025446166,1.0263519566298853,1.3765822818332791,-0.2290778130332124,0.013989854859610228,0.2309555732143903,0.18470131281221994,0.0025201104082715037,0.0006057380456292723,-0.031199179203312527,2.2997835971460456,231,0.06722926930796083,0.14092028878398402
2014-07-21 00:00:00-04:00,18.806966059753517,18.908205219769858,18.768028835353327,18.869266510009766,3603800,0.0,0.0,0.05280829015544042,6.083607,0.0016,0.098500006,0.34451,0.06216,0.356,142027210752,0.181,29.523,12943287296,0.315,0.227,0.45,0.2202793529903911,-0.018757948025446166,1.0263519566298853,1.3765822818332791,-0.2290778130332124,0.013989854859610228,0.2309555732143903,0.18470131281221994,0.0025201104082715037,0.0006057380456292723,-0.031199179203312527,2.2997835971460456,231,0.06722926930796083,0.14092028878398402
2014-07-22 00:00:00-04:00,18.869267120679858,18.89263034729202,18.775817184951094,18.83032989501953,2583800,0.0,0.0,0.05280829015544042,6.083607,0.0016,0.098500006,0.34451,0.06216,0.356,142027210752,0.181,29.523,12943287296,0.315,0.227,0.45,0.2202793529903911,-0.018757948025446166,1.0263519566298853,1.3765822818332791,-0.2290778130332124,0.013989854859610228,0.2309555732143903,0.18470131281221994,0.0025201104082715037,0.0006057380456292723,-0.031199179203312527,2.2997835971460456,231,0.06722926930796083,0.14092028878398402
2014-07-23 00:00:00-04:00,18.892626701740898,18.892626701740898,18.7290871177325,18.7913875579834,3264200,0.0,0.0,0.05280829015544042,6.083607,0.0016,0.098500006,0.34451,0.06216,0.356,142027210752,0.181,29.523,12943287296,0.315,0.227,0.45,0.2202793529903911,-0.018757948025446166,1.0263519566298853,1.3765822818332791,-0.2290778130332124,0.013989854859610228,0.2309555732143903,0.18470131281221994,0.0025201104082715037,0.0006057380456292723,-0.031199179203312527,2.2997835971460456,231,0.06722926930796083,0.14092028878398402
2014-07-24 00:00:00-04:00,18.869267653763092,18.962719077491936,18.77581771539424,18.939355850219727,3213100,0.0,0.0,0.05280829015544042,6.083607,0.0016,0.098500006,0.34451,0.06216,0.356,142027210752,0.181,29.523,12943287296,0.315,0.227,0.45,0.2202793529903911,-0.018757948025446166,1.0263519566298853,1.3765822818332791,-0.2290778130332124,0.013989854859610228,0.2309555732143903,0.18470131281221994,0.0025201104082715037,0.0006057380456292723,-0.031199179203312527,2.2997835971460456,231,0.06722926930796083,0.14092028878398402
2014-07-25 00:00:00-04:00,18.83033176385898,18.931569451839252,18.79918079195114,18.838119506835938,3308200,0.0,0.0,0.05280829015544042,6.083607,0.0016,0.098500006,0.34451,0.06216,0.356,142027210752,0.181,29.523,12943287296,0.315,0.227,0.45,0.2202793529903911,-0.018757948025446166,1.0263519566298853,1.3765822818332791,-0.2290778130332124,0.013989854859610228,0.2309555732143903,0.18470131281221994,0.0025201104082715037,0.0006057380456292723,-0.031199179203312527,2.2997835971460456,231,0.06722926930796083,0.14092028878398402
2014-07-28 00:00:00-04:00,18.81475067138672,18.869263370621354,18.705725272917448,18.81475067138672,2985700,0.0,0.0,0.05280829015544042,6.083607,0.0016,0.098500006,0.34451,0.06216,0.356,142027210752,0.181,29.523,12943287296,0.315,0.227,0.45,0.2202793529903911,-0.018757948025446166,1.0263519566298853,1.3765822818332791,-0.2290778130332124,0.013989854859610228,0.2309555732143903,0.18470131281221994,0.0025201104082715037,0.0006057380456292723,-0.031199179203312527,2.2997835971460456,231,0.06722926930796083,0.14092028878398402
2014-07-29 00:00:00-04:00,18.806963881576856,18.877052065667677,18.557762109413805,18.565549850463867,3187500,0.0,0.0,0.05280829015544042,6.083607,0.0016,0.098500006,0.34451,0.06216,0.356,142027210752,0.181,29.523,12943287296,0.315,0.227,0.45,0.2202793529903911,-0.018757948025446166,1.0263519566298853,1.3765822818332791,-0.2290778130332124,0.013989854859610228,0.2309555732143903,0.18470131281221994,0.0025201104082715037,0.0006057380456292723,-0.031199179203312527,2.2997835971460456,231,0.06722926930796083,0.14092028878398402
2014-07-30 00:00:00-04:00,18.61227432890892,18.682362511182813,18.409797522935424,18.440948486328125,3161200,0.0,0.0,0.05280829015544042,6.083607,0.0016,0.098500006,0.34451,0.06216,0.356,142027210752,0.181,29.523,12943287296,0.315,0.227,0.45,0.2202793529903911,-0.018757948025446166,1.0263519566298853,1.3765822818332791,-0.2290778130332124,0.013989854859610228,0.2309555732143903,0.18470131281221994,0.0025201104082715037,0.0006057380456292723,-0.031199179203312527,2.2997835971460456,231,0.06722926930796083,0.14092028878398402
2014-07-31 00:00:00-04:00,18.549981876067033,18.61228234432256,18.25405502319336,18.25405502319336,4624000,0.0,0.0,0.05280829015544042,6.083607,0.0016,0.098500006,0.34451,0.06216,0.356,142027210752,0.181,29.523,12943287296,0.315,0.227,0.45,0.2202793529903911,-0.018757948025446166,1.0263519566298853,1.3765822818332791,-0.2290778130332124,0.013989854859610228,0.2309555732143903,0.18470131281221994,0.0025201104082715037,0.0006057380456292723,-0.031199179203312527,2.2997835971460456,231,0.06722926930796083,0.14092028878398402
2014-08-01 00:00:00-04:00,18.378648013136882,18.4331607136202,18.0671458065467,18.082719802856445,22511100,0.0,0.0,0.05280829015544042,6.083607,0.0016,0.098500006,0.34451,0.06216,0.356,142027210752,0.181,29.523,12943287296,0.315,0.227,0.45,0.2202793529903911,-0.018757948025446166,1.0263519566298853,1.3765822818332791,-0.2290778130332124,0.013989854859610228,0.2309555732143903,0.18470131281221994,0.0025201104082715037,0.0006057380456292723,-0.031199179203312527,2.2997835971460456,231,0.06722926930796083,0.14092028878398402
2014-08-04 00:00:00-04:00,18.145026271211528,18.285202682077912,18.067151807717032,18.23847770690918,11864700,0.0,0.0,0.05280829015544042,6.083607,0.0016,0.098500006,0.34451,0.06216,0.356,142027210752,0.181,29.523,12943287296,0.315,0.227,0.45,0.2202793529903911,-0.018757948025446166,1.0263519566298853,1.3765822818332791,-0.2290778130332124,0.013989854859610228,0.2309555732143903,0.18470131281221994,0.0025201104082715037,0.0006057380456292723,-0.031199179203312527,2.2997835971460456,231,0.06722926930796083,0.14092028878398402
2014-08-05 00:00:00-04:00,18.23847075138984,18.363071627894804,18.15280709178282,18.183958053588867,7201700,0.0,0.0,0.05280829015544042,6.083607,0.0016,0.098500006,0.34451,0.06216,0.356,142027210752,0.181,29.523,12943287296,0.315,0.227,0.45,0.2202793529903911,-0.018757948025446166,1.0263519566298853,1.3765822818332791,-0.2290778130332124,0.013989854859610228,0.2309555732143903,0.18470131281221994,0.0025201104082715037,0.0006057380456292723,-0.031199179203312527,2.2997835971460456,231,0.06722926930796083,0.14092028878398402
2014-08-06 00:00:00-04:00,18.145026271211528,18.339715400668133,18.145026271211528,18.23847770690918,3212900,0.0,0.0,0.05280829015544042,6.083607,0.0016,0.098500006,0.34451,0.06216,0.356,142027210752,0.181,29.523,12943287296,0.315,0.227,0.45,0.2202793529903911,-0.018757948025446166,1.0263519566298853,1.3765822818332791,-0.2290778130332124,0.013989854859610228,0.2309555732143903,0.18470131281221994,0.0025201104082715037,0.0006057380456292723,-0.031199179203312527,2.2997835971460456,231,0.06722926930796083,0.14092028878398402
2014-08-07 00:00:00-04:00,18.355291628358557,18.635644461406795,18.168390234779814,18.176177978515625,2522600,0.0,0.0,0.05280829015544042,6.083607,0.0016,0.098500006,0.34451,0.06216,0.356,142027210752,0.181,29.523,12943287296,0.315,0.227,0.45,0.2202793529903911,-0.018757948025446166,1.0263519566298853,1.3765822818332791,-0.2290778130332124,0.013989854859610228,0.2309555732143903,0.18470131281221994,0.0025201104082715037,0.0006057380456292723,-0.031199179203312527,2.2997835971460456,231,0.06722926930796083,0.14092028878398402
2014-08-08 00:00:00-04:00,18.207327716431415,18.48768055330343,18.17617822642356,18.464317321777344,2777100,0.0,0.0,0.05280829015544042,6.083607,0.0016,0.098500006,0.34451,0.06216,0.356,142027210752,0.181,29.523,12943287296,0.315,0.227,0.45,0.2202793529903911,-0.018757948025446166,1.0263519566298853,1.3765822818332791,-0.2290778130332124,0.013989854859610228,0.2309555732143903,0.18470131281221994,0.0025201104082715037,0.0006057380456292723,-0.031199179203312527,2.2997835971460456,231,0.06722926930796083,0.14092028878398402
2014-08-11 00:00:00-04:00,18.627849773871663,18.627849773871663,18.4487361907959,18.4487361907959,3878900,0.0,0.0,0.05280829015544042,6.083607,0.0016,0.098500006,0.34451,0.06216,0.356,142027210752,0.181,29.523,12943287296,0.315,0.227,0.45,0.2202793529903911,-0.018757948025446166,1.0263519566298853,1.3765822818332791,-0.2290778130332124,0.013989854859610228,0.2309555732143903,0.18470131281221994,0.0025201104082715037,0.0006057380456292723,-0.031199179203312527,2.2997835971460456,231,0.06722926930796083,0.14092028878398402
2014-08-12 00:00:00-04:00,18.472102390934914,18.542190590004434,18.417589677294185,18.53440284729004,2670500,0.0,0.0,0.05280829015544042,6.083607,0.0016,0.098500006,0.34451,0.06216,0.356,142027210752,0.181,29.523,12943287296,0.315,0.227,0.45,0.2202793529903911,-0.018757948025446166,1.0263519566298853,1.3765822818332791,-0.2290778130332124,0.013989854859610228,0.2309555732143903,0.18470131281221994,0.0025201104082715037,0.0006057380456292723,-0.031199179203312527,2.2997835971460456,231,0.06722926930796083,0.14092028878398402
2014-08-13 00:00:00-04:00,18.69015343121762,18.853691560768002,18.565552527171633,18.845905303955078,5693500,0.0,0.0,0.05280829015544042,6.083607,0.0016,0.098500006,0.34451,0.06216,0.356,142027210752,0.181,29.523,12943287296,0.315,0.227,0.45,0.2202793529903911,-0.018757948025446166,1.0263519566298853,1.3765822818332791,-0.2290778130332124,0.013989854859610228,0.2309555732143903,0.18470131281221994,0.0025201104082715037,0.0006057380456292723,-0.031199179203312527,2.2997835971460456,231,0.06722926930796083,0.14092028878398402
2014-08-14 00:00:00-04:00,19.102888247346392,19.149613198863488,18.93934868899742,19.07173728942871,3506600,0.0,0.0,0.05280829015544042,6.083607,0.0016,0.098500006,0.34451,0.06216,0.356,142027210752,0.181,29.523,12943287296,0.315,0.227,0.45,0.2202793529903911,-0.018757948025446166,1.0263519566298853,1.3765822818332791,-0.2290778130332124,0.013989854859610228,0.2309555732143903,0.18470131281221994,0.0025201104082715037,0.0006057380456292723,-0.031199179203312527,2.2997835971460456,231,0.06722926930796083,0.14092028878398402
2014-08-15 00:00:00-04:00,19.11846729386271,19.274219153896713,19.040592849205527,19.12625503540039,2960100,0.0,0.0,0.05280829015544042,6.083607,0.0016,0.098500006,0.34451,0.06216,0.356,142027210752,0.181,29.523,12943287296,0.315,0.227,0.45,0.2202793529903911,-0.018757948025446166,1.0263519566298853,1.3765822818332791,-0.2290778130332124,0.013989854859610228,0.2309555732143903,0.18470131281221994,0.0025201104082715037,0.0006057380456292723,-0.031199179203312527,2.2997835971460456,231,0.06722926930796083,0.14092028878398402
2014-08-18 00:00:00-04:00,19.172984425329478,19.282009852859424,19.157408939865185,19.219709396362305,3212700,0.0,0.0,0.05280829015544042,6.083607,0.0016,0.098500006,0.34451,0.06216,0.356,142027210752,0.181,29.523,12943287296,0.315,0.227,0.45,0.2202793529903911,-0.018757948025446166,1.0263519566298853,1.3765822818332791,-0.2290778130332124,0.013989854859610228,0.2309555732143903,0.18470131281221994,0.0025201104082715037,0.0006057380456292723,-0.031199179203312527,2.2997835971460456,231,0.06722926930796083,0.14092028878398402
2014-08-19 00:00:00-04:00,19.227498969173098,19.28201168812661,19.157410763272818,19.235286712646484,2475800,0.0,0.0,0.05280829015544042,6.083607,0.0016,0.098500006,0.34451,0.06216,0.356,142027210752,0.181,29.523,12943287296,0.315,0.227,0.45,0.2202793529903911,-0.018757948025446166,1.0263519566298853,1.3765822818332791,-0.2290778130332124,0.013989854859610228,0.2309555732143903,0.18470131281221994,0.0025201104082715037,0.0006057380456292723,-0.031199179203312527,2.2997835971460456,231,0.06722926930796083,0.14092028878398402
2014-08-20 00:00:00-04:00,19.172983890502827,19.2508583449319,19.141832920443193,19.243070602416992,2075000,0.0,0.0,0.05280829015544042,6.083607,0.0016,0.098500006,0.34451,0.06216,0.356,142027210752,0.181,29.523,12943287296,0.315,0.227,0.45,0.2202793529903911,-0.018757948025446166,1.0263519566298853,1.3765822818332791,-0.2290778130332124,0.013989854859610228,0.2309555732143903,0.18470131281221994,0.0025201104082715037,0.0006057380456292723,-0.031199179203312527,2.2997835971460456,231,0.06722926930796083,0.14092028878398402
2014-08-21 00:00:00-04:00,19.243065084208133,19.476692836579456,19.21191560844104,19.429967880249023,2486900,0.0,0.0,0.05280829015544042,6.083607,0.0016,0.098500006,0.34451,0.06216,0.356,142027210752,0.181,29.523,12943287296,0.315,0.227,0.45,0.2202793529903911,-0.018757948025446166,1.0263519566298853,1.3765822818332791,-0.2290778130332124,0.013989854859610228,0.2309555732143903,0.18470131281221994,0.0025201104082715037,0.0006057380456292723,-0.031199179203312527,2.2997835971460456,231,0.06722926930796083,0.14092028878398402
2014-08-22 00:00:00-04:00,19.398818342981937,19.437755561888665,19.243066496635645,19.305368423461914,2066600,0.0,0.0,0.05280829015544042,6.083607,0.0016,0.098500006,0.34451,0.06216,0.356,142027210752,0.181,29.523,12943287296,0.315,0.227,0.45,0.2202793529903911,-0.018757948025446166,1.0263519566298853,1.3765822818332791,-0.2290778130332124,0.013989854859610228,0.2309555732143903,0.18470131281221994,0.0025201104082715037,0.0006057380456292723,-0.031199179203312527,2.2997835971460456,231,0.06722926930796083,0.14092028878398402
2014-08-25 00:00:00-04:00,19.352095194040412,19.47669608863275,19.274219263580243,19.46112060546875,2011000,0.0,0.0,0.05280829015544042,6.083607,0.0016,0.098500006,0.34451,0.06216,0.356,142027210752,0.181,29.523,12943287296,0.315,0.227,0.45,0.2202793529903911,-0.018757948025446166,1.0263519566298853,1.3765822818332791,-0.2290778130332124,0.013989854859610228,0.2309555732143903,0.18470131281221994,0.0025201104082715037,0.0006057380456292723,-0.031199179203312527,2.2997835971460456,231,0.06722926930796083,0.14092028878398402
2014-08-26 00:00:00-04:00,19.507845681345074,19.507845681345074,19.39103252766561,19.43775749206543,1344300,0.0,0.0,0.05280829015544042,6.083607,0.0016,0.098500006,0.34451,0.06216,0.356,142027210752,0.181,29.523,12943287296,0.315,0.227,0.45,0.2202793529903911,-0.018757948025446166,1.0263519566298853,1.3765822818332791,-0.2290778130332124,0.013989854859610228,0.2309555732143903,0.18470131281221994,0.0025201104082715037,0.0006057380456292723,-0.031199179203312527,2.2997835971460456,231,0.06722926930796083,0.14092028878398402
2014-08-27 00:00:00-04:00,19.367671320327027,19.492272219056858,19.32873261112403,19.414396286010742,2285700,0.0,0.0,0.05280829015544042,6.083607,0.0016,0.098500006,0.34451,0.06216,0.356,142027210752,0.181,29.523,12943287296,0.315,0.227,0.45,0.2202793529903911,-0.018757948025446166,1.0263519566298853,1.3765822818332791,-0.2290778130332124,0.013989854859610228,0.2309555732143903,0.18470131281221994,0.0025201104082715037,0.0006057380456292723,-0.031199179203312527,2.2997835971460456,231,0.06722926930796083,0.14092028878398402
2014-08-28 00:00:00-04:00,19.359883653082047,19.48448455229198,19.31315720185841,19.398820877075195,1419000,0.0,0.0,0.05280829015544042,6.083607,0.0016,0.098500006,0.34451,0.06216,0.356,142027210752,0.181,29.523,12943287296,0.315,0.227,0.45,0.2202793529903911,-0.018757948025446166,1.0263519566298853,1.3765822818332791,-0.2290778130332124,0.013989854859610228,0.2309555732143903,0.18470131281221994,0.0025201104082715037,0.0006057380456292723,-0.031199179203312527,2.2997835971460456,231,0.06722926930796083,0.14092028878398402
2014-08-29 00:00:00-04:00,19.461126209444355,19.500064928567046,19.398825744208306,19.48448944091797,1688500,0.0,0.0,0.05280829015544042,6.083607,0.0016,0.098500006,0.34451,0.06216,0.356,142027210752,0.181,29.523,12943287296,0.315,0.227,0.45,0.2202793529903911,-0.018757948025446166,1.0263519566298853,1.3765822818332791,-0.2290778130332124,0.013989854859610228,0.2309555732143903,0.18470131281221994,0.0025201104082715037,0.0006057380456292723,-0.031199179203312527,2.2997835971460456,231,0.06722926930796083,0.14092028878398402
2014-09-02 00:00:00-04:00,19.7959903577113,19.83492758870158,19.56236400104934,19.59351348876953,3003700,0.0,0.0,0.05280829015544042,6.083607,0.0016,0.098500006,0.34451,0.06216,0.356,142027210752,0.181,29.523,12943287296,0.315,0.227,0.45,0.2202793529903911,-0.018757948025446166,1.0263519566298853,1.3765822818332791,-0.2290778130332124,0.013989854859610228,0.2309555732143903,0.18470131281221994,0.0025201104082715037,0.0006057380456292723,-0.031199179203312527,2.2997835971460456,231,0.06722926930796083,0.14092028878398402
2014-09-03 00:00:00-04:00,19.679174149515607,19.725899116582053,19.476697311747778,19.515634536743164,2168600,0.0,0.0,0.05280829015544042,6.083607,0.0016,0.098500006,0.34451,0.06216,0.356,142027210752,0.181,29.523,12943287296,0.315,0.227,0.45,0.2202793529903911,-0.018757948025446166,1.0263519566298853,1.3765822818332791,-0.2290778130332124,0.013989854859610228,0.2309555732143903,0.18470131281221994,0.0025201104082715037,0.0006057380456292723,-0.031199179203312527,2.2997835971460456,231,0.06722926930796083,0.14092028878398402
2014-09-04 00:00:00-04:00,19.54678409149513,19.593509055182643,19.4455449372524,19.500059127807617,2102500,0.0,0.0,0.05280829015544042,6.083607,0.0016,0.098500006,0.34451,0.06216,0.356,142027210752,0.181,29.523,12943287296,0.315,0.227,0.45,0.2202793529903911,-0.018757948025446166,1.0263519566298853,1.3765822818332791,-0.2290778130332124,0.013989854859610228,0.2309555732143903,0.18470131281221994,0.0025201104082715037,0.0006057380456292723,-0.031199179203312527,2.2997835971460456,231,0.06722926930796083,0.14092028878398402
2014-09-05 00:00:00-04:00,19.45333147211024,19.577932357788086,19.445543731085408,19.577932357788086,2348100,0.0,0.0,0.05280829015544042,6.083607,0.0016,0.098500006,0.34451,0.06216,0.356,142027210752,0.181,29.523,12943287296,0.315,0.227,0.45,0.2202793529903911,-0.018757948025446166,1.0263519566298853,1.3765822818332791,-0.2290778130332124,0.013989854859610228,0.2309555732143903,0.18470131281221994,0.0025201104082715037,0.0006057380456292723,-0.031199179203312527,2.2997835971460456,231,0.06722926930796083,0.14092028878398402
2014-09-08 00:00:00-04:00,19.57014612899811,19.58572161225133,19.39103252766561,19.43775749206543,2476800,0.0,0.0,0.05280829015544042,6.083607,0.0016,0.098500006,0.34451,0.06216,0.356,142027210752,0.181,29.523,12943287296,0.315,0.227,0.45,0.2202793529903911,-0.018757948025446166,1.0263519566298853,1.3765822818332791,-0.2290778130332124,0.013989854859610228,0.2309555732143903,0.18470131281221994,0.0025201104082715037,0.0006057380456292723,-0.031199179203312527,2.2997835971460456,231,0.06722926930796083,0.14092028878398402
2014-09-09 00:00:00-04:00,19.45333156201344,19.476694785195907,19.35209389894222,19.422182083129883,2189700,0.0,0.0,0.05280829015544042,6.083607,0.0016,0.098500006,0.34451,0.06216,0.356,142027210752,0.181,29.523,12943287296,0.315,0.227,0.45,0.2202793529903911,-0.018757948025446166,1.0263519566298853,1.3765822818332791,-0.2290778130332124,0.013989854859610228,0.2309555732143903,0.18470131281221994,0.0025201104082715037,0.0006057380456292723,-0.031199179203312527,2.2997835971460456,231,0.06722926930796083,0.14092028878398402
2014-09-10 00:00:00-04:00,19.42997180710976,19.484484514739055,19.359883615769267,19.40660858154297,4069200,0.0,0.0,0.05280829015544042,6.083607,0.0016,0.098500006,0.34451,0.06216,0.356,142027210752,0.181,29.523,12943287296,0.315,0.227,0.45,0.2202793529903911,-0.018757948025446166,1.0263519566298853,1.3765822818332791,-0.2290778130332124,0.013989854859610228,0.2309555732143903,0.18470131281221994,0.0025201104082715037,0.0006057380456292723,-0.031199179203312527,2.2997835971460456,231,0.06722926930796083,0.14092028878398402
2014-09-11 00:00:00-04:00,19.35209500987737,19.531208608479353,19.31315630233793,19.500059127807617,3141200,0.0,0.0,0.05280829015544042,6.083607,0.0016,0.098500006,0.34451,0.06216,0.356,142027210752,0.181,29.523,12943287296,0.315,0.227,0.45,0.2202793529903911,-0.018757948025446166,1.0263519566298853,1.3765822818332791,-0.2290778130332124,0.013989854859610228,0.2309555732143903,0.18470131281221994,0.0025201104082715037,0.0006057380456292723,-0.031199179203312527,2.2997835971460456,231,0.06722926930796083,0.14092028878398402
2014-09-12 00:00:00-04:00,19.515634536743164,19.671386407444547,19.461121827605655,19.515634536743164,3827200,0.0,0.0,0.05280829015544042,6.083607,0.0016,0.098500006,0.34451,0.06216,0.356,142027210752,0.181,29.523,12943287296,0.315,0.227,0.45,0.2202793529903911,-0.018757948025446166,1.0263519566298853,1.3765822818332791,-0.2290778130332124,0.013989854859610228,0.2309555732143903,0.18470131281221994,0.0025201104082715037,0.0006057380456292723,-0.031199179203312527,2.2997835971460456,231,0.06722926930796083,0.14092028878398402
2014-09-15 00:00:00-04:00,19.53121108877689,19.655811998006726,19.461122891665106,19.601299285888672,2081300,0.0,0.0,0.05280829015544042,6.083607,0.0016,0.098500006,0.34451,0.06216,0.356,142027210752,0.181,29.523,12943287296,0.315,0.227,0.45,0.2202793529903911,-0.018757948025446166,1.0263519566298853,1.3765822818332791,-0.2290778130332124,0.013989854859610228,0.2309555732143903,0.18470131281221994,0.0025201104082715037,0.0006057380456292723,-0.031199179203312527,2.2997835971460456,231,0.06722926930796083,0.14092028878398402
2014-09-16 00:00:00-04:00,19.577935485887178,19.718111876011616,19.546786002170613,19.632448196411133,2502700,0.0,0.0,0.05280829015544042,6.083607,0.0016,0.098500006,0.34451,0.06216,0.356,142027210752,0.181,29.523,12943287296,0.315,0.227,0.45,0.2202793529903911,-0.018757948025446166,1.0263519566298853,1.3765822818332791,-0.2290778130332124,0.013989854859610228,0.2309555732143903,0.18470131281221994,0.0025201104082715037,0.0006057380456292723,-0.031199179203312527,2.2997835971460456,231,0.06722926930796083,0.14092028878398402
2014-09-17 00:00:00-04:00,19.68696239229505,19.710324133742482,19.585723228156308,19.632448196411133,1748900,0.0,0.0,0.05280829015544042,6.083607,0.0016,0.098500006,0.34451,0.06216,0.356,142027210752,0.181,29.523,12943287296,0.315,0.227,0.45,0.2202793529903911,-0.018757948025446166,1.0263519566298853,1.3765822818332791,-0.2290778130332124,0.013989854859610228,0.2309555732143903,0.18470131281221994,0.0025201104082715037,0.0006057380456292723,-0.031199179203312527,2.2997835971460456,231,0.06722926930796083,0.14092028878398402
2014-09-18 00:00:00-04:00,19.725895484975652,19.858284105090643,19.679170526511435,19.83492088317871,1799500,0.0,0.0,0.05280829015544042,6.083607,0.0016,0.098500006,0.34451,0.06216,0.356,142027210752,0.181,29.523,12943287296,0.315,0.227,0.45,0.2202793529903911,-0.018757948025446166,1.0263519566298853,1.3765822818332791,-0.2290778130332124,0.013989854859610228,0.2309555732143903,0.18470131281221994,0.0025201104082715037,0.0006057380456292723,-0.031199179203312527,2.2997835971460456,231,0.06722926930796083,0.14092028878398402
2014-09-19 00:00:00-04:00,19.943956885920162,19.959530888956195,19.648028547830606,19.718116760253906,4015600,0.0,0.0,0.05280829015544042,6.083607,0.0016,0.098500006,0.34451,0.06216,0.356,142027210752,0.181,29.523,12943287296,0.315,0.227,0.45,0.2202793529903911,-0.018757948025446166,1.0263519566298853,1.3765822818332791,-0.2290778130332124,0.013989854859610228,0.2309555732143903,0.18470131281221994,0.0025201104082715037,0.0006057380456292723,-0.031199179203312527,2.2997835971460456,231,0.06722926930796083,0.14092028878398402
2014-09-22 00:00:00-04:00,19.67138801291564,19.749263954622137,19.601299813915794,19.710325241088867,2452400,0.0,0.0,0.05280829015544042,6.083607,0.0016,0.098500006,0.34451,0.06216,0.356,142027210752,0.181,29.523,12943287296,0.315,0.227,0.45,0.2202793529903911,-0.018757948025446166,1.0263519566298853,1.3765822818332791,-0.2290778130332124,0.013989854859610228,0.2309555732143903,0.18470131281221994,0.0025201104082715037,0.0006057380456292723,-0.031199179203312527,2.2997835971460456,231,0.06722926930796083,0.14092028878398402
2014-09-23 00:00:00-04:00,19.710324095806225,19.72589958031451,19.601298674968152,19.640235900878906,3284500,0.0,0.0,0.05280829015544042,6.083607,0.0016,0.098500006,0.34451,0.06216,0.356,142027210752,0.181,29.523,12943287296,0.315,0.227,0.45,0.2202793529903911,-0.018757948025446166,1.0263519566298853,1.3765822818332791,-0.2290778130332124,0.013989854859610228,0.2309555732143903,0.18470131281221994,0.0025201104082715037,0.0006057380456292723,-0.031199179203312527,2.2997835971460456,231,0.06722926930796083,0.14092028878398402
2014-09-24 00:00:00-04:00,19.6480202708248,19.866072560435274,19.624658533432047,19.772621154785156,2783400,0.0,0.0,0.05280829015544042,6.083607,0.0016,0.098500006,0.34451,0.06216,0.356,142027210752,0.181,29.523,12943287296,0.315,0.227,0.45,0.2202793529903911,-0.018757948025446166,1.0263519566298853,1.3765822818332791,-0.2290778130332124,0.013989854859610228,0.2309555732143903,0.18470131281221994,0.0025201104082715037,0.0006057380456292723,-0.031199179203312527,2.2997835971460456,231,0.06722926930796083,0.14092028878398402
2014-09-25 00:00:00-04:00,19.741476211915483,19.79598892550202,19.601299813915794,19.710325241088867,3498700,0.0,0.0,0.05280829015544042,6.083607,0.0016,0.098500006,0.34451,0.06216,0.356,142027210752,0.181,29.523,12943287296,0.315,0.227,0.45,0.2202793529903911,-0.018757948025446166,1.0263519566298853,1.3765822818332791,-0.2290778130332124,0.013989854859610228,0.2309555732143903,0.18470131281221994,0.0025201104082715037,0.0006057380456292723,-0.031199179203312527,2.2997835971460456,231,0.06722926930796083,0.14092028878398402
2014-09-26 00:00:00-04:00,19.72589741857019,19.88943701726509,19.640233748522395,19.82713508605957,1705700,0.0,0.0,0.05280829015544042,6.083607,0.0016,0.098500006,0.34451,0.06216,0.356,142027210752,0.181,29.523,12943287296,0.315,0.227,0.45,0.2202793529903911,-0.018757948025446166,1.0263519566298853,1.3765822818332791,-0.2290778130332124,0.013989854859610228,0.2309555732143903,0.18470131281221994,0.0025201104082715037,0.0006057380456292723,-0.031199179203312527,2.2997835971460456,231,0.06722926930796083,0.14092028878398402
2014-09-29 00:00:00-04:00,19.694749720781072,19.905012816190176,19.671386494464535,19.850500106811523,2310400,0.0,0.0,0.05280829015544042,6.083607,0.0016,0.098500006,0.34451,0.06216,0.356,142027210752,0.181,29.523,12943287296,0.315,0.227,0.45,0.2202793529903911,-0.018757948025446166,1.0263519566298853,1.3765822818332791,-0.2290778130332124,0.013989854859610228,0.2309555732143903,0.18470131281221994,0.0025201104082715037,0.0006057380456292723,-0.031199179203312527,2.2997835971460456,231,0.06722926930796083,0.14092028878398402
2014-09-30 00:00:00-04:00,19.82713895149527,19.858289923171125,19.648025320439363,19.68696403503418,1863100,0.0,0.0,0.05280829015544042,6.083607,0.0016,0.098500006,0.34451,0.06216,0.356,142027210752,0.181,29.523,12943287296,0.315,0.227,0.45,0.2202793529903911,-0.018757948025446166,1.0263519566298853,1.3765822818332791,-0.2290778130332124,0.013989854859610228,0.2309555732143903,0.18470131281221994,0.0025201104082715037,0.0006057380456292723,-0.031199179203312527,2.2997835971460456,231,0.06722926930796083,0.14092028878398402
2014-10-01 00:00:00-04:00,19.710320837507584,19.827133981289506,19.554570474251598,19.60908317565918,3012000,0.0,0.0,0.05280829015544042,6.083607,0.0016,0.098500006,0.34451,0.06216,0.356,142027210752,0.181,29.523,12943287296,0.315,0.227,0.45,0.2202793529903911,-0.018757948025446166,1.0263519566298853,1.3765822818332791,-0.2290778130332124,0.013989854859610228,0.2309555732143903,0.18470131281221994,0.0025201104082715037,0.0006057380456292723,-0.031199179203312527,2.2997835971460456,231,0.06722926930796083,0.14092028878398402
2014-10-02 00:00:00-04:00,19.601295874435735,19.80377268803471,19.577932651011327,19.741472244262695,2038100,0.0,0.0,0.05280829015544042,6.083607,0.0016,0.098500006,0.34451,0.06216,0.356,142027210752,0.181,29.523,12943287296,0.315,0.227,0.45,0.2202793529903911,-0.018757948025446166,1.0263519566298853,1.3765822818332791,-0.2290778130332124,0.013989854859610228,0.2309555732143903,0.18470131281221994,0.0025201104082715037,0.0006057380456292723,-0.031199179203312527,2.2997835971460456,231,0.06722926930796083,0.14092028878398402
2014-10-03 00:00:00-04:00,19.83492697449535,20.029616094138312,19.80377748773973,19.9751033782959,2125100,0.0,0.0,0.05280829015544042,6.083607,0.0016,0.098500006,0.34451,0.06216,0.356,142027210752,0.181,29.523,12943287296,0.315,0.227,0.45,0.2202793529903911,-0.018757948025446166,1.0263519566298853,1.3765822818332791,-0.2290778130332124,0.013989854859610228,0.2309555732143903,0.18470131281221994,0.0025201104082715037,0.0006057380456292723,-0.031199179203312527,2.2997835971460456,231,0.06722926930796083,0.14092028878398402
2014-10-06 00:00:00-04:00,20.06076000781261,20.076335488390193,19.842707735805234,19.936159133911133,2260700,0.0,0.0,0.05280829015544042,6.083607,0.0016,0.098500006,0.34451,0.06216,0.356,142027210752,0.181,29.523,12943287296,0.315,0.227,0.45,0.2202793529903911,-0.018757948025446166,1.0263519566298853,1.3765822818332791,-0.2290778130332124,0.013989854859610228,0.2309555732143903,0.18470131281221994,0.0025201104082715037,0.0006057380456292723,-0.031199179203312527,2.2997835971460456,231,0.06722926930796083,0.14092028878398402
2014-10-07 00:00:00-04:00,19.834919150703136,19.905007324957456,19.655805587768555,19.655805587768555,2596200,0.0,0.0,0.05280829015544042,6.083607,0.0016,0.098500006,0.34451,0.06216,0.356,142027210752,0.181,29.523,12943287296,0.315,0.227,0.45,0.2202793529903911,-0.018757948025446166,1.0263519566298853,1.3765822818332791,-0.2290778130332124,0.013989854859610228,0.2309555732143903,0.18470131281221994,0.0025201104082715037,0.0006057380456292723,-0.031199179203312527,2.2997835971460456,231,0.06722926930796083,0.14092028878398402
2014-10-08 00:00:00-04:00,19.65581334091025,19.9751033782959,19.632450111823456,19.9751033782959,2383000,0.0,0.0,0.05280829015544042,6.083607,0.0016,0.098500006,0.34451,0.06216,0.356,142027210752,0.181,29.523,12943287296,0.315,0.227,0.45,0.2202793529903911,-0.018757948025446166,1.0263519566298853,1.3765822818332791,-0.2290778130332124,0.013989854859610228,0.2309555732143903,0.18470131281221994,0.0025201104082715037,0.0006057380456292723,-0.031199179203312527,2.2997835971460456,231,0.06722926930796083,0.14092028878398402
2014-10-09 00:00:00-04:00,19.928372368514367,20.014036030522124,19.648019645841448,19.679170608520508,3720700,0.0,0.0,0.05280829015544042,6.083607,0.0016,0.098500006,0.34451,0.06216,0.356,142027210752,0.181,29.523,12943287296,0.315,0.227,0.45,0.2202793529903911,-0.018757948025446166,1.0263519566298853,1.3765822818332791,-0.2290778130332124,0.013989854859610228,0.2309555732143903,0.18470131281221994,0.0025201104082715037,0.0006057380456292723,-0.031199179203312527,2.2997835971460456,231,0.06722926930796083,0.14092028878398402
2014-10-10 00:00:00-04:00,19.663597393035886,19.897223698611196,19.468908309936523,19.468908309936523,4664900,0.0,0.0,0.05280829015544042,6.083607,0.0016,0.098500006,0.34451,0.06216,0.356,142027210752,0.181,29.523,12943287296,0.315,0.227,0.45,0.2202793529903911,-0.018757948025446166,1.0263519566298853,1.3765822818332791,-0.2290778130332124,0.013989854859610228,0.2309555732143903,0.18470131281221994,0.0025201104082715037,0.0006057380456292723,-0.031199179203312527,2.2997835971460456,231,0.06722926930796083,0.14092028878398402
2014-10-13 00:00:00-04:00,19.492275021500234,19.5779372233429,19.3053736465343,19.320947647094727,4764100,0.0,0.0,0.05280829015544042,6.083607,0.0016,0.098500006,0.34451,0.06216,0.356,142027210752,0.181,29.523,12943287296,0.315,0.227,0.45,0.2202793529903911,-0.018757948025446166,1.0263519566298853,1.3765822818332791,-0.2290778130332124,0.013989854859610228,0.2309555732143903,0.18470131281221994,0.0025201104082715037,0.0006057380456292723,-0.031199179203312527,2.2997835971460456,231,0.06722926930796083,0.14092028878398402
2014-10-14 00:00:00-04:00,19.41439892279212,19.47669938061842,19.27422252134292,19.35209846496582,3267600,0.0,0.0,0.05280829015544042,6.083607,0.0016,0.098500006,0.34451,0.06216,0.356,142027210752,0.181,29.523,12943287296,0.315,0.227,0.45,0.2202793529903911,-0.018757948025446166,1.0263519566298853,1.3765822818332791,-0.2290778130332124,0.013989854859610228,0.2309555732143903,0.18470131281221994,0.0025201104082715037,0.0006057380456292723,-0.031199179203312527,2.2997835971460456,231,0.06722926930796083,0.14092028878398402
2014-10-15 00:00:00-04:00,19.11846977451101,19.297584882398493,18.814755241933117,19.095108032226562,6113900,0.0,0.0,0.05280829015544042,6.083607,0.0016,0.098500006,0.34451,0.06216,0.356,142027210752,0.181,29.523,12943287296,0.315,0.227,0.45,0.2202793529903911,-0.018757948025446166,1.0263519566298853,1.3765822818332791,-0.2290778130332124,0.013989854859610228,0.2309555732143903,0.18470131281221994,0.0025201104082715037,0.0006057380456292723,-0.031199179203312527,2.2997835971460456,231,0.06722926930796083,0.14092028878398402
2014-10-16 00:00:00-04:00,18.869264929394216,19.196342637181278,18.822539966956,19.02501678466797,5755100,0.0,0.0,0.05280829015544042,6.083607,0.0016,0.098500006,0.34451,0.06216,0.356,142027210752,0.181,29.523,12943287296,0.315,0.227,0.45,0.2202793529903911,-0.018757948025446166,1.0263519566298853,1.3765822818332791,-0.2290778130332124,0.013989854859610228,0.2309555732143903,0.18470131281221994,0.0025201104082715037,0.0006057380456292723,-0.031199179203312527,2.2997835971460456,231,0.06722926930796083,0.14092028878398402
2014-10-17 00:00:00-04:00,19.172983701342794,19.375459063292773,19.141832731590494,19.28200912475586,5313600,0.0,0.0,0.05280829015544042,6.083607,0.0016,0.098500006,0.34451,0.06216,0.356,142027210752,0.181,29.523,12943287296,0.315,0.227,0.45,0.2202793529903911,-0.018757948025446166,1.0263519566298853,1.3765822818332791,-0.2290778130332124,0.013989854859610228,0.2309555732143903,0.18470131281221994,0.0025201104082715037,0.0006057380456292723,-0.031199179203312527,2.2997835971460456,231,0.06722926930796083,0.14092028878398402
2014-10-20 00:00:00-04:00,19.211918203253628,19.41439502184533,19.1729809819459,19.3676700592041,2689100,0.0,0.0,0.05280829015544042,6.083607,0.0016,0.098500006,0.34451,0.06216,0.356,142027210752,0.181,29.523,12943287296,0.315,0.227,0.45,0.2202793529903911,-0.018757948025446166,1.0263519566298853,1.3765822818332791,-0.2290778130332124,0.013989854859610228,0.2309555732143903,0.18470131281221994,0.0025201104082715037,0.0006057380456292723,-0.031199179203312527,2.2997835971460456,231,0.06722926930796083,0.14092028878398402
2014-10-21 00:00:00-04:00,19.46890958203046,19.87386325782307,19.429972357010367,19.86607551574707,2792200,0.0,0.0,0.05280829015544042,6.083607,0.0016,0.098500006,0.34451,0.06216,0.356,142027210752,0.181,29.523,12943287296,0.315,0.227,0.45,0.2202793529903911,-0.018757948025446166,1.0263519566298853,1.3765822818332791,-0.2290778130332124,0.013989854859610228,0.2309555732143903,0.18470131281221994,0.0025201104082715037,0.0006057380456292723,-0.031199179203312527,2.2997835971460456,231,0.06722926930796083,0.14092028878398402
2014-10-22 00:00:00-04:00,19.83492220410268,20.021823535766053,19.733684539794922,19.733684539794922,2499200,0.0,0.0,0.05280829015544042,6.083607,0.0016,0.098500006,0.34451,0.06216,0.356,142027210752,0.181,29.523,12943287296,0.315,0.227,0.45,0.2202793529903911,-0.018757948025446166,1.0263519566298853,1.3765822818332791,-0.2290778130332124,0.013989854859610228,0.2309555732143903,0.18470131281221994,0.0025201104082715037,0.0006057380456292723,-0.031199179203312527,2.2997835971460456,231,0.06722926930796083,0.14092028878398402
2014-10-23 00:00:00-04:00,19.889441383555525,19.975103587048785,19.764838979150557,19.80377769470215,2271400,0.0,0.0,0.05280829015544042,6.083607,0.0016,0.098500006,0.34451,0.06216,0.356,142027210752,0.181,29.523,12943287296,0.315,0.227,0.45,0.2202793529903911,-0.018757948025446166,1.0263519566298853,1.3765822818332791,-0.2290778130332124,0.013989854859610228,0.2309555732143903,0.18470131281221994,0.0025201104082715037,0.0006057380456292723,-0.031199179203312527,2.2997835971460456,231,0.06722926930796083,0.14092028878398402
2014-10-24 00:00:00-04:00,19.780416342468783,20.169794622774702,19.757054596280994,20.146432876586914,4351800,0.0,0.0,0.05280829015544042,6.083607,0.0016,0.098500006,0.34451,0.06216,0.356,142027210752,0.181,29.523,12943287296,0.315,0.227,0.45,0.2202793529903911,-0.018757948025446166,1.0263519566298853,1.3765822818332791,-0.2290778130332124,0.013989854859610228,0.2309555732143903,0.18470131281221994,0.0025201104082715037,0.0006057380456292723,-0.031199179203312527,2.2997835971460456,231,0.06722926930796083,0.14092028878398402
2014-10-27 00:00:00-04:00,20.208725457466386,20.41120077711148,20.04518587115651,20.33332633972168,3453800,0.0,0.0,0.05280829015544042,6.083607,0.0016,0.098500006,0.34451,0.06216,0.356,142027210752,0.181,29.523,12943287296,0.315,0.227,0.45,0.2202793529903911,-0.018757948025446166,1.0263519566298853,1.3765822818332791,-0.2290778130332124,0.013989854859610228,0.2309555732143903,0.18470131281221994,0.0025201104082715037,0.0006057380456292723,-0.031199179203312527,2.2997835971460456,231,0.06722926930796083,0.14092028878398402
2014-10-28 00:00:00-04:00,20.372262138917268,20.47350127704535,20.200936309093805,20.45792579650879,2293600,0.0,0.0,0.05280829015544042,6.083607,0.0016,0.098500006,0.34451,0.06216,0.356,142027210752,0.181,29.523,12943287296,0.315,0.227,0.45,0.2202793529903911,-0.018757948025446166,1.0263519566298853,1.3765822818332791,-0.2290778130332124,0.013989854859610228,0.2309555732143903,0.18470131281221994,0.0025201104082715037,0.0006057380456292723,-0.031199179203312527,2.2997835971460456,231,0.06722926930796083,0.14092028878398402
2014-10-29 00:00:00-04:00,20.45014312105671,20.4657186054508,20.076340407758234,20.15421485900879,2884500,0.0,0.0,0.05280829015544042,6.083607,0.0016,0.098500006,0.34451,0.06216,0.356,142027210752,0.181,29.523,12943287296,0.315,0.227,0.45,0.2202793529903911,-0.018757948025446166,1.0263519566298853,1.3765822818332791,-0.2290778130332124,0.013989854859610228,0.2309555732143903,0.18470131281221994,0.0025201104082715037,0.0006057380456292723,-0.031199179203312527,2.2997835971460456,231,0.06722926930796083,0.14092028878398402
2014-10-30 00:00:00-04:00,20.07634146944787,20.3099678062742,20.006253271327964,20.239879608154297,2691700,0.0,0.0,0.05280829015544042,6.083607,0.0016,0.098500006,0.34451,0.06216,0.356,142027210752,0.181,29.523,12943287296,0.315,0.227,0.45,0.2202793529903911,-0.018757948025446166,1.0263519566298853,1.3765822818332791,-0.2290778130332124,0.013989854859610228,0.2309555732143903,0.18470131281221994,0.0025201104082715037,0.0006057380456292723,-0.031199179203312527,2.2997835971460456,231,0.06722926930796083,0.14092028878398402
2014-10-31 00:00:00-04:00,20.43456313424873,20.57473949219013,20.418987653286436,20.566951751708984,2454300,0.0,0.0,0.05280829015544042,6.083607,0.0016,0.098500006,0.34451,0.06216,0.356,142027210752,0.181,29.523,12943287296,0.315,0.227,0.45,0.2202793529903911,-0.018757948025446166,1.0263519566298853,1.3765822818332791,-0.2290778130332124,0.013989854859610228,0.2309555732143903,0.18470131281221994,0.0025201104082715037,0.0006057380456292723,-0.031199179203312527,2.2997835971460456,231,0.06722926930796083,0.14092028878398402
2014-11-03 00:00:00-05:00,20.566956748522774,20.637044944521644,20.434568098898236,20.629257202148438,2155700,0.0,0.0,0.05280829015544042,6.083607,0.0016,0.098500006,0.34451,0.06216,0.356,142027210752,0.181,29.523,12943287296,0.315,0.227,0.45,0.2202793529903911,-0.018757948025446166,1.0263519566298853,1.3765822818332791,-0.2290778130332124,0.013989854859610228,0.2309555732143903,0.18470131281221994,0.0025201104082715037,0.0006057380456292723,-0.031199179203312527,2.2997835971460456,231,0.06722926930796083,0.14092028878398402
2014-11-04 00:00:00-05:00,20.652624483803056,20.83173813747054,20.621473508194654,20.792800903320312,2223200,0.0,0.0,0.05280829015544042,6.083607,0.0016,0.098500006,0.34451,0.06216,0.356,142027210752,0.181,29.523,12943287296,0.315,0.227,0.45,0.2202793529903911,-0.018757948025446166,1.0263519566298853,1.3765822818332791,-0.2290778130332124,0.013989854859610228,0.2309555732143903,0.18470131281221994,0.0025201104082715037,0.0006057380456292723,-0.031199179203312527,2.2997835971460456,231,0.06722926930796083,0.14092028878398402
2014-11-05 00:00:00-05:00,20.870671500046104,20.940759696803152,20.738282848989453,20.932971954345703,2054500,0.0,0.0,0.05280829015544042,6.083607,0.0016,0.098500006,0.34451,0.06216,0.356,142027210752,0.181,29.523,12943287296,0.315,0.227,0.45,0.2202793529903911,-0.018757948025446166,1.0263519566298853,1.3765822818332791,-0.2290778130332124,0.013989854859610228,0.2309555732143903,0.18470131281221994,0.0025201104082715037,0.0006057380456292723,-0.031199179203312527,2.2997835971460456,231,0.06722926930796083,0.14092028878398402
2014-11-06 00:00:00-05:00,20.979696422813163,20.979696422813163,20.870669524091113,20.948545455932617,2104100,0.0,0.0,0.05280829015544042,6.083607,0.0016,0.098500006,0.34451,0.06216,0.356,142027210752,0.181,29.523,12943287296,0.315,0.227,0.45,0.2202793529903911,-0.018757948025446166,1.0263519566298853,1.3765822818332791,-0.2290778130332124,0.013989854859610228,0.2309555732143903,0.18470131281221994,0.0025201104082715037,0.0006057380456292723,-0.031199179203312527,2.2997835971460456,231,0.06722926930796083,0.14092028878398402
2014-11-07 00:00:00-05:00,20.940752557411827,21.018628470075868,20.862878130107276,20.917390823364258,2502600,0.0,0.0,0.05280829015544042,6.083607,0.0016,0.098500006,0.34451,0.06216,0.356,142027210752,0.181,29.523,12943287296,0.315,0.227,0.45,0.2202793529903911,-0.018757948025446166,1.0263519566298853,1.3765822818332791,-0.2290778130332124,0.013989854859610228,0.2309555732143903,0.18470131281221994,0.0025201104082715037,0.0006057380456292723,-0.031199179203312527,2.2997835971460456,231,0.06722926930796083,0.14092028878398402
2014-11-10 00:00:00-05:00,20.909604353602838,21.026417487014335,20.870665652225952,20.9641170501709,2097000,0.0,0.0,0.05280829015544042,6.083607,0.0016,0.098500006,0.34451,0.06216,0.356,142027210752,0.181,29.523,12943287296,0.315,0.227,0.45,0.2202793529903911,-0.018757948025446166,1.0263519566298853,1.3765822818332791,-0.2290778130332124,0.013989854859610228,0.2309555732143903,0.18470131281221994,0.0025201104082715037,0.0006057380456292723,-0.031199179203312527,2.2997835971460456,231,0.06722926930796083,0.14092028878398402
2014-11-11 00:00:00-05:00,21.010845395409724,21.010845395409724,20.808368571670144,20.83173179626465,2344200,0.0,0.0,0.05280829015544042,6.083607,0.0016,0.098500006,0.34451,0.06216,0.356,142027210752,0.181,29.523,12943287296,0.315,0.227,0.45,0.2202793529903911,-0.018757948025446166,1.0263519566298853,1.3765822818332791,-0.2290778130332124,0.013989854859610228,0.2309555732143903,0.18470131281221994,0.0025201104082715037,0.0006057380456292723,-0.031199179203312527,2.2997835971460456,231,0.06722926930796083,0.14092028878398402
2014-11-12 00:00:00-05:00,20.738283864365563,21.05757537931398,20.69934663553189,21.026424407958984,3667300,0.0,0.0,0.05280829015544042,6.083607,0.0016,0.098500006,0.34451,0.06216,0.356,142027210752,0.181,29.523,12943287296,0.315,0.227,0.45,0.2202793529903911,-0.018757948025446166,1.0263519566298853,1.3765822818332791,-0.2290778130332124,0.013989854859610228,0.2309555732143903,0.18470131281221994,0.0025201104082715037,0.0006057380456292723,-0.031199179203312527,2.2997835971460456,231,0.06722926930796083,0.14092028878398402
2014-11-13 00:00:00-05:00,21.08093369439703,21.1821728494777,21.02642098875043,21.166597366333008,3032000,0.0,0.0,0.05280829015544042,6.083607,0.0016,0.098500006,0.34451,0.06216,0.356,142027210752,0.181,29.523,12943287296,0.315,0.227,0.45,0.2202793529903911,-0.018757948025446166,1.0263519566298853,1.3765822818332791,-0.2290778130332124,0.013989854859610228,0.2309555732143903,0.18470131281221994,0.0025201104082715037,0.0006057380456292723,-0.031199179203312527,2.2997835971460456,231,0.06722926930796083,0.14092028878398402
2014-11-14 00:00:00-05:00,21.135446076858766,21.197746523125065,20.971907962419664,21.010845184326172,1753200,0.0,0.0,0.05280829015544042,6.083607,0.0016,0.098500006,0.34451,0.06216,0.356,142027210752,0.181,29.523,12943287296,0.315,0.227,0.45,0.2202793529903911,-0.018757948025446166,1.0263519566298853,1.3765822818332791,-0.2290778130332124,0.013989854859610228,0.2309555732143903,0.18470131281221994,0.0025201104082715037,0.0006057380456292723,-0.031199179203312527,2.2997835971460456,231,0.06722926930796083,0.14092028878398402
2014-11-17 00:00:00-05:00,21.010845184326172,21.0264206672327,20.886244291793577,21.010845184326172,1741600,0.0,0.0,0.05280829015544042,6.083607,0.0016,0.098500006,0.34451,0.06216,0.356,142027210752,0.181,29.523,12943287296,0.315,0.227,0.45,0.2202793529903911,-0.018757948025446166,1.0263519566298853,1.3765822818332791,-0.2290778130332124,0.013989854859610228,0.2309555732143903,0.18470131281221994,0.0025201104082715037,0.0006057380456292723,-0.031199179203312527,2.2997835971460456,231,0.06722926930796083,0.14092028878398402
2014-11-18 00:00:00-05:00,21.05756619288036,21.260041476917028,20.979690283826567,21.182167053222656,2359200,0.0,0.0,0.05280829015544042,6.083607,0.0016,0.098500006,0.34451,0.06216,0.356,142027210752,0.181,29.523,12943287296,0.315,0.227,0.45,0.2202793529903911,-0.018757948025446166,1.0263519566298853,1.3765822818332791,-0.2290778130332124,0.013989854859610228,0.2309555732143903,0.18470131281221994,0.0025201104082715037,0.0006057380456292723,-0.031199179203312527,2.2997835971460456,231,0.06722926930796083,0.14092028878398402
2014-11-19 00:00:00-05:00,21.096509858759593,21.127659340694983,20.925183994715255,21.112085342407227,2517600,0.0,0.0,0.05280829015544042,6.083607,0.0016,0.098500006,0.34451,0.06216,0.356,142027210752,0.181,29.523,12943287296,0.315,0.227,0.45,0.2202793529903911,-0.018757948025446166,1.0263519566298853,1.3765822818332791,-0.2290778130332124,0.013989854859610228,0.2309555732143903,0.18470131281221994,0.0025201104082715037,0.0006057380456292723,-0.031199179203312527,2.2997835971460456,231,0.06722926930796083,0.14092028878398402
2014-11-20 00:00:00-05:00,21.01084618405749,21.166598049814066,20.987484443945913,21.112085342407227,2039700,0.0,0.0,0.05280829015544042,6.083607,0.0016,0.098500006,0.34451,0.06216,0.356,142027210752,0.181,29.523,12943287296,0.315,0.227,0.45,0.2202793529903911,-0.018757948025446166,1.0263519566298853,1.3765822818332791,-0.2290778130332124,0.013989854859610228,0.2309555732143903,0.18470131281221994,0.0025201104082715037,0.0006057380456292723,-0.031199179203312527,2.2997835971460456,231,0.06722926930796083,0.14092028878398402
2014-11-21 00:00:00-05:00,21.275623209744968,21.322348174768223,21.135446829315338,21.298986434936523,2639600,0.0,0.0,0.05280829015544042,6.083607,0.0016,0.098500006,0.34451,0.06216,0.356,142027210752,0.181,29.523,12943287296,0.315,0.227,0.45,0.2202793529903911,-0.018757948025446166,1.0263519566298853,1.3765822818332791,-0.2290778130332124,0.013989854859610228,0.2309555732143903,0.18470131281221994,0.0025201104082715037,0.0006057380456292723,-0.031199179203312527,2.2997835971460456,231,0.06722926930796083,0.14092028878398402
2014-11-24 00:00:00-05:00,21.337921820711752,21.384646781711286,21.197745452353427,21.283409118652344,2051900,0.0,0.0,0.05280829015544042,6.083607,0.0016,0.098500006,0.34451,0.06216,0.356,142027210752,0.181,29.523,12943287296,0.315,0.227,0.45,0.2202793529903911,-0.018757948025446166,1.0263519566298853,1.3765822818332791,-0.2290778130332124,0.013989854859610228,0.2309555732143903,0.18470131281221994,0.0025201104082715037,0.0006057380456292723,-0.031199179203312527,2.2997835971460456,231,0.06722926930796083,0.14092028878398402
2014-11-25 00:00:00-05:00,21.291197687849124,21.33013490930327,21.096508609858812,21.19774627685547,2193200,0.0,0.0,0.05280829015544042,6.083607,0.0016,0.098500006,0.34451,0.06216,0.356,142027210752,0.181,29.523,12943287296,0.315,0.227,0.45,0.2202793529903911,-0.018757948025446166,1.0263519566298853,1.3765822818332791,-0.2290778130332124,0.013989854859610228,0.2309555732143903,0.18470131281221994,0.0025201104082715037,0.0006057380456292723,-0.031199179203312527,2.2997835971460456,231,0.06722926930796083,0.14092028878398402
2014-11-26 00:00:00-05:00,21.182177919451696,21.228902894709613,21.104301970448383,21.213327407836914,1431400,0.0,0.0,0.05280829015544042,6.083607,0.0016,0.098500006,0.34451,0.06216,0.356,142027210752,0.181,29.523,12943287296,0.315,0.227,0.45,0.2202793529903911,-0.018757948025446166,1.0263519566298853,1.3765822818332791,-0.2290778130332124,0.013989854859610228,0.2309555732143903,0.18470131281221994,0.0025201104082715037,0.0006057380456292723,-0.031199179203312527,2.2997835971460456,231,0.06722926930796083,0.14092028878398402
2014-11-28 00:00:00-05:00,21.298991100276577,21.431379767974157,21.205539664400565,21.213327407836914,1186500,0.0,0.0,0.05280829015544042,6.083607,0.0016,0.098500006,0.34451,0.06216,0.356,142027210752,0.181,29.523,12943287296,0.315,0.227,0.45,0.2202793529903911,-0.018757948025446166,1.0263519566298853,1.3765822818332791,-0.2290778130332124,0.013989854859610228,0.2309555732143903,0.18470131281221994,0.0025201104082715037,0.0006057380456292723,-0.031199179203312527,2.2997835971460456,231,0.06722926930796083,0.14092028878398402
2014-12-01 00:00:00-05:00,21.151020692033676,21.252259841412897,21.034207545746664,21.10429573059082,3322800,0.0,0.0,0.05280829015544042,6.083607,0.0016,0.098500006,0.34451,0.06216,0.356,142027210752,0.181,29.523,12943287296,0.315,0.227,0.45,0.2202793529903911,-0.018757948025446166,1.0263519566298853,1.3765822818332791,-0.2290778130332124,0.013989854859610228,0.2309555732143903,0.18470131281221994,0.0025201104082715037,0.0006057380456292723,-0.031199179203312527,2.2997835971460456,231,0.06722926930796083,0.14092028878398402
2014-12-02 00:00:00-05:00,21.08872261664469,21.283411710773745,21.08872261664469,21.228899002075195,2952300,0.0,0.0,0.05280829015544042,6.083607,0.0016,0.098500006,0.34451,0.06216,0.356,142027210752,0.181,29.523,12943287296,0.315,0.227,0.45,0.2202793529903911,-0.018757948025446166,1.0263519566298853,1.3765822818332791,-0.2290778130332124,0.013989854859610228,0.2309555732143903,0.18470131281221994,0.0025201104082715037,0.0006057380456292723,-0.031199179203312527,2.2997835971460456,231,0.06722926930796083,0.14092028878398402
2014-12-03 00:00:00-05:00,21.18217231637114,21.345710429195048,21.143233609489407,21.189958572387695,4923200,0.0,0.0,0.05280829015544042,6.083607,0.0016,0.098500006,0.34451,0.06216,0.356,142027210752,0.181,29.523,12943287296,0.315,0.227,0.45,0.2202793529903911,-0.018757948025446166,1.0263519566298853,1.3765822818332791,-0.2290778130332124,0.013989854859610228,0.2309555732143903,0.18470131281221994,0.0025201104082715037,0.0006057380456292723,-0.031199179203312527,2.2997835971460456,231,0.06722926930796083,0.14092028878398402
2014-12-04 00:00:00-05:00,21.205534018218255,21.291197687849124,21.119871833947172,21.19774627685547,3319500,0.0,0.0,0.05280829015544042,6.083607,0.0016,0.098500006,0.34451,0.06216,0.356,142027210752,0.181,29.523,12943287296,0.315,0.227,0.45,0.2202793529903911,-0.018757948025446166,1.0263519566298853,1.3765822818332791,-0.2290778130332124,0.013989854859610228,0.2309555732143903,0.18470131281221994,0.0025201104082715037,0.0006057380456292723,-0.031199179203312527,2.2997835971460456,231,0.06722926930796083,0.14092028878398402
2014-12-05 00:00:00-05:00,21.244474486091896,21.32234893545559,21.174386293376646,21.228899002075195,2888600,0.0,0.0,0.05280829015544042,6.083607,0.0016,0.098500006,0.34451,0.06216,0.356,142027210752,0.181,29.523,12943287296,0.315,0.227,0.45,0.2202793529903911,-0.018757948025446166,1.0263519566298853,1.3765822818332791,-0.2290778130332124,0.013989854859610228,0.2309555732143903,0.18470131281221994,0.0025201104082715037,0.0006057380456292723,-0.031199179203312527,2.2997835971460456,231,0.06722926930796083,0.14092028878398402
2014-12-08 00:00:00-05:00,21.260046500865613,21.400222873215547,21.20553379725392,21.24447250366211,4891000,0.0,0.0,0.05280829015544042,6.083607,0.0016,0.098500006,0.34451,0.06216,0.356,142027210752,0.181,29.523,12943287296,0.315,0.227,0.45,0.2202793529903911,-0.018757948025446166,1.0263519566298853,1.3765822818332791,-0.2290778130332124,0.013989854859610228,0.2309555732143903,0.18470131281221994,0.0025201104082715037,0.0006057380456292723,-0.031199179203312527,2.2997835971460456,231,0.06722926930796083,0.14092028878398402
2014-12-09 00:00:00-05:00,21.13544556239379,21.166596527448583,20.855094303699477,20.894031524658203,8200600,0.0,0.0,0.05280829015544042,6.083607,0.0016,0.098500006,0.34451,0.06216,0.356,142027210752,0.181,29.523,12943287296,0.315,0.227,0.45,0.2202793529903911,-0.018757948025446166,1.0263519566298853,1.3765822818332791,-0.2290778130332124,0.013989854859610228,0.2309555732143903,0.18470131281221994,0.0025201104082715037,0.0006057380456292723,-0.031199179203312527,2.2997835971460456,231,0.06722926930796083,0.14092028878398402
2014-12-10 00:00:00-05:00,20.901818034463094,21.034206657426584,20.792792633914228,20.83951759338379,7133300,0.0,0.0,0.05280829015544042,6.083607,0.0016,0.098500006,0.34451,0.06216,0.356,142027210752,0.181,29.523,12943287296,0.315,0.227,0.45,0.2202793529903911,-0.018757948025446166,1.0263519566298853,1.3765822818332791,-0.2290778130332124,0.013989854859610228,0.2309555732143903,0.18470131281221994,0.0025201104082715037,0.0006057380456292723,-0.031199179203312527,2.2997835971460456,231,0.06722926930796083,0.14092028878398402
2014-12-11 00:00:00-05:00,20.839516846871632,21.09650634278787,20.839516846871632,20.909605026245117,7369400,0.0,0.0,0.05280829015544042,6.083607,0.0016,0.098500006,0.34451,0.06216,0.356,142027210752,0.181,29.523,12943287296,0.315,0.227,0.45,0.2202793529903911,-0.018757948025446166,1.0263519566298853,1.3765822818332791,-0.2290778130332124,0.013989854859610228,0.2309555732143903,0.18470131281221994,0.0025201104082715037,0.0006057380456292723,-0.031199179203312527,2.2997835971460456,231,0.06722926930796083,0.14092028878398402
2014-12-12 00:00:00-05:00,20.79279570196445,20.909608860554382,20.551380157470703,20.551380157470703,3467200,0.0,0.0,0.05280829015544042,6.083607,0.0016,0.098500006,0.34451,0.06216,0.356,142027210752,0.181,29.523,12943287296,0.315,0.227,0.45,0.2202793529903911,-0.018757948025446166,1.0263519566298853,1.3765822818332791,-0.2290778130332124,0.013989854859610228,0.2309555732143903,0.18470131281221994,0.0025201104082715037,0.0006057380456292723,-0.031199179203312527,2.2997835971460456,231,0.06722926930796083,0.14092028878398402
2014-12-15 00:00:00-05:00,20.699345708368664,20.714921193348506,20.224303814003513,20.434568405151367,4084700,0.0,0.0,0.05280829015544042,6.083607,0.0016,0.098500006,0.34451,0.06216,0.356,142027210752,0.181,29.523,12943287296,0.315,0.227,0.45,0.2202793529903911,-0.018757948025446166,1.0263519566298853,1.3765822818332791,-0.2290778130332124,0.013989854859610228,0.2309555732143903,0.18470131281221994,0.0025201104082715037,0.0006057380456292723,-0.031199179203312527,2.2997835971460456,231,0.06722926930796083,0.14092028878398402
2014-12-16 00:00:00-05:00,20.27102699939549,20.333327443906313,19.81156066411827,20.052974700927734,8482800,0.0,0.0,0.05280829015544042,6.083607,0.0016,0.098500006,0.34451,0.06216,0.356,142027210752,0.181,29.523,12943287296,0.315,0.227,0.45,0.2202793529903911,-0.018757948025446166,1.0263519566298853,1.3765822818332791,-0.2290778130332124,0.013989854859610228,0.2309555732143903,0.18470131281221994,0.0025201104082715037,0.0006057380456292723,-0.031199179203312527,2.2997835971460456,231,0.06722926930796083,0.14092028878398402
2014-12-17 00:00:00-05:00,20.123066774032925,20.418993571286325,20.02182760379567,20.38784408569336,3922500,0.0,0.0,0.05280829015544042,6.083607,0.0016,0.098500006,0.34451,0.06216,0.356,142027210752,0.181,29.523,12943287296,0.315,0.227,0.45,0.2202793529903911,-0.018757948025446166,1.0263519566298853,1.3765822818332791,-0.2290778130332124,0.013989854859610228,0.2309555732143903,0.18470131281221994,0.0025201104082715037,0.0006057380456292723,-0.031199179203312527,2.2997835971460456,231,0.06722926930796083,0.14092028878398402
2014-12-18 00:00:00-05:00,20.59031582906656,20.83951759338379,20.457927206103076,20.83951759338379,3960100,0.0,0.0,0.05280829015544042,6.083607,0.0016,0.098500006,0.34451,0.06216,0.356,142027210752,0.181,29.523,12943287296,0.315,0.227,0.45,0.2202793529903911,-0.018757948025446166,1.0263519566298853,1.3765822818332791,-0.2290778130332124,0.013989854859610228,0.2309555732143903,0.18470131281221994,0.0025201104082715037,0.0006057380456292723,-0.031199179203312527,2.2997835971460456,231,0.06722926930796083,0.14092028878398402
2014-12-19 00:00:00-05:00,20.870666731573053,20.99526761170378,20.683765411376953,20.683765411376953,5573100,0.0,0.0,0.05280829015544042,6.083607,0.0016,0.098500006,0.34451,0.06216,0.356,142027210752,0.181,29.523,12943287296,0.315,0.227,0.45,0.2202793529903911,-0.018757948025446166,1.0263519566298853,1.3765822818332791,-0.2290778130332124,0.013989854859610228,0.2309555732143903,0.18470131281221994,0.0025201104082715037,0.0006057380456292723,-0.031199179203312527,2.2997835971460456,231,0.06722926930796083,0.14092028878398402
2014-12-22 00:00:00-05:00,20.746064361271745,20.901816192927477,20.668189930803425,20.82394027709961,2468900,0.0,0.0,0.05280829015544042,6.083607,0.0016,0.098500006,0.34451,0.06216,0.356,142027210752,0.181,29.523,12943287296,0.315,0.227,0.45,0.2202793529903911,-0.018757948025446166,1.0263519566298853,1.3765822818332791,-0.2290778130332124,0.013989854859610228,0.2309555732143903,0.18470131281221994,0.0025201104082715037,0.0006057380456292723,-0.031199179203312527,2.2997835971460456,231,0.06722926930796083,0.14092028878398402
2014-12-23 00:00:00-05:00,20.932969292015418,21.073145667701382,20.894032070040343,21.0030574798584,2266600,0.0,0.0,0.05280829015544042,6.083607,0.0016,0.098500006,0.34451,0.06216,0.356,142027210752,0.181,29.523,12943287296,0.315,0.227,0.45,0.2202793529903911,-0.018757948025446166,1.0263519566298853,1.3765822818332791,-0.2290778130332124,0.013989854859610228,0.2309555732143903,0.18470131281221994,0.0025201104082715037,0.0006057380456292723,-0.031199179203312527,2.2997835971460456,231,0.06722926930796083,0.14092028878398402
2014-12-24 00:00:00-05:00,21.07314244330702,21.07314244330702,20.9641170501709,20.9641170501709,938500,0.0,0.0,0.05280829015544042,6.083607,0.0016,0.098500006,0.34451,0.06216,0.356,142027210752,0.181,29.523,12943287296,0.315,0.227,0.45,0.2202793529903911,-0.018757948025446166,1.0263519566298853,1.3765822818332791,-0.2290778130332124,0.013989854859610228,0.2309555732143903,0.18470131281221994,0.0025201104082715037,0.0006057380456292723,-0.031199179203312527,2.2997835971460456,231,0.06722926930796083,0.14092028878398402
2014-12-26 00:00:00-05:00,21.04200176330611,21.127663971423654,20.964125813359093,21.03421401977539,1073200,0.0,0.0,0.05280829015544042,6.083607,0.0016,0.098500006,0.34451,0.06216,0.356,142027210752,0.181,29.523,12943287296,0.315,0.227,0.45,0.2202793529903911,-0.018757948025446166,1.0263519566298853,1.3765822818332791,-0.2290778130332124,0.013989854859610228,0.2309555732143903,0.18470131281221994,0.0025201104082715037,0.0006057380456292723,-0.031199179203312527,2.2997835971460456,231,0.06722926930796083,0.14092028878398402
2014-12-29 00:00:00-05:00,21.010846146894288,21.22889846149584,20.940757955963782,21.119873046875,1415700,0.0,0.0,0.05280829015544042,6.083607,0.0016,0.098500006,0.34451,0.06216,0.356,142027210752,0.181,29.523,12943287296,0.315,0.227,0.45,0.2202793529903911,-0.018757948025446166,1.0263519566298853,1.3765822818332791,-0.2290778130332124,0.013989854859610228,0.2309555732143903,0.18470131281221994,0.0025201104082715037,0.0006057380456292723,-0.031199179203312527,2.2997835971460456,231,0.06722926930796083,0.14092028878398402
2014-12-30 00:00:00-05:00,21.127658089950174,21.24447272503219,21.04199590567909,21.19774627685547,1540200,0.0,0.0,0.05280829015544042,6.083607,0.0016,0.098500006,0.34451,0.06216,0.356,142027210752,0.181,29.523,12943287296,0.315,0.227,0.45,0.2202793529903911,-0.018757948025446166,1.0263519566298853,1.3765822818332791,-0.2290778130332124,0.013989854859610228,0.2309555732143903,0.18470131281221994,0.0025201104082715037,0.0006057380456292723,-0.031199179203312527,2.2997835971460456,231,0.06722926930796083,0.14092028878398402
2014-12-31 00:00:00-05:00,21.228895525153412,21.29119596565659,21.0030554999796,21.018630981445312,2253500,0.0,0.0,0.05280829015544042,6.083607,0.0016,0.098500006,0.34451,0.06216,0.356,142027210752,0.181,29.523,12943287296,0.315,0.227,0.45,0.2202793529903911,-0.018757948025446166,1.0263519566298853,1.3765822818332791,-0.2290778130332124,0.013989854859610228,0.2309555732143903,0.18470131281221994,0.0025201104082715037,0.0006057380456292723,-0.031199179203312527,2.2997835971460456,231,0.06722926930796083,0.14092028878398402
2015-01-02 00:00:00-05:00,21.096512454379948,21.20553788260763,20.855098369578627,21.057575225830078,2849900,0.0,0.0,0.05280829015544042,6.083607,0.0016,0.098500006,0.34451,0.06216,0.356,142027210752,0.181,29.523,12943287296,0.315,0.227,0.45,0.2202793529903911,-0.018757948025446166,1.0263519566298853,1.3765822818332791,-0.2290778130332124,0.013989854859610228,0.2309555732143903,0.18470131281221994,0.0025201104082715037,0.0006057380456292723,-0.031199179203312527,2.2997835971460456,231,0.06722926930796083,0.14092028878398402
2015-01-05 00:00:00-05:00,20.91739167316496,20.956328888399117,20.738276621153002,20.82394027709961,3425600,0.0,0.0,0.05280829015544042,6.083607,0.0016,0.098500006,0.34451,0.06216,0.356,142027210752,0.181,29.523,12943287296,0.315,0.227,0.45,0.2202793529903911,-0.018757948025446166,1.0263519566298853,1.3765822818332791,-0.2290778130332124,0.013989854859610228,0.2309555732143903,0.18470131281221994,0.0025201104082715037,0.0006057380456292723,-0.031199179203312527,2.2997835971460456,231,0.06722926930796083,0.14092028878398402
2015-01-06 00:00:00-05:00,20.831728986629493,20.8862416846379,20.55137627074669,20.566951751708984,3639400,0.0,0.0,0.05280829015544042,6.083607,0.0016,0.098500006,0.34451,0.06216,0.356,142027210752,0.181,29.523,12943287296,0.315,0.227,0.45,0.2202793529903911,-0.018757948025446166,1.0263519566298853,1.3765822818332791,-0.2290778130332124,0.013989854859610228,0.2309555732143903,0.18470131281221994,0.0025201104082715037,0.0006057380456292723,-0.031199179203312527,2.2997835971460456,231,0.06722926930796083,0.14092028878398402
2015-01-07 00:00:00-05:00,20.777217067830787,20.995267868041992,20.69934114545835,20.995267868041992,3606300,0.0,0.0,0.05280829015544042,6.083607,0.0016,0.098500006,0.34451,0.06216,0.356,142027210752,0.181,29.523,12943287296,0.315,0.227,0.45,0.2202793529903911,-0.018757948025446166,1.0263519566298853,1.3765822818332791,-0.2290778130332124,0.013989854859610228,0.2309555732143903,0.18470131281221994,0.0025201104082715037,0.0006057380456292723,-0.031199179203312527,2.2997835971460456,231,0.06722926930796083,0.14092028878398402
2015-01-08 00:00:00-05:00,21.158810552883633,21.423587836518443,21.10429784484586,21.415800094604492,2748100,0.0,0.0,0.05280829015544042,6.083607,0.0016,0.098500006,0.34451,0.06216,0.356,142027210752,0.181,29.523,12943287296,0.315,0.227,0.45,0.2202793529903911,-0.018757948025446166,1.0263519566298853,1.3765822818332791,-0.2290778130332124,0.013989854859610228,0.2309555732143903,0.18470131281221994,0.0025201104082715037,0.0006057380456292723,-0.031199179203312527,2.2997835971460456,231,0.06722926930796083,0.14092028878398402
2015-01-09 00:00:00-05:00,21.415795588625713,21.415795588625713,20.925179834153592,20.9641170501709,4678600,0.0,0.0,0.05280829015544042,6.083607,0.0016,0.098500006,0.34451,0.06216,0.356,142027210752,0.181,29.523,12943287296,0.315,0.227,0.45,0.2202793529903911,-0.018757948025446166,1.0263519566298853,1.3765822818332791,-0.2290778130332124,0.013989854859610228,0.2309555732143903,0.18470131281221994,0.0025201104082715037,0.0006057380456292723,-0.031199179203312527,2.2997835971460456,231,0.06722926930796083,0.14092028878398402
2015-01-12 00:00:00-05:00,20.9407592782502,21.01863521590816,20.59810752913114,20.668195724487305,2820500,0.0,0.0,0.05280829015544042,6.083607,0.0016,0.098500006,0.34451,0.06216,0.356,142027210752,0.181,29.523,12943287296,0.315,0.227,0.45,0.2202793529903911,-0.018757948025446166,1.0263519566298853,1.3765822818332791,-0.2290778130332124,0.013989854859610228,0.2309555732143903,0.18470131281221994,0.0025201104082715037,0.0006057380456292723,-0.031199179203312527,2.2997835971460456,231,0.06722926930796083,0.14092028878398402
2015-01-13 00:00:00-05:00,20.847307567444588,21.065358391900894,20.598105776431762,20.637042999267578,3467800,0.0,0.0,0.05280829015544042,6.083607,0.0016,0.098500006,0.34451,0.06216,0.356,142027210752,0.181,29.523,12943287296,0.315,0.227,0.45,0.2202793529903911,-0.018757948025446166,1.0263519566298853,1.3765822818332791,-0.2290778130332124,0.013989854859610228,0.2309555732143903,0.18470131281221994,0.0025201104082715037,0.0006057380456292723,-0.031199179203312527,2.2997835971460456,231,0.06722926930796083,0.14092028878398402
2015-01-14 00:00:00-05:00,20.55916753912496,20.590318506394965,20.216514325954247,20.271028518676758,6148900,0.0,0.0,0.05280829015544042,6.083607,0.0016,0.098500006,0.34451,0.06216,0.356,142027210752,0.181,29.523,12943287296,0.315,0.227,0.45,0.2202793529903911,-0.018757948025446166,1.0263519566298853,1.3765822818332791,-0.2290778130332124,0.013989854859610228,0.2309555732143903,0.18470131281221994,0.0025201104082715037,0.0006057380456292723,-0.031199179203312527,2.2997835971460456,231,0.06722926930796083,0.14092028878398402
2015-01-15 00:00:00-05:00,20.286598481325747,20.520226233295464,20.286598481325747,20.45792579650879,5020000,0.0,0.0,0.05280829015544042,6.083607,0.0016,0.098500006,0.34451,0.06216,0.356,142027210752,0.181,29.523,12943287296,0.315,0.227,0.45,0.2202793529903911,-0.018757948025446166,1.0263519566298853,1.3765822818332791,-0.2290778130332124,0.013989854859610228,0.2309555732143903,0.18470131281221994,0.0025201104082715037,0.0006057380456292723,-0.031199179203312527,2.2997835971460456,231,0.06722926930796083,0.14092028878398402
2015-01-16 00:00:00-05:00,20.30217319074186,20.53580093383789,20.22429727637652,20.53580093383789,4180900,0.0,0.0,0.05280829015544042,6.083607,0.0016,0.098500006,0.34451,0.06216,0.356,142027210752,0.181,29.523,12943287296,0.315,0.227,0.45,0.2202793529903911,-0.018757948025446166,1.0263519566298853,1.3765822818332791,-0.2290778130332124,0.013989854859610228,0.2309555732143903,0.18470131281221994,0.0025201104082715037,0.0006057380456292723,-0.031199179203312527,2.2997835971460456,231,0.06722926930796083,0.14092028878398402
2015-01-20 00:00:00-05:00,20.675981748387432,20.73049594388554,20.35669174441254,20.496868133544922,1983400,0.0,0.0,0.05280829015544042,6.083607,0.0016,0.098500006,0.34451,0.06216,0.356,142027210752,0.181,29.523,12943287296,0.315,0.227,0.45,0.2202793529903911,-0.018757948025446166,1.0263519566298853,1.3765822818332791,-0.2290778130332124,0.013989854859610228,0.2309555732143903,0.18470131281221994,0.0025201104082715037,0.0006057380456292723,-0.031199179203312527,2.2997835971460456,231,0.06722926930796083,0.14092028878398402
2015-01-21 00:00:00-05:00,20.411209607858517,20.535812029381738,20.271034668695503,20.3956356048584,2762600,0.0,0.0,0.05280829015544042,6.083607,0.0016,0.098500006,0.34451,0.06216,0.356,142027210752,0.181,29.523,12943287296,0.315,0.227,0.45,0.2202793529903911,-0.018757948025446166,1.0263519566298853,1.3765822818332791,-0.2290778130332124,0.013989854859610228,0.2309555732143903,0.18470131281221994,0.0025201104082715037,0.0006057380456292723,-0.031199179203312527,2.2997835971460456,231,0.06722926930796083,0.14092028878398402
2015-01-22 00:00:00-05:00,20.551383451517463,20.83173626535714,20.38005755714885,20.785011291503906,2516500,0.0,0.0,0.05280829015544042,6.083607,0.0016,0.098500006,0.34451,0.06216,0.356,142027210752,0.181,29.523,12943287296,0.315,0.227,0.45,0.2202793529903911,-0.018757948025446166,1.0263519566298853,1.3765822818332791,-0.2290778130332124,0.013989854859610228,0.2309555732143903,0.18470131281221994,0.0025201104082715037,0.0006057380456292723,-0.031199179203312527,2.2997835971460456,231,0.06722926930796083,0.14092028878398402
2015-01-23 00:00:00-05:00,20.816158563025436,20.84730953251826,20.621469459775234,20.629257202148438,1641300,0.0,0.0,0.05280829015544042,6.083607,0.0016,0.098500006,0.34451,0.06216,0.356,142027210752,0.181,29.523,12943287296,0.315,0.227,0.45,0.2202793529903911,-0.018757948025446166,1.0263519566298853,1.3765822818332791,-0.2290778130332124,0.013989854859610228,0.2309555732143903,0.18470131281221994,0.0025201104082715037,0.0006057380456292723,-0.031199179203312527,2.2997835971460456,231,0.06722926930796083,0.14092028878398402
2015-01-26 00:00:00-05:00,20.613678635611482,20.940756339587384,20.520228711823943,20.925182342529297,2921000,0.0,0.0,0.05280829015544042,6.083607,0.0016,0.098500006,0.34451,0.06216,0.356,142027210752,0.181,29.523,12943287296,0.315,0.227,0.45,0.2202793529903911,-0.018757948025446166,1.0263519566298853,1.3765822818332791,-0.2290778130332124,0.013989854859610228,0.2309555732143903,0.18470131281221994,0.0025201104082715037,0.0006057380456292723,-0.031199179203312527,2.2997835971460456,231,0.06722926930796083,0.14092028878398402
2015-01-27 00:00:00-05:00,20.738284832290535,20.96412492907475,20.660410370988522,20.785011291503906,2349900,0.0,0.0,0.05280829015544042,6.083607,0.0016,0.098500006,0.34451,0.06216,0.356,142027210752,0.181,29.523,12943287296,0.315,0.227,0.45,0.2202793529903911,-0.018757948025446166,1.0263519566298853,1.3765822818332791,-0.2290778130332124,0.013989854859610228,0.2309555732143903,0.18470131281221994,0.0025201104082715037,0.0006057380456292723,-0.031199179203312527,2.2997835971460456,231,0.06722926930796083,0.14092028878398402
2015-01-28 00:00:00-05:00,21.09651119219874,21.298988036336223,20.644832535387426,20.66040802001953,5805800,0.0,0.0,0.05280829015544042,6.083607,0.0016,0.098500006,0.34451,0.06216,0.356,142027210752,0.181,29.523,12943287296,0.315,0.227,0.45,0.2202793529903911,-0.018757948025446166,1.0263519566298853,1.3765822818332791,-0.2290778130332124,0.013989854859610228,0.2309555732143903,0.18470131281221994,0.0025201104082715037,0.0006057380456292723,-0.031199179203312527,2.2997835971460456,231,0.06722926930796083,0.14092028878398402
2015-01-29 00:00:00-05:00,20.69934395149292,20.785007626251264,20.403417188792996,20.753856658935547,3264500,0.0,0.0,0.05280829015544042,6.083607,0.0016,0.098500006,0.34451,0.06216,0.356,142027210752,0.181,29.523,12943287296,0.315,0.227,0.45,0.2202793529903911,-0.018757948025446166,1.0263519566298853,1.3765822818332791,-0.2290778130332124,0.013989854859610228,0.2309555732143903,0.18470131281221994,0.0025201104082715037,0.0006057380456292723,-0.031199179203312527,2.2997835971460456,231,0.06722926930796083,0.14092028878398402
2015-01-30 00:00:00-05:00,20.535812346141885,20.637050051325684,20.200946768028757,20.2087345123291,4914100,0.0,0.0,0.05280829015544042,6.083607,0.0016,0.098500006,0.34451,0.06216,0.356,142027210752,0.181,29.523,12943287296,0.315,0.227,0.45,0.2202793529903911,-0.018757948025446166,1.0263519566298853,1.3765822818332791,-0.2290778130332124,0.013989854859610228,0.2309555732143903,0.18470131281221994,0.0025201104082715037,0.0006057380456292723,-0.031199179203312527,2.2997835971460456,231,0.06722926930796083,0.14092028878398402
2015-02-02 00:00:00-05:00,20.36550640214765,20.69346766144573,20.181529288308646,20.67746925354004,3720300,0.686,0.0,0.05280829015544042,6.083607,0.0016,0.098500006,0.34451,0.06216,0.356,142027210752,0.181,29.523,12943287296,0.315,0.227,0.45,0.2202793529903911,-0.018757948025446166,1.0263519566298853,1.3765822818332791,-0.2290778130332124,0.013989854859610228,0.2309555732143903,0.18470131281221994,0.0025201104082715037,0.0006057380456292723,-0.031199179203312527,2.2997835971460456,231,0.06722926930796083,0.14092028878398402
2015-02-03 00:00:00-05:00,20.66147506192138,21.029430890378503,20.597482942932203,20.87744903564453,4049200,0.0,0.0,0.05280829015544042,6.083607,0.0016,0.098500006,0.34451,0.06216,0.356,142027210752,0.181,29.523,12943287296,0.315,0.227,0.45,0.2202793529903911,-0.018757948025446166,1.0263519566298853,1.3765822818332791,-0.2290778130332124,0.013989854859610228,0.2309555732143903,0.18470131281221994,0.0025201104082715037,0.0006057380456292723,-0.031199179203312527,2.2997835971460456,231,0.06722926930796083,0.14092028878398402
2015-02-04 00:00:00-05:00,20.79745850548494,21.021431684793296,20.773460888729325,20.87744903564453,3317100,0.0,0.0,0.05280829015544042,6.083607,0.0016,0.098500006,0.34451,0.06216,0.356,142027210752,0.181,29.523,12943287296,0.315,0.227,0.45,0.2202793529903911,-0.018757948025446166,1.0263519566298853,1.3765822818332791,-0.2290778130332124,0.013989854859610228,0.2309555732143903,0.18470131281221994,0.0025201104082715037,0.0006057380456292723,-0.031199179203312527,2.2997835971460456,231,0.06722926930796083,0.14092028878398402
2015-02-05 00:00:00-05:00,20.92543773051583,21.117414041493067,20.757459030545288,21.101415634155273,3472500,0.0,0.0,0.05280829015544042,6.083607,0.0016,0.098500006,0.34451,0.06216,0.356,142027210752,0.181,29.523,12943287296,0.315,0.227,0.45,0.2202793529903911,-0.018757948025446166,1.0263519566298853,1.3765822818332791,-0.2290778130332124,0.013989854859610228,0.2309555732143903,0.18470131281221994,0.0025201104082715037,0.0006057380456292723,-0.031199179203312527,2.2997835971460456,231,0.06722926930796083,0.14092028878398402
2015-02-06 00:00:00-05:00,21.117414041493067,21.22140216349663,20.949435341522523,21.101415634155273,3772700,0.0,0.0,0.05280829015544042,6.083607,0.0016,0.098500006,0.34451,0.06216,0.356,142027210752,0.181,29.523,12943287296,0.315,0.227,0.45,0.2202793529903911,-0.018757948025446166,1.0263519566298853,1.3765822818332791,-0.2290778130332124,0.013989854859610228,0.2309555732143903,0.18470131281221994,0.0025201104082715037,0.0006057380456292723,-0.031199179203312527,2.2997835971460456,231,0.06722926930796083,0.14092028878398402
2015-02-09 00:00:00-05:00,20.973430944711716,21.157409573482955,20.909438842523652,21.069419860839844,2597800,0.0,0.0,0.05280829015544042,6.083607,0.0016,0.098500006,0.34451,0.06216,0.356,142027210752,0.181,29.523,12943287296,0.315,0.227,0.45,0.2202793529903911,-0.018757948025446166,1.0263519566298853,1.3765822818332791,-0.2290778130332124,0.013989854859610228,0.2309555732143903,0.18470131281221994,0.0025201104082715037,0.0006057380456292723,-0.031199179203312527,2.2997835971460456,231,0.06722926930796083,0.14092028878398402
2015-02-10 00:00:00-05:00,21.197402084387566,21.237396572383226,21.053419486496114,21.1654052734375,2997400,0.0,0.0,0.05280829015544042,6.083607,0.0016,0.098500006,0.34451,0.06216,0.356,142027210752,0.181,29.523,12943287296,0.315,0.227,0.45,0.2202793529903911,-0.018757948025446166,1.0263519566298853,1.3765822818332791,-0.2290778130332124,0.013989854859610228,0.2309555732143903,0.18470131281221994,0.0025201104082715037,0.0006057380456292723,-0.031199179203312527,2.2997835971460456,231,0.06722926930796083,0.14092028878398402
2015-02-11 00:00:00-05:00,21.157411367708832,21.397381389841392,21.149412163545456,21.333389282226562,2686300,0.0,0.0,0.05280829015544042,6.083607,0.0016,0.098500006,0.34451,0.06216,0.356,142027210752,0.181,29.523,12943287296,0.315,0.227,0.45,0.2202793529903911,-0.018757948025446166,1.0263519566298853,1.3765822818332791,-0.2290778130332124,0.013989854859610228,0.2309555732143903,0.18470131281221994,0.0025201104082715037,0.0006057380456292723,-0.031199179203312527,2.2997835971460456,231,0.06722926930796083,0.14092028878398402
2015-02-12 00:00:00-05:00,21.365388910446928,21.653354216017856,21.349392024564935,21.63735580444336,3554900,0.0,0.0,0.05280829015544042,6.083607,0.0016,0.098500006,0.34451,0.06216,0.356,142027210752,0.181,29.523,12943287296,0.315,0.227,0.45,0.2202793529903911,-0.018757948025446166,1.0263519566298853,1.3765822818332791,-0.2290778130332124,0.013989854859610228,0.2309555732143903,0.18470131281221994,0.0025201104082715037,0.0006057380456292723,-0.031199179203312527,2.2997835971460456,231,0.06722926930796083,0.14092028878398402
2015-02-13 00:00:00-05:00,21.61335148969358,21.717338073979757,21.509363379715484,21.68534278869629,3222300,0.0,0.0,0.05280829015544042,6.083607,0.0016,0.098500006,0.34451,0.06216,0.356,142027210752,0.181,29.523,12943287296,0.315,0.227,0.45,0.2202793529903911,-0.018757948025446166,1.0263519566298853,1.3765822818332791,-0.2290778130332124,0.013989854859610228,0.2309555732143903,0.18470131281221994,0.0025201104082715037,0.0006057380456292723,-0.031199179203312527,2.2997835971460456,231,0.06722926930796083,0.14092028878398402
2015-02-17 00:00:00-05:00,21.701342731269925,21.717341139015524,21.357386118892343,21.389381408691406,3355900,0.0,0.0,0.05280829015544042,6.083607,0.0016,0.098500006,0.34451,0.06216,0.356,142027210752,0.181,29.523,12943287296,0.315,0.227,0.45,0.2202793529903911,-0.018757948025446166,1.0263519566298853,1.3765822818332791,-0.2290778130332124,0.013989854859610228,0.2309555732143903,0.18470131281221994,0.0025201104082715037,0.0006057380456292723,-0.031199179203312527,2.2997835971460456,231,0.06722926930796083,0.14092028878398402
2015-02-18 00:00:00-05:00,21.365385917539243,21.421380350206164,21.18140878728194,21.397382736206055,3402900,0.0,0.0,0.05280829015544042,6.083607,0.0016,0.098500006,0.34451,0.06216,0.356,142027210752,0.181,29.523,12943287296,0.315,0.227,0.45,0.2202793529903911,-0.018757948025446166,1.0263519566298853,1.3765822818332791,-0.2290778130332124,0.013989854859610228,0.2309555732143903,0.18470131281221994,0.0025201104082715037,0.0006057380456292723,-0.031199179203312527,2.2997835971460456,231,0.06722926930796083,0.14092028878398402
2015-02-19 00:00:00-05:00,21.34139087340874,21.397383783122958,21.189409028689894,21.365386962890625,2868200,0.0,0.0,0.05280829015544042,6.083607,0.0016,0.098500006,0.34451,0.06216,0.356,142027210752,0.181,29.523,12943287296,0.315,0.227,0.45,0.2202793529903911,-0.018757948025446166,1.0263519566298853,1.3765822818332791,-0.2290778130332124,0.013989854859610228,0.2309555732143903,0.18470131281221994,0.0025201104082715037,0.0006057380456292723,-0.031199179203312527,2.2997835971460456,231,0.06722926930796083,0.14092028878398402
2015-02-20 00:00:00-05:00,21.285396575927734,21.349388686527874,20.94943761385395,21.285396575927734,5153900,0.0,0.0,0.05280829015544042,6.083607,0.0016,0.098500006,0.34451,0.06216,0.356,142027210752,0.181,29.523,12943287296,0.315,0.227,0.45,0.2202793529903911,-0.018757948025446166,1.0263519566298853,1.3765822818332791,-0.2290778130332124,0.013989854859610228,0.2309555732143903,0.18470131281221994,0.0025201104082715037,0.0006057380456292723,-0.031199179203312527,2.2997835971460456,231,0.06722926930796083,0.14092028878398402
2015-02-23 00:00:00-05:00,21.277398201841315,21.277398201841315,21.101418746553318,21.24540138244629,2623800,0.0,0.0,0.05280829015544042,6.083607,0.0016,0.098500006,0.34451,0.06216,0.356,142027210752,0.181,29.523,12943287296,0.315,0.227,0.45,0.2202793529903911,-0.018757948025446166,1.0263519566298853,1.3765822818332791,-0.2290778130332124,0.013989854859610228,0.2309555732143903,0.18470131281221994,0.0025201104082715037,0.0006057380456292723,-0.031199179203312527,2.2997835971460456,231,0.06722926930796083,0.14092028878398402
2015-02-24 00:00:00-05:00,21.221404680228034,21.357388107341908,21.17340945252271,21.29339599609375,1763500,0.0,0.0,0.05280829015544042,6.083607,0.0016,0.098500006,0.34451,0.06216,0.356,142027210752,0.181,29.523,12943287296,0.315,0.227,0.45,0.2202793529903911,-0.018757948025446166,1.0263519566298853,1.3765822818332791,-0.2290778130332124,0.013989854859610228,0.2309555732143903,0.18470131281221994,0.0025201104082715037,0.0006057380456292723,-0.031199179203312527,2.2997835971460456,231,0.06722926930796083,0.14092028878398402
2015-02-25 00:00:00-05:00,21.325394035097496,21.34939165204051,21.21340820741506,21.253402709960938,1744500,0.0,0.0,0.05280829015544042,6.083607,0.0016,0.098500006,0.34451,0.06216,0.356,142027210752,0.181,29.523,12943287296,0.315,0.227,0.45,0.2202793529903911,-0.018757948025446166,1.0263519566298853,1.3765822818332791,-0.2290778130332124,0.013989854859610228,0.2309555732143903,0.18470131281221994,0.0025201104082715037,0.0006057380456292723,-0.031199179203312527,2.2997835971460456,231,0.06722926930796083,0.14092028878398402
2015-02-26 00:00:00-05:00,21.205404082180387,21.405379599901032,21.101415958578063,21.38138198852539,3034400,0.0,0.0,0.05280829015544042,6.083607,0.0016,0.098500006,0.34451,0.06216,0.356,142027210752,0.181,29.523,12943287296,0.315,0.227,0.45,0.2202793529903911,-0.018757948025446166,1.0263519566298853,1.3765822818332791,-0.2290778130332124,0.013989854859610228,0.2309555732143903,0.18470131281221994,0.0025201104082715037,0.0006057380456292723,-0.031199179203312527,2.2997835971460456,231,0.06722926930796083,0.14092028878398402
2015-02-27 00:00:00-05:00,21.325393462024508,21.405383990659168,21.277399755120683,21.317394256591797,2553600,0.0,0.0,0.05280829015544042,6.083607,0.0016,0.098500006,0.34451,0.06216,0.356,142027210752,0.181,29.523,12943287296,0.315,0.227,0.45,0.2202793529903911,-0.018757948025446166,1.0263519566298853,1.3765822818332791,-0.2290778130332124,0.013989854859610228,0.2309555732143903,0.18470131281221994,0.0025201104082715037,0.0006057380456292723,-0.031199179203312527,2.2997835971460456,231,0.06722926930796083,0.14092028878398402
2015-03-02 00:00:00-05:00,21.301390132951692,21.70134114317055,21.213401948174123,21.66934585571289,3564700,0.0,0.0,0.05280829015544042,6.083607,0.0016,0.098500006,0.34451,0.06216,0.356,142027210752,0.181,29.523,12943287296,0.315,0.227,0.45,0.2202793529903911,-0.018757948025446166,1.0263519566298853,1.3765822818332791,-0.2290778130332124,0.013989854859610228,0.2309555732143903,0.18470131281221994,0.0025201104082715037,0.0006057380456292723,-0.031199179203312527,2.2997835971460456,231,0.06722926930796083,0.14092028878398402
2015-03-03 00:00:00-05:00,21.541364318007943,21.629354039357143,21.3253903796193,21.429378509521484,2813400,0.0,0.0,0.05280829015544042,6.083607,0.0016,0.098500006,0.34451,0.06216,0.356,142027210752,0.181,29.523,12943287296,0.315,0.227,0.45,0.2202793529903911,-0.018757948025446166,1.0263519566298853,1.3765822818332791,-0.2290778130332124,0.013989854859610228,0.2309555732143903,0.18470131281221994,0.0025201104082715037,0.0006057380456292723,-0.031199179203312527,2.2997835971460456,231,0.06722926930796083,0.14092028878398402
2015-03-04 00:00:00-05:00,21.35738837721278,21.373385260957743,21.07742231482984,21.13341522216797,2581500,0.0,0.0,0.05280829015544042,6.083607,0.0016,0.098500006,0.34451,0.06216,0.356,142027210752,0.181,29.523,12943287296,0.315,0.227,0.45,0.2202793529903911,-0.018757948025446166,1.0263519566298853,1.3765822818332791,-0.2290778130332124,0.013989854859610228,0.2309555732143903,0.18470131281221994,0.0025201104082715037,0.0006057380456292723,-0.031199179203312527,2.2997835971460456,231,0.06722926930796083,0.14092028878398402
2015-03-05 00:00:00-05:00,21.157413131682496,21.237402128600873,21.0774226090718,21.22940444946289,2208300,0.0,0.0,0.05280829015544042,6.083607,0.0016,0.098500006,0.34451,0.06216,0.356,142027210752,0.181,29.523,12943287296,0.315,0.227,0.45,0.2202793529903911,-0.018757948025446166,1.0263519566298853,1.3765822818332791,-0.2290778130332124,0.013989854859610228,0.2309555732143903,0.18470131281221994,0.0025201104082715037,0.0006057380456292723,-0.031199179203312527,2.2997835971460456,231,0.06722926930796083,0.14092028878398402
2015-03-06 00:00:00-05:00,21.093414198502607,21.317385758564026,20.933433205008598,21.00542449951172,4490600,0.0,0.0,0.05280829015544042,6.083607,0.0016,0.098500006,0.34451,0.06216,0.356,142027210752,0.181,29.523,12943287296,0.315,0.227,0.45,0.2202793529903911,-0.018757948025446166,1.0263519566298853,1.3765822818332791,-0.2290778130332124,0.013989854859610228,0.2309555732143903,0.18470131281221994,0.0025201104082715037,0.0006057380456292723,-0.031199179203312527,2.2997835971460456,231,0.06722926930796083,0.14092028878398402
2015-03-09 00:00:00-04:00,20.98943237455663,21.157412620550165,20.98943237455663,21.125415802001953,1739100,0.0,0.0,0.05280829015544042,6.083607,0.0016,0.098500006,0.34451,0.06216,0.356,142027210752,0.181,29.523,12943287296,0.315,0.227,0.45,0.2202793529903911,-0.018757948025446166,1.0263519566298853,1.3765822818332791,-0.2290778130332124,0.013989854859610228,0.2309555732143903,0.18470131281221994,0.0025201104082715037,0.0006057380456292723,-0.031199179203312527,2.2997835971460456,231,0.06722926930796083,0.14092028878398402
2015-03-10 00:00:00-04:00,21.013430261411745,21.04542555468326,20.765459491519067,20.781457901000977,3519000,0.0,0.0,0.05280829015544042,6.083607,0.0016,0.098500006,0.34451,0.06216,0.356,142027210752,0.181,29.523,12943287296,0.315,0.227,0.45,0.2202793529903911,-0.018757948025446166,1.0263519566298853,1.3765822818332791,-0.2290778130332124,0.013989854859610228,0.2309555732143903,0.18470131281221994,0.0025201104082715037,0.0006057380456292723,-0.031199179203312527,2.2997835971460456,231,0.06722926930796083,0.14092028878398402
2015-03-11 00:00:00-04:00,20.78145421038367,21.101414714737945,20.733460516153535,21.053421020507812,2945800,0.0,0.0,0.05280829015544042,6.083607,0.0016,0.098500006,0.34451,0.06216,0.356,142027210752,0.181,29.523,12943287296,0.315,0.227,0.45,0.2202793529903911,-0.018757948025446166,1.0263519566298853,1.3765822818332791,-0.2290778130332124,0.013989854859610228,0.2309555732143903,0.18470131281221994,0.0025201104082715037,0.0006057380456292723,-0.031199179203312527,2.2997835971460456,231,0.06722926930796083,0.14092028878398402
2015-03-12 00:00:00-04:00,21.197407884666326,21.445377134613853,21.14141497587421,21.4373779296875,3331500,0.0,0.0,0.05280829015544042,6.083607,0.0016,0.098500006,0.34451,0.06216,0.356,142027210752,0.181,29.523,12943287296,0.315,0.227,0.45,0.2202793529903911,-0.018757948025446166,1.0263519566298853,1.3765822818332791,-0.2290778130332124,0.013989854859610228,0.2309555732143903,0.18470131281221994,0.0025201104082715037,0.0006057380456292723,-0.031199179203312527,2.2997835971460456,231,0.06722926930796083,0.14092028878398402
2015-03-13 00:00:00-04:00,21.34938454222682,21.405377437421173,21.077417743546835,21.189403533935547,2464500,0.0,0.0,0.05280829015544042,6.083607,0.0016,0.098500006,0.34451,0.06216,0.356,142027210752,0.181,29.523,12943287296,0.315,0.227,0.45,0.2202793529903911,-0.018757948025446166,1.0263519566298853,1.3765822818332791,-0.2290778130332124,0.013989854859610228,0.2309555732143903,0.18470131281221994,0.0025201104082715037,0.0006057380456292723,-0.031199179203312527,2.2997835971460456,231,0.06722926930796083,0.14092028878398402
2015-03-16 00:00:00-04:00,21.277401475422046,21.58936288405797,21.237405445024777,21.581363677978516,3232400,0.0,0.0,0.05280829015544042,6.083607,0.0016,0.098500006,0.34451,0.06216,0.356,142027210752,0.181,29.523,12943287296,0.315,0.227,0.45,0.2202793529903911,-0.018757948025446166,1.0263519566298853,1.3765822818332791,-0.2290778130332124,0.013989854859610228,0.2309555732143903,0.18470131281221994,0.0025201104082715037,0.0006057380456292723,-0.031199179203312527,2.2997835971460456,231,0.06722926930796083,0.14092028878398402
2015-03-17 00:00:00-04:00,21.48537163405253,21.653350348504496,21.445375612259994,21.621355056762695,2807100,0.0,0.0,0.05280829015544042,6.083607,0.0016,0.098500006,0.34451,0.06216,0.356,142027210752,0.181,29.523,12943287296,0.315,0.227,0.45,0.2202793529903911,-0.018757948025446166,1.0263519566298853,1.3765822818332791,-0.2290778130332124,0.013989854859610228,0.2309555732143903,0.18470131281221994,0.0025201104082715037,0.0006057380456292723,-0.031199179203312527,2.2997835971460456,231,0.06722926930796083,0.14092028878398402
2015-03-18 00:00:00-04:00,21.52536282849855,22.0852948421714,21.469369932269668,22.00530433654785,5820800,0.0,0.0,0.05280829015544042,6.083607,0.0016,0.098500006,0.34451,0.06216,0.356,142027210752,0.181,29.523,12943287296,0.315,0.227,0.45,0.2202793529903911,-0.018757948025446166,1.0263519566298853,1.3765822818332791,-0.2290778130332124,0.013989854859610228,0.2309555732143903,0.18470131281221994,0.0025201104082715037,0.0006057380456292723,-0.031199179203312527,2.2997835971460456,231,0.06722926930796083,0.14092028878398402
2015-03-19 00:00:00-04:00,21.973309860336094,22.14129009257526,21.8933208718997,22.021305084228516,4873500,0.0,0.0,0.05280829015544042,6.083607,0.0016,0.098500006,0.34451,0.06216,0.356,142027210752,0.181,29.523,12943287296,0.315,0.227,0.45,0.2202793529903911,-0.018757948025446166,1.0263519566298853,1.3765822818332791,-0.2290778130332124,0.013989854859610228,0.2309555732143903,0.18470131281221994,0.0025201104082715037,0.0006057380456292723,-0.031199179203312527,2.2997835971460456,231,0.06722926930796083,0.14092028878398402
2015-03-20 00:00:00-04:00,22.037303790773183,22.157290334744708,22.02130690717696,22.117294311523438,4922500,0.0,0.0,0.05280829015544042,6.083607,0.0016,0.098500006,0.34451,0.06216,0.356,142027210752,0.181,29.523,12943287296,0.315,0.227,0.45,0.2202793529903911,-0.018757948025446166,1.0263519566298853,1.3765822818332791,-0.2290778130332124,0.013989854859610228,0.2309555732143903,0.18470131281221994,0.0025201104082715037,0.0006057380456292723,-0.031199179203312527,2.2997835971460456,231,0.06722926930796083,0.14092028878398402
2015-03-23 00:00:00-04:00,22.141292572021484,22.317270502257085,22.093298868446745,22.141292572021484,2805900,0.0,0.0,0.05280829015544042,6.083607,0.0016,0.098500006,0.34451,0.06216,0.356,142027210752,0.181,29.523,12943287296,0.315,0.227,0.45,0.2202793529903911,-0.018757948025446166,1.0263519566298853,1.3765822818332791,-0.2290778130332124,0.013989854859610228,0.2309555732143903,0.18470131281221994,0.0025201104082715037,0.0006057380456292723,-0.031199179203312527,2.2997835971460456,231,0.06722926930796083,0.14092028878398402
2015-03-24 00:00:00-04:00,21.909319488549464,22.149291049931655,21.757339177935584,21.845327377319336,4542200,0.0,0.0,0.05280829015544042,6.083607,0.0016,0.098500006,0.34451,0.06216,0.356,142027210752,0.181,29.523,12943287296,0.315,0.227,0.45,0.2202793529903911,-0.018757948025446166,1.0263519566298853,1.3765822818332791,-0.2290778130332124,0.013989854859610228,0.2309555732143903,0.18470131281221994,0.0025201104082715037,0.0006057380456292723,-0.031199179203312527,2.2997835971460456,231,0.06722926930796083,0.14092028878398402
2015-03-25 00:00:00-04:00,21.877323980020833,21.973311383073234,21.653350830078125,21.653350830078125,3203500,0.0,0.0,0.05280829015544042,6.083607,0.0016,0.098500006,0.34451,0.06216,0.356,142027210752,0.181,29.523,12943287296,0.315,0.227,0.45,0.2202793529903911,-0.018757948025446166,1.0263519566298853,1.3765822818332791,-0.2290778130332124,0.013989854859610228,0.2309555732143903,0.18470131281221994,0.0025201104082715037,0.0006057380456292723,-0.031199179203312527,2.2997835971460456,231,0.06722926930796083,0.14092028878398402
2015-03-26 00:00:00-04:00,21.573359961736074,21.709343385272753,21.44537574260652,21.541364669799805,3592500,0.0,0.0,0.05280829015544042,6.083607,0.0016,0.098500006,0.34451,0.06216,0.356,142027210752,0.181,29.523,12943287296,0.315,0.227,0.45,0.2202793529903911,-0.018757948025446166,1.0263519566298853,1.3765822818332791,-0.2290778130332124,0.013989854859610228,0.2309555732143903,0.18470131281221994,0.0025201104082715037,0.0006057380456292723,-0.031199179203312527,2.2997835971460456,231,0.06722926930796083,0.14092028878398402
2015-03-27 00:00:00-04:00,21.533365334511345,21.653350348504496,21.469373225335517,21.621355056762695,2296900,0.0,0.0,0.05280829015544042,6.083607,0.0016,0.098500006,0.34451,0.06216,0.356,142027210752,0.181,29.523,12943287296,0.315,0.227,0.45,0.2202793529903911,-0.018757948025446166,1.0263519566298853,1.3765822818332791,-0.2290778130332124,0.013989854859610228,0.2309555732143903,0.18470131281221994,0.0025201104082715037,0.0006057380456292723,-0.031199179203312527,2.2997835971460456,231,0.06722926930796083,0.14092028878398402
2015-03-30 00:00:00-04:00,21.693344568343104,21.98130827286856,21.693344568343104,21.893320083618164,2708800,0.0,0.0,0.05280829015544042,6.083607,0.0016,0.098500006,0.34451,0.06216,0.356,142027210752,0.181,29.523,12943287296,0.315,0.227,0.45,0.2202793529903911,-0.018757948025446166,1.0263519566298853,1.3765822818332791,-0.2290778130332124,0.013989854859610228,0.2309555732143903,0.18470131281221994,0.0025201104082715037,0.0006057380456292723,-0.031199179203312527,2.2997835971460456,231,0.06722926930796083,0.14092028878398402
2015-03-31 00:00:00-04:00,21.741341068088158,21.869325292310787,21.589359229689176,21.757339477539062,3159800,0.0,0.0,0.05280829015544042,6.083607,0.0016,0.098500006,0.34451,0.06216,0.356,142027210752,0.181,29.523,12943287296,0.315,0.227,0.45,0.2202793529903911,-0.018757948025446166,1.0263519566298853,1.3765822818332791,-0.2290778130332124,0.013989854859610228,0.2309555732143903,0.18470131281221994,0.0025201104082715037,0.0006057380456292723,-0.031199179203312527,2.2997835971460456,231,0.06722926930796083,0.14092028878398402
2015-04-01 00:00:00-04:00,21.66935298892218,21.709347492832816,21.509371921894584,21.565364837646484,5389400,0.0,0.0,0.05280829015544042,6.083607,0.0016,0.098500006,0.34451,0.06216,0.356,142027210752,0.181,29.523,12943287296,0.315,0.227,0.45,0.2202793529903911,-0.018757948025446166,1.0263519566298853,1.3765822818332791,-0.2290778130332124,0.013989854859610228,0.2309555732143903,0.18470131281221994,0.0025201104082715037,0.0006057380456292723,-0.031199179203312527,2.2997835971460456,231,0.06722926930796083,0.14092028878398402
2015-04-02 00:00:00-04:00,21.6053552093091,21.65334890657193,21.437374980350988,21.469371795654297,3310900,0.0,0.0,0.05280829015544042,6.083607,0.0016,0.098500006,0.34451,0.06216,0.356,142027210752,0.181,29.523,12943287296,0.315,0.227,0.45,0.2202793529903911,-0.018757948025446166,1.0263519566298853,1.3765822818332791,-0.2290778130332124,0.013989854859610228,0.2309555732143903,0.18470131281221994,0.0025201104082715037,0.0006057380456292723,-0.031199179203312527,2.2997835971460456,231,0.06722926930796083,0.14092028878398402
2015-04-06 00:00:00-04:00,21.30939531459417,21.677351140585447,21.26940081262863,21.597360610961914,5665500,0.0,0.0,0.05280829015544042,6.083607,0.0016,0.098500006,0.34451,0.06216,0.356,142027210752,0.181,29.523,12943287296,0.315,0.227,0.45,0.2202793529903911,-0.018757948025446166,1.0263519566298853,1.3765822818332791,-0.2290778130332124,0.013989854859610228,0.2309555732143903,0.18470131281221994,0.0025201104082715037,0.0006057380456292723,-0.031199179203312527,2.2997835971460456,231,0.06722926930796083,0.14092028878398402
2015-04-07 00:00:00-04:00,21.629354089909768,21.63735176851274,21.437376238209694,21.445375442504883,2309700,0.0,0.0,0.05280829015544042,6.083607,0.0016,0.098500006,0.34451,0.06216,0.356,142027210752,0.181,29.523,12943287296,0.315,0.227,0.45,0.2202793529903911,-0.018757948025446166,1.0263519566298853,1.3765822818332791,-0.2290778130332124,0.013989854859610228,0.2309555732143903,0.18470131281221994,0.0025201104082715037,0.0006057380456292723,-0.031199179203312527,2.2997835971460456,231,0.06722926930796083,0.14092028878398402
2015-04-08 00:00:00-04:00,21.42937855960672,21.589358068433828,21.37338412954041,21.445375442504883,5634800,0.0,0.0,0.05280829015544042,6.083607,0.0016,0.098500006,0.34451,0.06216,0.356,142027210752,0.181,29.523,12943287296,0.315,0.227,0.45,0.2202793529903911,-0.018757948025446166,1.0263519566298853,1.3765822818332791,-0.2290778130332124,0.013989854859610228,0.2309555732143903,0.18470131281221994,0.0025201104082715037,0.0006057380456292723,-0.031199179203312527,2.2997835971460456,231,0.06722926930796083,0.14092028878398402
2015-04-09 00:00:00-04:00,21.44537665441594,21.565361674239863,21.373385337383127,21.40538215637207,4089000,0.0,0.0,0.05280829015544042,6.083607,0.0016,0.098500006,0.34451,0.06216,0.356,142027210752,0.181,29.523,12943287296,0.315,0.227,0.45,0.2202793529903911,-0.018757948025446166,1.0263519566298853,1.3765822818332791,-0.2290778130332124,0.013989854859610228,0.2309555732143903,0.18470131281221994,0.0025201104082715037,0.0006057380456292723,-0.031199179203312527,2.2997835971460456,231,0.06722926930796083,0.14092028878398402
2015-04-10 00:00:00-04:00,21.43737589332897,21.565360108608555,21.40538060235517,21.517366409301758,2865900,0.0,0.0,0.05280829015544042,6.083607,0.0016,0.098500006,0.34451,0.06216,0.356,142027210752,0.181,29.523,12943287296,0.315,0.227,0.45,0.2202793529903911,-0.018757948025446166,1.0263519566298853,1.3765822818332791,-0.2290778130332124,0.013989854859610228,0.2309555732143903,0.18470131281221994,0.0025201104082715037,0.0006057380456292723,-0.031199179203312527,2.2997835971460456,231,0.06722926930796083,0.14092028878398402
2015-04-13 00:00:00-04:00,21.517367188337428,21.64535140825068,21.429378990704723,21.461374282836914,2460000,0.0,0.0,0.05280829015544042,6.083607,0.0016,0.098500006,0.34451,0.06216,0.356,142027210752,0.181,29.523,12943287296,0.315,0.227,0.45,0.2202793529903911,-0.018757948025446166,1.0263519566298853,1.3765822818332791,-0.2290778130332124,0.013989854859610228,0.2309555732143903,0.18470131281221994,0.0025201104082715037,0.0006057380456292723,-0.031199179203312527,2.2997835971460456,231,0.06722926930796083,0.14092028878398402
2015-04-14 00:00:00-04:00,21.397382736206055,21.52536695948873,21.34138982923142,21.397382736206055,3383700,0.0,0.0,0.05280829015544042,6.083607,0.0016,0.098500006,0.34451,0.06216,0.356,142027210752,0.181,29.523,12943287296,0.315,0.227,0.45,0.2202793529903911,-0.018757948025446166,1.0263519566298853,1.3765822818332791,-0.2290778130332124,0.013989854859610228,0.2309555732143903,0.18470131281221994,0.0025201104082715037,0.0006057380456292723,-0.031199179203312527,2.2997835971460456,231,0.06722926930796083,0.14092028878398402
2015-04-15 00:00:00-04:00,21.693352857856524,21.901326130604758,21.517373360725838,21.749345779418945,5802000,0.0,0.0,0.05280829015544042,6.083607,0.0016,0.098500006,0.34451,0.06216,0.356,142027210752,0.181,29.523,12943287296,0.315,0.227,0.45,0.2202793529903911,-0.018757948025446166,1.0263519566298853,1.3765822818332791,-0.2290778130332124,0.013989854859610228,0.2309555732143903,0.18470131281221994,0.0025201104082715037,0.0006057380456292723,-0.031199179203312527,2.2997835971460456,231,0.06722926930796083,0.14092028878398402
2015-04-16 00:00:00-04:00,21.717344928749615,21.813333866281404,21.565363080029453,21.741342544555664,2473900,0.0,0.0,0.05280829015544042,6.083607,0.0016,0.098500006,0.34451,0.06216,0.356,142027210752,0.181,29.523,12943287296,0.315,0.227,0.45,0.2202793529903911,-0.018757948025446166,1.0263519566298853,1.3765822818332791,-0.2290778130332124,0.013989854859610228,0.2309555732143903,0.18470131281221994,0.0025201104082715037,0.0006057380456292723,-0.031199179203312527,2.2997835971460456,231,0.06722926930796083,0.14092028878398402
2015-04-17 00:00:00-04:00,21.55736377815554,21.621355889796874,21.301393805897906,21.397382736206055,3975700,0.0,0.0,0.05280829015544042,6.083607,0.0016,0.098500006,0.34451,0.06216,0.356,142027210752,0.181,29.523,12943287296,0.315,0.227,0.45,0.2202793529903911,-0.018757948025446166,1.0263519566298853,1.3765822818332791,-0.2290778130332124,0.013989854859610228,0.2309555732143903,0.18470131281221994,0.0025201104082715037,0.0006057380456292723,-0.031199179203312527,2.2997835971460456,231,0.06722926930796083,0.14092028878398402
2015-04-20 00:00:00-04:00,21.54936085778564,21.717339549745386,21.461371147316044,21.66934585571289,2614400,0.0,0.0,0.05280829015544042,6.083607,0.0016,0.098500006,0.34451,0.06216,0.356,142027210752,0.181,29.523,12943287296,0.315,0.227,0.45,0.2202793529903911,-0.018757948025446166,1.0263519566298853,1.3765822818332791,-0.2290778130332124,0.013989854859610228,0.2309555732143903,0.18470131281221994,0.0025201104082715037,0.0006057380456292723,-0.031199179203312527,2.2997835971460456,231,0.06722926930796083,0.14092028878398402
2015-04-21 00:00:00-04:00,21.685348219756087,21.741341127294433,21.373385337383127,21.40538215637207,2598400,0.0,0.0,0.05280829015544042,6.083607,0.0016,0.098500006,0.34451,0.06216,0.356,142027210752,0.181,29.523,12943287296,0.315,0.227,0.45,0.2202793529903911,-0.018757948025446166,1.0263519566298853,1.3765822818332791,-0.2290778130332124,0.013989854859610228,0.2309555732143903,0.18470131281221994,0.0025201104082715037,0.0006057380456292723,-0.031199179203312527,2.2997835971460456,231,0.06722926930796083,0.14092028878398402
2015-04-22 00:00:00-04:00,21.397383783122958,21.421381398297207,21.149414529091842,21.365386962890625,4263500,0.0,0.0,0.05280829015544042,6.083607,0.0016,0.098500006,0.34451,0.06216,0.356,142027210752,0.181,29.523,12943287296,0.315,0.227,0.45,0.2202793529903911,-0.018757948025446166,1.0263519566298853,1.3765822818332791,-0.2290778130332124,0.013989854859610228,0.2309555732143903,0.18470131281221994,0.0025201104082715037,0.0006057380456292723,-0.031199179203312527,2.2997835971460456,231,0.06722926930796083,0.14092028878398402
2015-04-23 00:00:00-04:00,21.325390429461496,21.525365959764542,21.277396729382588,21.445375442504883,1902800,0.0,0.0,0.05280829015544042,6.083607,0.0016,0.098500006,0.34451,0.06216,0.356,142027210752,0.181,29.523,12943287296,0.315,0.227,0.45,0.2202793529903911,-0.018757948025446166,1.0263519566298853,1.3765822818332791,-0.2290778130332124,0.013989854859610228,0.2309555732143903,0.18470131281221994,0.0025201104082715037,0.0006057380456292723,-0.031199179203312527,2.2997835971460456,231,0.06722926930796083,0.14092028878398402
2015-04-24 00:00:00-04:00,21.429377733770064,21.509366722254924,21.32538960763229,21.485370635986328,1761500,0.0,0.0,0.05280829015544042,6.083607,0.0016,0.098500006,0.34451,0.06216,0.356,142027210752,0.181,29.523,12943287296,0.315,0.227,0.45,0.2202793529903911,-0.018757948025446166,1.0263519566298853,1.3765822818332791,-0.2290778130332124,0.013989854859610228,0.2309555732143903,0.18470131281221994,0.0025201104082715037,0.0006057380456292723,-0.031199179203312527,2.2997835971460456,231,0.06722926930796083,0.14092028878398402
2015-04-27 00:00:00-04:00,21.58935806298859,21.58935806298859,21.245399906843346,21.261398315429688,3101800,0.0,0.0,0.05280829015544042,6.083607,0.0016,0.098500006,0.34451,0.06216,0.356,142027210752,0.181,29.523,12943287296,0.315,0.227,0.45,0.2202793529903911,-0.018757948025446166,1.0263519566298853,1.3765822818332791,-0.2290778130332124,0.013989854859610228,0.2309555732143903,0.18470131281221994,0.0025201104082715037,0.0006057380456292723,-0.031199179203312527,2.2997835971460456,231,0.06722926930796083,0.14092028878398402
2015-04-28 00:00:00-04:00,21.205404296693416,21.445374310108868,21.181406685075014,21.389381408691406,2722200,0.0,0.0,0.05280829015544042,6.083607,0.0016,0.098500006,0.34451,0.06216,0.356,142027210752,0.181,29.523,12943287296,0.315,0.227,0.45,0.2202793529903911,-0.018757948025446166,1.0263519566298853,1.3765822818332791,-0.2290778130332124,0.013989854859610228,0.2309555732143903,0.18470131281221994,0.0025201104082715037,0.0006057380456292723,-0.031199179203312527,2.2997835971460456,231,0.06722926930796083,0.14092028878398402
2015-04-29 00:00:00-04:00,21.245399258980882,21.32538977378112,21.149411861774333,21.23740005493164,2552900,0.0,0.0,0.05280829015544042,6.083607,0.0016,0.098500006,0.34451,0.06216,0.356,142027210752,0.181,29.523,12943287296,0.315,0.227,0.45,0.2202793529903911,-0.018757948025446166,1.0263519566298853,1.3765822818332791,-0.2290778130332124,0.013989854859610228,0.2309555732143903,0.18470131281221994,0.0025201104082715037,0.0006057380456292723,-0.031199179203312527,2.2997835971460456,231,0.06722926930796083,0.14092028878398402
2015-04-30 00:00:00-04:00,21.357388588600404,21.47737360918286,21.253400451921244,21.32539176940918,4381800,0.0,0.0,0.05280829015544042,6.083607,0.0016,0.098500006,0.34451,0.06216,0.356,142027210752,0.181,29.523,12943287296,0.315,0.227,0.45,0.2202793529903911,-0.018757948025446166,1.0263519566298853,1.3765822818332791,-0.2290778130332124,0.013989854859610228,0.2309555732143903,0.18470131281221994,0.0025201104082715037,0.0006057380456292723,-0.031199179203312527,2.2997835971460456,231,0.06722926930796083,0.14092028878398402
2015-05-01 00:00:00-04:00,21.397386302888524,21.597361875812716,21.293399676272664,21.5733642578125,2553800,0.0,0.0,0.05280829015544042,6.083607,0.0016,0.098500006,0.34451,0.06216,0.356,142027210752,0.181,29.523,12943287296,0.315,0.227,0.45,0.2202793529903911,-0.018757948025446166,1.0263519566298853,1.3765822818332791,-0.2290778130332124,0.013989854859610228,0.2309555732143903,0.18470131281221994,0.0025201104082715037,0.0006057380456292723,-0.031199179203312527,2.2997835971460456,231,0.06722926930796083,0.14092028878398402
2015-05-04 00:00:00-04:00,21.589354150576206,21.72533754753282,21.525362053519675,21.709339141845703,4119700,0.0,0.0,0.05280829015544042,6.083607,0.0016,0.098500006,0.34451,0.06216,0.356,142027210752,0.181,29.523,12943287296,0.315,0.227,0.45,0.2202793529903911,-0.018757948025446166,1.0263519566298853,1.3765822818332791,-0.2290778130332124,0.013989854859610228,0.2309555732143903,0.18470131281221994,0.0025201104082715037,0.0006057380456292723,-0.031199179203312527,2.2997835971460456,231,0.06722926930796083,0.14092028878398402
2015-05-05 00:00:00-04:00,21.68534426228773,21.76533324377788,21.581356145243298,21.66934585571289,3909600,0.0,0.0,0.05280829015544042,6.083607,0.0016,0.098500006,0.34451,0.06216,0.356,142027210752,0.181,29.523,12943287296,0.315,0.227,0.45,0.2202793529903911,-0.018757948025446166,1.0263519566298853,1.3765822818332791,-0.2290778130332124,0.013989854859610228,0.2309555732143903,0.18470131281221994,0.0025201104082715037,0.0006057380456292723,-0.031199179203312527,2.2997835971460456,231,0.06722926930796083,0.14092028878398402
2015-05-06 00:00:00-04:00,21.693346634987332,21.717342722663414,21.333390062923662,21.461374282836914,4108000,0.0,0.0,0.05280829015544042,6.083607,0.0016,0.098500006,0.34451,0.06216,0.356,142027210752,0.181,29.523,12943287296,0.315,0.227,0.45,0.2202793529903911,-0.018757948025446166,1.0263519566298853,1.3765822818332791,-0.2290778130332124,0.013989854859610228,0.2309555732143903,0.18470131281221994,0.0025201104082715037,0.0006057380456292723,-0.031199179203312527,2.2997835971460456,231,0.06722926930796083,0.14092028878398402
2015-05-07 00:00:00-04:00,21.461378378728604,21.60536103503308,21.389387050576367,21.5573673248291,3653700,0.0,0.0,0.05280829015544042,6.083607,0.0016,0.098500006,0.34451,0.06216,0.356,142027210752,0.181,29.523,12943287296,0.315,0.227,0.45,0.2202793529903911,-0.018757948025446166,1.0263519566298853,1.3765822818332791,-0.2290778130332124,0.013989854859610228,0.2309555732143903,0.18470131281221994,0.0025201104082715037,0.0006057380456292723,-0.031199179203312527,2.2997835971460456,231,0.06722926930796083,0.14092028878398402
2015-05-08 00:00:00-04:00,21.717338344689264,21.797328847432908,21.645347044789176,21.709339141845703,2582600,0.0,0.0,0.05280829015544042,6.083607,0.0016,0.098500006,0.34451,0.06216,0.356,142027210752,0.181,29.523,12943287296,0.315,0.227,0.45,0.2202793529903911,-0.018757948025446166,1.0263519566298853,1.3765822818332791,-0.2290778130332124,0.013989854859610228,0.2309555732143903,0.18470131281221994,0.0025201104082715037,0.0006057380456292723,-0.031199179203312527,2.2997835971460456,231,0.06722926930796083,0.14092028878398402
2015-05-11 00:00:00-04:00,21.63735029881163,21.73333921814169,21.56535899073711,21.645349502563477,2633000,0.0,0.0,0.05280829015544042,6.083607,0.0016,0.098500006,0.34451,0.06216,0.356,142027210752,0.181,29.523,12943287296,0.315,0.227,0.45,0.2202793529903911,-0.018757948025446166,1.0263519566298853,1.3765822818332791,-0.2290778130332124,0.013989854859610228,0.2309555732143903,0.18470131281221994,0.0025201104082715037,0.0006057380456292723,-0.031199179203312527,2.2997835971460456,231,0.06722926930796083,0.14092028878398402
2015-05-12 00:00:00-04:00,21.533369753504676,21.60536108181279,21.437380807196348,21.5733642578125,3547700,0.0,0.0,0.05280829015544042,6.083607,0.0016,0.098500006,0.34451,0.06216,0.356,142027210752,0.181,29.523,12943287296,0.315,0.227,0.45,0.2202793529903911,-0.018757948025446166,1.0263519566298853,1.3765822818332791,-0.2290778130332124,0.013989854859610228,0.2309555732143903,0.18470131281221994,0.0025201104082715037,0.0006057380456292723,-0.031199179203312527,2.2997835971460456,231,0.06722926930796083,0.14092028878398402
2015-05-13 00:00:00-04:00,21.56536378883552,21.653353523990653,21.445378757246445,21.597360610961914,2180000,0.0,0.0,0.05280829015544042,6.083607,0.0016,0.098500006,0.34451,0.06216,0.356,142027210752,0.181,29.523,12943287296,0.315,0.227,0.45,0.2202793529903911,-0.018757948025446166,1.0263519566298853,1.3765822818332791,-0.2290778130332124,0.013989854859610228,0.2309555732143903,0.18470131281221994,0.0025201104082715037,0.0006057380456292723,-0.031199179203312527,2.2997835971460456,231,0.06722926930796083,0.14092028878398402
2015-05-14 00:00:00-04:00,21.709339610918917,21.91731431226933,21.5973538200733,21.90931510925293,2926600,0.0,0.0,0.05280829015544042,6.083607,0.0016,0.098500006,0.34451,0.06216,0.356,142027210752,0.181,29.523,12943287296,0.315,0.227,0.45,0.2202793529903911,-0.018757948025446166,1.0263519566298853,1.3765822818332791,-0.2290778130332124,0.013989854859610228,0.2309555732143903,0.18470131281221994,0.0025201104082715037,0.0006057380456292723,-0.031199179203312527,2.2997835971460456,231,0.06722926930796083,0.14092028878398402
2015-05-15 00:00:00-04:00,21.92531270624082,22.037298492954154,21.733336418007138,21.781330108642578,5154100,0.0,0.0,0.05280829015544042,6.083607,0.0016,0.098500006,0.34451,0.06216,0.356,142027210752,0.181,29.523,12943287296,0.315,0.227,0.45,0.2202793529903911,-0.018757948025446166,1.0263519566298853,1.3765822818332791,-0.2290778130332124,0.013989854859610228,0.2309555732143903,0.18470131281221994,0.0025201104082715037,0.0006057380456292723,-0.031199179203312527,2.2997835971460456,231,0.06722926930796083,0.14092028878398402
2015-05-18 00:00:00-04:00,21.79732894897461,21.837323437686777,21.693342362907813,21.79732894897461,3068300,0.0,0.0,0.05280829015544042,6.083607,0.0016,0.098500006,0.34451,0.06216,0.356,142027210752,0.181,29.523,12943287296,0.315,0.227,0.45,0.2202793529903911,-0.018757948025446166,1.0263519566298853,1.3765822818332791,-0.2290778130332124,0.013989854859610228,0.2309555732143903,0.18470131281221994,0.0025201104082715037,0.0006057380456292723,-0.031199179203312527,2.2997835971460456,231,0.06722926930796083,0.14092028878398402
2015-05-19 00:00:00-04:00,21.8453230757754,21.853322278815586,21.717338878516404,21.81332778930664,2889800,0.0,0.0,0.05280829015544042,6.083607,0.0016,0.098500006,0.34451,0.06216,0.356,142027210752,0.181,29.523,12943287296,0.315,0.227,0.45,0.2202793529903911,-0.018757948025446166,1.0263519566298853,1.3765822818332791,-0.2290778130332124,0.013989854859610228,0.2309555732143903,0.18470131281221994,0.0025201104082715037,0.0006057380456292723,-0.031199179203312527,2.2997835971460456,231,0.06722926930796083,0.14092028878398402
2015-05-20 00:00:00-04:00,21.925318114040866,21.957314932817674,21.76533707154143,21.85332679748535,3617000,0.0,0.0,0.05280829015544042,6.083607,0.0016,0.098500006,0.34451,0.06216,0.356,142027210752,0.181,29.523,12943287296,0.315,0.227,0.45,0.2202793529903911,-0.018757948025446166,1.0263519566298853,1.3765822818332791,-0.2290778130332124,0.013989854859610228,0.2309555732143903,0.18470131281221994,0.0025201104082715037,0.0006057380456292723,-0.031199179203312527,2.2997835971460456,231,0.06722926930796083,0.14092028878398402
2015-05-21 00:00:00-04:00,21.781332326549162,21.933314142344333,21.725339427490958,21.877321243286133,2413400,0.0,0.0,0.05280829015544042,6.083607,0.0016,0.098500006,0.34451,0.06216,0.356,142027210752,0.181,29.523,12943287296,0.315,0.227,0.45,0.2202793529903911,-0.018757948025446166,1.0263519566298853,1.3765822818332791,-0.2290778130332124,0.013989854859610228,0.2309555732143903,0.18470131281221994,0.0025201104082715037,0.0006057380456292723,-0.031199179203312527,2.2997835971460456,231,0.06722926930796083,0.14092028878398402
2015-05-22 00:00:00-04:00,21.877323930104776,21.997308946492648,21.8053326151336,21.821331024169922,2635400,0.0,0.0,0.05280829015544042,6.083607,0.0016,0.098500006,0.34451,0.06216,0.356,142027210752,0.181,29.523,12943287296,0.315,0.227,0.45,0.2202793529903911,-0.018757948025446166,1.0263519566298853,1.3765822818332791,-0.2290778130332124,0.013989854859610228,0.2309555732143903,0.18470131281221994,0.0025201104082715037,0.0006057380456292723,-0.031199179203312527,2.2997835971460456,231,0.06722926930796083,0.14092028878398402
2015-05-26 00:00:00-04:00,21.78933490604324,21.861326223327016,21.653351476250812,21.677349090576172,4486000,0.0,0.0,0.05280829015544042,6.083607,0.0016,0.098500006,0.34451,0.06216,0.356,142027210752,0.181,29.523,12943287296,0.315,0.227,0.45,0.2202793529903911,-0.018757948025446166,1.0263519566298853,1.3765822818332791,-0.2290778130332124,0.013989854859610228,0.2309555732143903,0.18470131281221994,0.0025201104082715037,0.0006057380456292723,-0.031199179203312527,2.2997835971460456,231,0.06722926930796083,0.14092028878398402
2015-05-27 00:00:00-04:00,21.773331774105717,21.837323872735215,21.661345982927088,21.81332778930664,1800000,0.0,0.0,0.05280829015544042,6.083607,0.0016,0.098500006,0.34451,0.06216,0.356,142027210752,0.181,29.523,12943287296,0.315,0.227,0.45,0.2202793529903911,-0.018757948025446166,1.0263519566298853,1.3765822818332791,-0.2290778130332124,0.013989854859610228,0.2309555732143903,0.18470131281221994,0.0025201104082715037,0.0006057380456292723,-0.031199179203312527,2.2997835971460456,231,0.06722926930796083,0.14092028878398402
2015-05-28 00:00:00-04:00,21.74133517807728,21.94131066496071,21.72533677296055,21.933311462402344,6090300,0.0,0.0,0.05280829015544042,6.083607,0.0016,0.098500006,0.34451,0.06216,0.356,142027210752,0.181,29.523,12943287296,0.315,0.227,0.45,0.2202793529903911,-0.018757948025446166,1.0263519566298853,1.3765822818332791,-0.2290778130332124,0.013989854859610228,0.2309555732143903,0.18470131281221994,0.0025201104082715037,0.0006057380456292723,-0.031199179203312527,2.2997835971460456,231,0.06722926930796083,0.14092028878398402
2015-05-29 00:00:00-04:00,21.893317524048065,21.941311214909298,21.765331805598233,21.869319915771484,10815700,0.0,0.0,0.05280829015544042,6.083607,0.0016,0.098500006,0.34451,0.06216,0.356,142027210752,0.181,29.523,12943287296,0.315,0.227,0.45,0.2202793529903911,-0.018757948025446166,1.0263519566298853,1.3765822818332791,-0.2290778130332124,0.013989854859610228,0.2309555732143903,0.18470131281221994,0.0025201104082715037,0.0006057380456292723,-0.031199179203312527,2.2997835971460456,231,0.06722926930796083,0.14092028878398402
2015-06-01 00:00:00-04:00,21.941311214909298,21.99730410852939,21.837323104736047,21.869319915771484,4661700,0.0,0.0,0.05280829015544042,6.083607,0.0016,0.098500006,0.34451,0.06216,0.356,142027210752,0.181,29.523,12943287296,0.315,0.227,0.45,0.2202793529903911,-0.018757948025446166,1.0263519566298853,1.3765822818332791,-0.2290778130332124,0.013989854859610228,0.2309555732143903,0.18470131281221994,0.0025201104082715037,0.0006057380456292723,-0.031199179203312527,2.2997835971460456,231,0.06722926930796083,0.14092028878398402
2015-06-02 00:00:00-04:00,21.789335592139565,22.013308755818414,21.789335592139565,21.901321411132812,4569700,0.0,0.0,0.05280829015544042,6.083607,0.0016,0.098500006,0.34451,0.06216,0.356,142027210752,0.181,29.523,12943287296,0.315,0.227,0.45,0.2202793529903911,-0.018757948025446166,1.0263519566298853,1.3765822818332791,-0.2290778130332124,0.013989854859610228,0.2309555732143903,0.18470131281221994,0.0025201104082715037,0.0006057380456292723,-0.031199179203312527,2.2997835971460456,231,0.06722926930796083,0.14092028878398402
2015-06-03 00:00:00-04:00,21.981309976115494,22.069299697875977,21.877323371419468,22.069299697875977,2999300,0.0,0.0,0.05280829015544042,6.083607,0.0016,0.098500006,0.34451,0.06216,0.356,142027210752,0.181,29.523,12943287296,0.315,0.227,0.45,0.2202793529903911,-0.018757948025446166,1.0263519566298853,1.3765822818332791,-0.2290778130332124,0.013989854859610228,0.2309555732143903,0.18470131281221994,0.0025201104082715037,0.0006057380456292723,-0.031199179203312527,2.2997835971460456,231,0.06722926930796083,0.14092028878398402
2015-06-04 00:00:00-04:00,21.949311189605822,22.021302491275506,21.773331774105717,21.81332778930664,4997700,0.0,0.0,0.05280829015544042,6.083607,0.0016,0.098500006,0.34451,0.06216,0.356,142027210752,0.181,29.523,12943287296,0.315,0.227,0.45,0.2202793529903911,-0.018757948025446166,1.0263519566298853,1.3765822818332791,-0.2290778130332124,0.013989854859610228,0.2309555732143903,0.18470131281221994,0.0025201104082715037,0.0006057380456292723,-0.031199179203312527,2.2997835971460456,231,0.06722926930796083,0.14092028878398402
2015-06-05 00:00:00-04:00,21.90132028393416,21.957314716241267,21.749339973320282,21.845327377319336,6964300,0.0,0.0,0.05280829015544042,6.083607,0.0016,0.098500006,0.34451,0.06216,0.356,142027210752,0.181,29.523,12943287296,0.315,0.227,0.45,0.2202793529903911,-0.018757948025446166,1.0263519566298853,1.3765822818332791,-0.2290778130332124,0.013989854859610228,0.2309555732143903,0.18470131281221994,0.0025201104082715037,0.0006057380456292723,-0.031199179203312527,2.2997835971460456,231,0.06722926930796083,0.14092028878398402
2015-06-08 00:00:00-04:00,21.80533480197504,21.89332453480696,21.645353746951987,21.661352157592773,5832100,0.0,0.0,0.05280829015544042,6.083607,0.0016,0.098500006,0.34451,0.06216,0.356,142027210752,0.181,29.523,12943287296,0.315,0.227,0.45,0.2202793529903911,-0.018757948025446166,1.0263519566298853,1.3765822818332791,-0.2290778130332124,0.013989854859610228,0.2309555732143903,0.18470131281221994,0.0025201104082715037,0.0006057380456292723,-0.031199179203312527,2.2997835971460456,231,0.06722926930796083,0.14092028878398402
2015-06-09 00:00:00-04:00,21.621359708375785,21.653355007001043,21.50137314287653,21.581363677978516,5192200,0.0,0.0,0.05280829015544042,6.083607,0.0016,0.098500006,0.34451,0.06216,0.356,142027210752,0.181,29.523,12943287296,0.315,0.227,0.45,0.2202793529903911,-0.018757948025446166,1.0263519566298853,1.3765822818332791,-0.2290778130332124,0.013989854859610228,0.2309555732143903,0.18470131281221994,0.0025201104082715037,0.0006057380456292723,-0.031199179203312527,2.2997835971460456,231,0.06722926930796083,0.14092028878398402
2015-06-10 00:00:00-04:00,21.68534286941165,22.06929544839392,21.637347652769922,22.05329704284668,5261700,0.0,0.0,0.05280829015544042,6.083607,0.0016,0.098500006,0.34451,0.06216,0.356,142027210752,0.181,29.523,12943287296,0.315,0.227,0.45,0.2202793529903911,-0.018757948025446166,1.0263519566298853,1.3765822818332791,-0.2290778130332124,0.013989854859610228,0.2309555732143903,0.18470131281221994,0.0025201104082715037,0.0006057380456292723,-0.031199179203312527,2.2997835971460456,231,0.06722926930796083,0.14092028878398402
2015-06-11 00:00:00-04:00,22.077299121149895,22.29327306269006,22.029305420482828,22.261276245117188,2410100,0.0,0.0,0.05280829015544042,6.083607,0.0016,0.098500006,0.34451,0.06216,0.356,142027210752,0.181,29.523,12943287296,0.315,0.227,0.45,0.2202793529903911,-0.018757948025446166,1.0263519566298853,1.3765822818332791,-0.2290778130332124,0.013989854859610228,0.2309555732143903,0.18470131281221994,0.0025201104082715037,0.0006057380456292723,-0.031199179203312527,2.2997835971460456,231,0.06722926930796083,0.14092028878398402
2015-06-12 00:00:00-04:00,22.213285446166992,22.253279947665316,22.093300415979584,22.213285446166992,2001300,0.0,0.0,0.05280829015544042,6.083607,0.0016,0.098500006,0.34451,0.06216,0.356,142027210752,0.181,29.523,12943287296,0.315,0.227,0.45,0.2202793529903911,-0.018757948025446166,1.0263519566298853,1.3765822818332791,-0.2290778130332124,0.013989854859610228,0.2309555732143903,0.18470131281221994,0.0025201104082715037,0.0006057380456292723,-0.031199179203312527,2.2997835971460456,231,0.06722926930796083,0.14092028878398402
2015-06-15 00:00:00-04:00,22.04530208493433,22.173286302572006,21.981309976115494,22.069299697875977,3370500,0.0,0.0,0.05280829015544042,6.083607,0.0016,0.098500006,0.34451,0.06216,0.356,142027210752,0.181,29.523,12943287296,0.315,0.227,0.45,0.2202793529903911,-0.018757948025446166,1.0263519566298853,1.3765822818332791,-0.2290778130332124,0.013989854859610228,0.2309555732143903,0.18470131281221994,0.0025201104082715037,0.0006057380456292723,-0.031199179203312527,2.2997835971460456,231,0.06722926930796083,0.14092028878398402
2015-06-16 00:00:00-04:00,22.037299007978152,22.22927682639038,21.981306113312897,22.165283203125,2028900,0.0,0.0,0.05280829015544042,6.083607,0.0016,0.098500006,0.34451,0.06216,0.356,142027210752,0.181,29.523,12943287296,0.315,0.227,0.45,0.2202793529903911,-0.018757948025446166,1.0263519566298853,1.3765822818332791,-0.2290778130332124,0.013989854859610228,0.2309555732143903,0.18470131281221994,0.0025201104082715037,0.0006057380456292723,-0.031199179203312527,2.2997835971460456,231,0.06722926930796083,0.14092028878398402
2015-06-17 00:00:00-04:00,22.253275998340015,22.349264920870095,22.109293377390983,22.293272018432617,3813400,0.0,0.0,0.05280829015544042,6.083607,0.0016,0.098500006,0.34451,0.06216,0.356,142027210752,0.181,29.523,12943287296,0.315,0.227,0.45,0.2202793529903911,-0.018757948025446166,1.0263519566298853,1.3765822818332791,-0.2290778130332124,0.013989854859610228,0.2309555732143903,0.18470131281221994,0.0025201104082715037,0.0006057380456292723,-0.031199179203312527,2.2997835971460456,231,0.06722926930796083,0.14092028878398402
2015-06-18 00:00:00-04:00,22.389256527815697,22.725215424805413,22.357261241560085,22.693220138549805,3613700,0.0,0.0,0.05280829015544042,6.083607,0.0016,0.098500006,0.34451,0.06216,0.356,142027210752,0.181,29.523,12943287296,0.315,0.227,0.45,0.2202793529903911,-0.018757948025446166,1.0263519566298853,1.3765822818332791,-0.2290778130332124,0.013989854859610228,0.2309555732143903,0.18470131281221994,0.0025201104082715037,0.0006057380456292723,-0.031199179203312527,2.2997835971460456,231,0.06722926930796083,0.14092028878398402
2015-06-19 00:00:00-04:00,22.541240818171058,22.74121633781318,22.45325110130704,22.46125030517578,4440100,0.0,0.0,0.05280829015544042,6.083607,0.0016,0.098500006,0.34451,0.06216,0.356,142027210752,0.181,29.523,12943287296,0.315,0.227,0.45,0.2202793529903911,-0.018757948025446166,1.0263519566298853,1.3765822818332791,-0.2290778130332124,0.013989854859610228,0.2309555732143903,0.18470131281221994,0.0025201104082715037,0.0006057380456292723,-0.031199179203312527,2.2997835971460456,231,0.06722926930796083,0.14092028878398402
2015-06-22 00:00:00-04:00,22.701223373413086,22.749218603084337,22.597236760510057,22.701223373413086,3458200,0.0,0.0,0.05280829015544042,6.083607,0.0016,0.098500006,0.34451,0.06216,0.356,142027210752,0.181,29.523,12943287296,0.315,0.227,0.45,0.2202793529903911,-0.018757948025446166,1.0263519566298853,1.3765822818332791,-0.2290778130332124,0.013989854859610228,0.2309555732143903,0.18470131281221994,0.0025201104082715037,0.0006057380456292723,-0.031199179203312527,2.2997835971460456,231,0.06722926930796083,0.14092028878398402
2015-06-23 00:00:00-04:00,22.701221070940708,22.797209994855187,22.62923128512008,22.75721549987793,2761800,0.0,0.0,0.05280829015544042,6.083607,0.0016,0.098500006,0.34451,0.06216,0.356,142027210752,0.181,29.523,12943287296,0.315,0.227,0.45,0.2202793529903911,-0.018757948025446166,1.0263519566298853,1.3765822818332791,-0.2290778130332124,0.013989854859610228,0.2309555732143903,0.18470131281221994,0.0025201104082715037,0.0006057380456292723,-0.031199179203312527,2.2997835971460456,231,0.06722926930796083,0.14092028878398402
2015-06-24 00:00:00-04:00,22.7492182582291,22.773214347008626,22.525245100235495,22.589237213134766,2557400,0.0,0.0,0.05280829015544042,6.083607,0.0016,0.098500006,0.34451,0.06216,0.356,142027210752,0.181,29.523,12943287296,0.315,0.227,0.45,0.2202793529903911,-0.018757948025446166,1.0263519566298853,1.3765822818332791,-0.2290778130332124,0.013989854859610228,0.2309555732143903,0.18470131281221994,0.0025201104082715037,0.0006057380456292723,-0.031199179203312527,2.2997835971460456,231,0.06722926930796083,0.14092028878398402
2015-06-25 00:00:00-04:00,22.581234968763837,22.637227869302237,22.389258655907,22.533241271972656,3746300,0.0,0.0,0.05280829015544042,6.083607,0.0016,0.098500006,0.34451,0.06216,0.356,142027210752,0.181,29.523,12943287296,0.315,0.227,0.45,0.2202793529903911,-0.018757948025446166,1.0263519566298853,1.3765822818332791,-0.2290778130332124,0.013989854859610228,0.2309555732143903,0.18470131281221994,0.0025201104082715037,0.0006057380456292723,-0.031199179203312527,2.2997835971460456,231,0.06722926930796083,0.14092028878398402
2015-06-26 00:00:00-04:00,22.61323045437557,22.733215452145956,22.5652352347138,22.65322494506836,3323200,0.0,0.0,0.05280829015544042,6.083607,0.0016,0.098500006,0.34451,0.06216,0.356,142027210752,0.181,29.523,12943287296,0.315,0.227,0.45,0.2202793529903911,-0.018757948025446166,1.0263519566298853,1.3765822818332791,-0.2290778130332124,0.013989854859610228,0.2309555732143903,0.18470131281221994,0.0025201104082715037,0.0006057380456292723,-0.031199179203312527,2.2997835971460456,231,0.06722926930796083,0.14092028878398402
2015-06-29 00:00:00-04:00,22.397261154303273,22.525245381701048,22.221283223054417,22.24527931213379,3361000,0.0,0.0,0.05280829015544042,6.083607,0.0016,0.098500006,0.34451,0.06216,0.356,142027210752,0.181,29.523,12943287296,0.315,0.227,0.45,0.2202793529903911,-0.018757948025446166,1.0263519566298853,1.3765822818332791,-0.2290778130332124,0.013989854859610228,0.2309555732143903,0.18470131281221994,0.0025201104082715037,0.0006057380456292723,-0.031199179203312527,2.2997835971460456,231,0.06722926930796083,0.14092028878398402
2015-06-30 00:00:00-04:00,22.469250982264132,22.517244682931203,22.21328254445012,22.261276245117188,3367000,0.0,0.0,0.05280829015544042,6.083607,0.0016,0.098500006,0.34451,0.06216,0.356,142027210752,0.181,29.523,12943287296,0.315,0.227,0.45,0.2202793529903911,-0.018757948025446166,1.0263519566298853,1.3765822818332791,-0.2290778130332124,0.013989854859610228,0.2309555732143903,0.18470131281221994,0.0025201104082715037,0.0006057380456292723,-0.031199179203312527,2.2997835971460456,231,0.06722926930796083,0.14092028878398402
2015-07-01 00:00:00-04:00,23.02118098476174,23.02118098476174,22.62922917293856,22.74921417236328,5053900,0.0,0.0,0.05280829015544042,6.083607,0.0016,0.098500006,0.34451,0.06216,0.356,142027210752,0.181,29.523,12943287296,0.315,0.227,0.45,0.2202793529903911,-0.018757948025446166,1.0263519566298853,1.3765822818332791,-0.2290778130332124,0.013989854859610228,0.2309555732143903,0.18470131281221994,0.0025201104082715037,0.0006057380456292723,-0.031199179203312527,2.2997835971460456,231,0.06722926930796083,0.14092028878398402
2015-07-02 00:00:00-04:00,22.79721196148047,22.869203279203692,22.533244305059444,22.589237213134766,3268900,0.0,0.0,0.05280829015544042,6.083607,0.0016,0.098500006,0.34451,0.06216,0.356,142027210752,0.181,29.523,12943287296,0.315,0.227,0.45,0.2202793529903911,-0.018757948025446166,1.0263519566298853,1.3765822818332791,-0.2290778130332124,0.013989854859610228,0.2309555732143903,0.18470131281221994,0.0025201104082715037,0.0006057380456292723,-0.031199179203312527,2.2997835971460456,231,0.06722926930796083,0.14092028878398402
2015-07-06 00:00:00-04:00,22.349267509977963,22.741219398139126,22.333269100087545,22.701223373413086,3498000,0.0,0.0,0.05280829015544042,6.083607,0.0016,0.098500006,0.34451,0.06216,0.356,142027210752,0.181,29.523,12943287296,0.315,0.227,0.45,0.2202793529903911,-0.018757948025446166,1.0263519566298853,1.3765822818332791,-0.2290778130332124,0.013989854859610228,0.2309555732143903,0.18470131281221994,0.0025201104082715037,0.0006057380456292723,-0.031199179203312527,2.2997835971460456,231,0.06722926930796083,0.14092028878398402
2015-07-07 00:00:00-04:00,22.733222498457113,23.197165752478995,22.59723905198385,23.15717124938965,5553400,0.0,0.0,0.05280829015544042,6.083607,0.0016,0.098500006,0.34451,0.06216,0.356,142027210752,0.181,29.523,12943287296,0.315,0.227,0.45,0.2202793529903911,-0.018757948025446166,1.0263519566298853,1.3765822818332791,-0.2290778130332124,0.013989854859610228,0.2309555732143903,0.18470131281221994,0.0025201104082715037,0.0006057380456292723,-0.031199179203312527,2.2997835971460456,231,0.06722926930796083,0.14092028878398402
2015-07-08 00:00:00-04:00,23.037176683693527,23.21315609779866,22.893195607187465,22.97318458557129,4226900,0.0,0.0,0.05280829015544042,6.083607,0.0016,0.098500006,0.34451,0.06216,0.356,142027210752,0.181,29.523,12943287296,0.315,0.227,0.45,0.2202793529903911,-0.018757948025446166,1.0263519566298853,1.3765822818332791,-0.2290778130332124,0.013989854859610228,0.2309555732143903,0.18470131281221994,0.0025201104082715037,0.0006057380456292723,-0.031199179203312527,2.2997835971460456,231,0.06722926930796083,0.14092028878398402
2015-07-09 00:00:00-04:00,23.253154272609624,23.3011479723853,23.077176356304,23.221158981323242,5223700,0.0,0.0,0.05280829015544042,6.083607,0.0016,0.098500006,0.34451,0.06216,0.356,142027210752,0.181,29.523,12943287296,0.315,0.227,0.45,0.2202793529903911,-0.018757948025446166,1.0263519566298853,1.3765822818332791,-0.2290778130332124,0.013989854859610228,0.2309555732143903,0.18470131281221994,0.0025201104082715037,0.0006057380456292723,-0.031199179203312527,2.2997835971460456,231,0.06722926930796083,0.14092028878398402
2015-07-10 00:00:00-04:00,23.445128837700146,23.57311304462407,23.405134345170953,23.50912094116211,3833100,0.0,0.0,0.05280829015544042,6.083607,0.0016,0.098500006,0.34451,0.06216,0.356,142027210752,0.181,29.523,12943287296,0.315,0.227,0.45,0.2202793529903911,-0.018757948025446166,1.0263519566298853,1.3765822818332791,-0.2290778130332124,0.013989854859610228,0.2309555732143903,0.18470131281221994,0.0025201104082715037,0.0006057380456292723,-0.031199179203312527,2.2997835971460456,231,0.06722926930796083,0.14092028878398402
2015-07-13 00:00:00-04:00,23.7011011661015,24.253034103177576,23.621112167831864,23.781091690063477,3499200,0.0,0.0,0.05280829015544042,6.083607,0.0016,0.098500006,0.34451,0.06216,0.356,142027210752,0.181,29.523,12943287296,0.315,0.227,0.45,0.2202793529903911,-0.018757948025446166,1.0263519566298853,1.3765822818332791,-0.2290778130332124,0.013989854859610228,0.2309555732143903,0.18470131281221994,0.0025201104082715037,0.0006057380456292723,-0.031199179203312527,2.2997835971460456,231,0.06722926930796083,0.14092028878398402
2015-07-14 00:00:00-04:00,23.71709684929346,23.853080266687197,23.70109844120192,23.82108497619629,3113600,0.0,0.0,0.05280829015544042,6.083607,0.0016,0.098500006,0.34451,0.06216,0.356,142027210752,0.181,29.523,12943287296,0.315,0.227,0.45,0.2202793529903911,-0.018757948025446166,1.0263519566298853,1.3765822818332791,-0.2290778130332124,0.013989854859610228,0.2309555732143903,0.18470131281221994,0.0025201104082715037,0.0006057380456292723,-0.031199179203312527,2.2997835971460456,231,0.06722926930796083,0.14092028878398402
2015-07-15 00:00:00-04:00,23.78908628082418,24.053053890714096,23.717094975791287,24.00506019592285,4031800,0.0,0.0,0.05280829015544042,6.083607,0.0016,0.098500006,0.34451,0.06216,0.356,142027210752,0.181,29.523,12943287296,0.315,0.227,0.45,0.2202793529903911,-0.018757948025446166,1.0263519566298853,1.3765822818332791,-0.2290778130332124,0.013989854859610228,0.2309555732143903,0.18470131281221994,0.0025201104082715037,0.0006057380456292723,-0.031199179203312527,2.2997835971460456,231,0.06722926930796083,0.14092028878398402
2015-07-16 00:00:00-04:00,24.229038160857318,24.317026364625796,24.01306420255838,24.141048431396484,7075100,0.0,0.0,0.05280829015544042,6.083607,0.0016,0.098500006,0.34451,0.06216,0.356,142027210752,0.181,29.523,12943287296,0.315,0.227,0.45,0.2202793529903911,-0.018757948025446166,1.0263519566298853,1.3765822818332791,-0.2290778130332124,0.013989854859610228,0.2309555732143903,0.18470131281221994,0.0025201104082715037,0.0006057380456292723,-0.031199179203312527,2.2997835971460456,231,0.06722926930796083,0.14092028878398402
2015-07-17 00:00:00-04:00,24.15704464435818,25.100927864770625,24.109049418639756,25.020938873291016,9790600,0.0,0.0,0.05280829015544042,6.083607,0.0016,0.098500006,0.34451,0.06216,0.356,142027210752,0.181,29.523,12943287296,0.315,0.227,0.45,0.2202793529903911,-0.018757948025446166,1.0263519566298853,1.3765822818332791,-0.2290778130332124,0.013989854859610228,0.2309555732143903,0.18470131281221994,0.0025201104082715037,0.0006057380456292723,-0.031199179203312527,2.2997835971460456,231,0.06722926930796083,0.14092028878398402
2015-07-20 00:00:00-04:00,24.732970391277405,25.132921399205117,24.53299488731355,24.6049861907959,8144000,0.0,0.0,0.05280829015544042,6.083607,0.0016,0.098500006,0.34451,0.06216,0.356,142027210752,0.181,29.523,12943287296,0.315,0.227,0.45,0.2202793529903911,-0.018757948025446166,1.0263519566298853,1.3765822818332791,-0.2290778130332124,0.013989854859610228,0.2309555732143903,0.18470131281221994,0.0025201104082715037,0.0006057380456292723,-0.031199179203312527,2.2997835971460456,231,0.06722926930796083,0.14092028878398402
2015-07-21 00:00:00-04:00,24.6209862722574,24.708974462516807,24.301024223594435,24.41301155090332,4897300,0.0,0.0,0.05280829015544042,6.083607,0.0016,0.098500006,0.34451,0.06216,0.356,142027210752,0.181,29.523,12943287296,0.315,0.227,0.45,0.2202793529903911,-0.018757948025446166,1.0263519566298853,1.3765822818332791,-0.2290778130332124,0.013989854859610228,0.2309555732143903,0.18470131281221994,0.0025201104082715037,0.0006057380456292723,-0.031199179203312527,2.2997835971460456,231,0.06722926930796083,0.14092028878398402
2015-07-22 00:00:00-04:00,24.42901363832988,24.54899866180633,24.373019203394676,24.493005752563477,3428700,0.0,0.0,0.05280829015544042,6.083607,0.0016,0.098500006,0.34451,0.06216,0.356,142027210752,0.181,29.523,12943287296,0.315,0.227,0.45,0.2202793529903911,-0.018757948025446166,1.0263519566298853,1.3765822818332791,-0.2290778130332124,0.013989854859610228,0.2309555732143903,0.18470131281221994,0.0025201104082715037,0.0006057380456292723,-0.031199179203312527,2.2997835971460456,231,0.06722926930796083,0.14092028878398402
2015-07-23 00:00:00-04:00,24.493004458976998,24.580992657843417,24.37301791614523,24.445009231567383,2813700,0.0,0.0,0.05280829015544042,6.083607,0.0016,0.098500006,0.34451,0.06216,0.356,142027210752,0.181,29.523,12943287296,0.315,0.227,0.45,0.2202793529903911,-0.018757948025446166,1.0263519566298853,1.3765822818332791,-0.2290778130332124,0.013989854859610228,0.2309555732143903,0.18470131281221994,0.0025201104082715037,0.0006057380456292723,-0.031199179203312527,2.2997835971460456,231,0.06722926930796083,0.14092028878398402
2015-07-24 00:00:00-04:00,24.405014038085938,24.493003760134073,24.357020337737964,24.405014038085938,2606200,0.0,0.0,0.05280829015544042,6.083607,0.0016,0.098500006,0.34451,0.06216,0.356,142027210752,0.181,29.523,12943287296,0.315,0.227,0.45,0.2202793529903911,-0.018757948025446166,1.0263519566298853,1.3765822818332791,-0.2290778130332124,0.013989854859610228,0.2309555732143903,0.18470131281221994,0.0025201104082715037,0.0006057380456292723,-0.031199179203312527,2.2997835971460456,231,0.06722926930796083,0.14092028878398402
2015-07-27 00:00:00-04:00,24.23703293984236,24.437008464183283,24.181040037137652,24.373016357421875,2462000,0.0,0.0,0.05280829015544042,6.083607,0.0016,0.098500006,0.34451,0.06216,0.356,142027210752,0.181,29.523,12943287296,0.315,0.227,0.45,0.2202793529903911,-0.018757948025446166,1.0263519566298853,1.3765822818332791,-0.2290778130332124,0.013989854859610228,0.2309555732143903,0.18470131281221994,0.0025201104082715037,0.0006057380456292723,-0.031199179203312527,2.2997835971460456,231,0.06722926930796083,0.14092028878398402
2015-07-28 00:00:00-04:00,24.55699643654935,24.58099252443165,24.25303276737395,24.341022491455078,2906400,0.0,0.0,0.05280829015544042,6.083607,0.0016,0.098500006,0.34451,0.06216,0.356,142027210752,0.181,29.523,12943287296,0.315,0.227,0.45,0.2202793529903911,-0.018757948025446166,1.0263519566298853,1.3765822818332791,-0.2290778130332124,0.013989854859610228,0.2309555732143903,0.18470131281221994,0.0025201104082715037,0.0006057380456292723,-0.031199179203312527,2.2997835971460456,231,0.06722926930796083,0.14092028878398402
2015-07-29 00:00:00-04:00,24.349015100535624,24.469000084523447,24.133041213942434,24.309019088745117,4353100,0.0,0.0,0.05280829015544042,6.083607,0.0016,0.098500006,0.34451,0.06216,0.356,142027210752,0.181,29.523,12943287296,0.315,0.227,0.45,0.2202793529903911,-0.018757948025446166,1.0263519566298853,1.3765822818332791,-0.2290778130332124,0.013989854859610228,0.2309555732143903,0.18470131281221994,0.0025201104082715037,0.0006057380456292723,-0.031199179203312527,2.2997835971460456,231,0.06722926930796083,0.14092028878398402
2015-07-30 00:00:00-04:00,24.26902639023108,24.40500978895124,24.165038277608154,24.38901138305664,3187100,0.0,0.0,0.05280829015544042,6.083607,0.0016,0.098500006,0.34451,0.06216,0.356,142027210752,0.181,29.523,12943287296,0.315,0.227,0.45,0.2202793529903911,-0.018757948025446166,1.0263519566298853,1.3765822818332791,-0.2290778130332124,0.013989854859610228,0.2309555732143903,0.18470131281221994,0.0025201104082715037,0.0006057380456292723,-0.031199179203312527,2.2997835971460456,231,0.06722926930796083,0.14092028878398402
2015-07-31 00:00:00-04:00,24.5409953247772,24.556993732064985,24.373015099639606,24.39701271057129,2272400,0.0,0.0,0.05280829015544042,6.083607,0.0016,0.098500006,0.34451,0.06216,0.356,142027210752,0.181,29.523,12943287296,0.315,0.227,0.45,0.2202793529903911,-0.018757948025446166,1.0263519566298853,1.3765822818332791,-0.2290778130332124,0.013989854859610228,0.2309555732143903,0.18470131281221994,0.0025201104082715037,0.0006057380456292723,-0.031199179203312527,2.2997835971460456,231,0.06722926930796083,0.14092028878398402
2015-08-03 00:00:00-04:00,24.389017613376165,24.493005752563477,24.317026294151823,24.493005752563477,1986100,0.0,0.0,0.05280829015544042,6.083607,0.0016,0.098500006,0.34451,0.06216,0.356,142027210752,0.181,29.523,12943287296,0.315,0.227,0.45,0.2202793529903911,-0.018757948025446166,1.0263519566298853,1.3765822818332791,-0.2290778130332124,0.013989854859610228,0.2309555732143903,0.18470131281221994,0.0025201104082715037,0.0006057380456292723,-0.031199179203312527,2.2997835971460456,231,0.06722926930796083,0.14092028878398402
2015-08-04 00:00:00-04:00,24.26903315378533,24.54899923219689,24.26903315378533,24.429014205932617,3210100,0.0,0.0,0.05280829015544042,6.083607,0.0016,0.098500006,0.34451,0.06216,0.356,142027210752,0.181,29.523,12943287296,0.315,0.227,0.45,0.2202793529903911,-0.018757948025446166,1.0263519566298853,1.3765822818332791,-0.2290778130332124,0.013989854859610228,0.2309555732143903,0.18470131281221994,0.0025201104082715037,0.0006057380456292723,-0.031199179203312527,2.2997835971460456,231,0.06722926930796083,0.14092028878398402
2015-08-05 00:00:00-04:00,24.59699609340995,24.668987423543626,24.421018134023498,24.58899688720703,3063000,0.0,0.0,0.05280829015544042,6.083607,0.0016,0.098500006,0.34451,0.06216,0.356,142027210752,0.181,29.523,12943287296,0.315,0.227,0.45,0.2202793529903911,-0.018757948025446166,1.0263519566298853,1.3765822818332791,-0.2290778130332124,0.013989854859610228,0.2309555732143903,0.18470131281221994,0.0025201104082715037,0.0006057380456292723,-0.031199179203312527,2.2997835971460456,231,0.06722926930796083,0.14092028878398402
2015-08-06 00:00:00-04:00,24.59698608261053,24.66097818049696,24.309020879275614,24.38901138305664,3328200,0.0,0.0,0.05280829015544042,6.083607,0.0016,0.098500006,0.34451,0.06216,0.356,142027210752,0.181,29.523,12943287296,0.315,0.227,0.45,0.2202793529903911,-0.018757948025446166,1.0263519566298853,1.3765822818332791,-0.2290778130332124,0.013989854859610228,0.2309555732143903,0.18470131281221994,0.0025201104082715037,0.0006057380456292723,-0.031199179203312527,2.2997835971460456,231,0.06722926930796083,0.14092028878398402
2015-08-07 00:00:00-04:00,24.31702901774212,24.469010878204028,24.237038484567822,24.453012466430664,2591000,0.0,0.0,0.05280829015544042,6.083607,0.0016,0.098500006,0.34451,0.06216,0.356,142027210752,0.181,29.523,12943287296,0.315,0.227,0.45,0.2202793529903911,-0.018757948025446166,1.0263519566298853,1.3765822818332791,-0.2290778130332124,0.013989854859610228,0.2309555732143903,0.18470131281221994,0.0025201104082715037,0.0006057380456292723,-0.031199179203312527,2.2997835971460456,231,0.06722926930796083,0.14092028878398402
2015-08-10 00:00:00-04:00,24.620986862078183,24.772967160572602,24.588990046168522,24.71697425842285,2406300,0.0,0.0,0.05280829015544042,6.083607,0.0016,0.098500006,0.34451,0.06216,0.356,142027210752,0.181,29.523,12943287296,0.315,0.227,0.45,0.2202793529903911,-0.018757948025446166,1.0263519566298853,1.3765822818332791,-0.2290778130332124,0.013989854859610228,0.2309555732143903,0.18470131281221994,0.0025201104082715037,0.0006057380456292723,-0.031199179203312527,2.2997835971460456,231,0.06722926930796083,0.14092028878398402
2015-08-11 00:00:00-04:00,24.50899828510609,24.836958003033242,24.500999081535664,24.740970611572266,3282700,0.0,0.0,0.05280829015544042,6.083607,0.0016,0.098500006,0.34451,0.06216,0.356,142027210752,0.181,29.523,12943287296,0.315,0.227,0.45,0.2202793529903911,-0.018757948025446166,1.0263519566298853,1.3765822818332791,-0.2290778130332124,0.013989854859610228,0.2309555732143903,0.18470131281221994,0.0025201104082715037,0.0006057380456292723,-0.031199179203312527,2.2997835971460456,231,0.06722926930796083,0.14092028878398402
2015-08-12 00:00:00-04:00,24.50899694319516,24.70097324129815,24.317020645092168,24.676977157592773,2599000,0.0,0.0,0.05280829015544042,6.083607,0.0016,0.098500006,0.34451,0.06216,0.356,142027210752,0.181,29.523,12943287296,0.315,0.227,0.45,0.2202793529903911,-0.018757948025446166,1.0263519566298853,1.3765822818332791,-0.2290778130332124,0.013989854859610228,0.2309555732143903,0.18470131281221994,0.0025201104082715037,0.0006057380456292723,-0.031199179203312527,2.2997835971460456,231,0.06722926930796083,0.14092028878398402
2015-08-13 00:00:00-04:00,24.79696273803711,24.90094932982761,24.508997521244908,24.79696273803711,2651000,0.0,0.0,0.05280829015544042,6.083607,0.0016,0.098500006,0.34451,0.06216,0.356,142027210752,0.181,29.523,12943287296,0.315,0.227,0.45,0.2202793529903911,-0.018757948025446166,1.0263519566298853,1.3765822818332791,-0.2290778130332124,0.013989854859610228,0.2309555732143903,0.18470131281221994,0.0025201104082715037,0.0006057380456292723,-0.031199179203312527,2.2997835971460456,231,0.06722926930796083,0.14092028878398402
2015-08-14 00:00:00-04:00,24.796963387942842,24.91694838952028,24.70097447126565,24.820960998535156,2547000,0.0,0.0,0.05280829015544042,6.083607,0.0016,0.098500006,0.34451,0.06216,0.356,142027210752,0.181,29.523,12943287296,0.315,0.227,0.45,0.2202793529903911,-0.018757948025446166,1.0263519566298853,1.3765822818332791,-0.2290778130332124,0.013989854859610228,0.2309555732143903,0.18470131281221994,0.0025201104082715037,0.0006057380456292723,-0.031199179203312527,2.2997835971460456,231,0.06722926930796083,0.14092028878398402
2015-08-17 00:00:00-04:00,24.71697435905617,24.996940396636937,24.596989350290745,24.988941192626953,1976100,0.0,0.0,0.05280829015544042,6.083607,0.0016,0.098500006,0.34451,0.06216,0.356,142027210752,0.181,29.523,12943287296,0.315,0.227,0.45,0.2202793529903911,-0.018757948025446166,1.0263519566298853,1.3765822818332791,-0.2290778130332124,0.013989854859610228,0.2309555732143903,0.18470131281221994,0.0025201104082715037,0.0006057380456292723,-0.031199179203312527,2.2997835971460456,231,0.06722926930796083,0.14092028878398402
2015-08-18 00:00:00-04:00,24.940950608833866,24.97294590317714,24.812966380076052,24.948949813842773,2639000,0.0,0.0,0.05280829015544042,6.083607,0.0016,0.098500006,0.34451,0.06216,0.356,142027210752,0.181,29.523,12943287296,0.315,0.227,0.45,0.2202793529903911,-0.018757948025446166,1.0263519566298853,1.3765822818332791,-0.2290778130332124,0.013989854859610228,0.2309555732143903,0.18470131281221994,0.0025201104082715037,0.0006057380456292723,-0.031199179203312527,2.2997835971460456,231,0.06722926930796083,0.14092028878398402
2015-08-19 00:00:00-04:00,24.876959121813353,25.252912612558855,24.79696859539939,25.156925201416016,5836500,0.0,0.0,0.05280829015544042,6.083607,0.0016,0.098500006,0.34451,0.06216,0.356,142027210752,0.181,29.523,12943287296,0.315,0.227,0.45,0.2202793529903911,-0.018757948025446166,1.0263519566298853,1.3765822818332791,-0.2290778130332124,0.013989854859610228,0.2309555732143903,0.18470131281221994,0.0025201104082715037,0.0006057380456292723,-0.031199179203312527,2.2997835971460456,231,0.06722926930796083,0.14092028878398402
2015-08-20 00:00:00-04:00,24.95694536381102,25.012938264980644,24.692977739945555,24.70097541809082,3609700,0.0,0.0,0.05280829015544042,6.083607,0.0016,0.098500006,0.34451,0.06216,0.356,142027210752,0.181,29.523,12943287296,0.315,0.227,0.45,0.2202793529903911,-0.018757948025446166,1.0263519566298853,1.3765822818332791,-0.2290778130332124,0.013989854859610228,0.2309555732143903,0.18470131281221994,0.0025201104082715037,0.0006057380456292723,-0.031199179203312527,2.2997835971460456,231,0.06722926930796083,0.14092028878398402
2015-08-21 00:00:00-04:00,24.524999007032402,24.532998211357835,23.96506690979004,23.96506690979004,5532700,0.0,0.0,0.05280829015544042,6.083607,0.0016,0.098500006,0.34451,0.06216,0.356,142027210752,0.181,29.523,12943287296,0.315,0.227,0.45,0.2202793529903911,-0.018757948025446166,1.0263519566298853,1.3765822818332791,-0.2290778130332124,0.013989854859610228,0.2309555732143903,0.18470131281221994,0.0025201104082715037,0.0006057380456292723,-0.031199179203312527,2.2997835971460456,231,0.06722926930796083,0.14092028878398402
2015-08-24 00:00:00-04:00,22.98118231609044,23.637101661240106,21.781329408906842,22.989181518554688,8233700,0.0,0.0,0.05280829015544042,6.083607,0.0016,0.098500006,0.34451,0.06216,0.356,142027210752,0.181,29.523,12943287296,0.315,0.227,0.45,0.2202793529903911,-0.018757948025446166,1.0263519566298853,1.3765822818332791,-0.2290778130332124,0.013989854859610228,0.2309555732143903,0.18470131281221994,0.0025201104082715037,0.0006057380456292723,-0.031199179203312527,2.2997835971460456,231,0.06722926930796083,0.14092028878398402
2015-08-25 00:00:00-04:00,23.397136050814172,23.605110776571134,22.821207097274076,22.837203979492188,5679800,0.0,0.0,0.05280829015544042,6.083607,0.0016,0.098500006,0.34451,0.06216,0.356,142027210752,0.181,29.523,12943287296,0.315,0.227,0.45,0.2202793529903911,-0.018757948025446166,1.0263519566298853,1.3765822818332791,-0.2290778130332124,0.013989854859610228,0.2309555732143903,0.18470131281221994,0.0025201104082715037,0.0006057380456292723,-0.031199179203312527,2.2997835971460456,231,0.06722926930796083,0.14092028878398402
2015-08-26 00:00:00-04:00,23.39714111968926,23.669108010315405,23.037184492186277,23.60511589050293,6306300,0.0,0.0,0.05280829015544042,6.083607,0.0016,0.098500006,0.34451,0.06216,0.356,142027210752,0.181,29.523,12943287296,0.315,0.227,0.45,0.2202793529903911,-0.018757948025446166,1.0263519566298853,1.3765822818332791,-0.2290778130332124,0.013989854859610228,0.2309555732143903,0.18470131281221994,0.0025201104082715037,0.0006057380456292723,-0.031199179203312527,2.2997835971460456,231,0.06722926930796083,0.14092028878398402
2015-08-27 00:00:00-04:00,23.9250718130466,24.30102525274753,23.789088394313552,24.197038650512695,4757000,0.0,0.0,0.05280829015544042,6.083607,0.0016,0.098500006,0.34451,0.06216,0.356,142027210752,0.181,29.523,12943287296,0.315,0.227,0.45,0.2202793529903911,-0.018757948025446166,1.0263519566298853,1.3765822818332791,-0.2290778130332124,0.013989854859610228,0.2309555732143903,0.18470131281221994,0.0025201104082715037,0.0006057380456292723,-0.031199179203312527,2.2997835971460456,231,0.06722926930796083,0.14092028878398402
2015-08-28 00:00:00-04:00,24.157048247786026,24.157048247786026,23.909077454995156,24.03706169128418,3122400,0.0,0.0,0.05280829015544042,6.083607,0.0016,0.098500006,0.34451,0.06216,0.356,142027210752,0.181,29.523,12943287296,0.315,0.227,0.45,0.2202793529903911,-0.018757948025446166,1.0263519566298853,1.3765822818332791,-0.2290778130332124,0.013989854859610228,0.2309555732143903,0.18470131281221994,0.0025201104082715037,0.0006057380456292723,-0.031199179203312527,2.2997835971460456,231,0.06722926930796083,0.14092028878398402
2015-08-31 00:00:00-04:00,24.013062135742622,24.077054244653844,23.869079509269316,23.96506690979004,2922500,0.0,0.0,0.05280829015544042,6.083607,0.0016,0.098500006,0.34451,0.06216,0.356,142027210752,0.181,29.523,12943287296,0.315,0.227,0.45,0.2202793529903911,-0.018757948025446166,1.0263519566298853,1.3765822818332791,-0.2290778130332124,0.013989854859610228,0.2309555732143903,0.18470131281221994,0.0025201104082715037,0.0006057380456292723,-0.031199179203312527,2.2997835971460456,231,0.06722926930796083,0.14092028878398402
2015-09-01 00:00:00-04:00,23.453129375167716,23.645105696471656,23.293149870260525,23.389137268066406,3673200,0.0,0.0,0.05280829015544042,6.083607,0.0016,0.098500006,0.34451,0.06216,0.356,142027210752,0.181,29.523,12943287296,0.315,0.227,0.45,0.2202793529903911,-0.018757948025446166,1.0263519566298853,1.3765822818332791,-0.2290778130332124,0.013989854859610228,0.2309555732143903,0.18470131281221994,0.0025201104082715037,0.0006057380456292723,-0.031199179203312527,2.2997835971460456,231,0.06722926930796083,0.14092028878398402
2015-09-02 00:00:00-04:00,23.67710036379886,23.74109246509188,23.469125653173528,23.73309326171875,3624900,0.0,0.0,0.05280829015544042,6.083607,0.0016,0.098500006,0.34451,0.06216,0.356,142027210752,0.181,29.523,12943287296,0.315,0.227,0.45,0.2202793529903911,-0.018757948025446166,1.0263519566298853,1.3765822818332791,-0.2290778130332124,0.013989854859610228,0.2309555732143903,0.18470131281221994,0.0025201104082715037,0.0006057380456292723,-0.031199179203312527,2.2997835971460456,231,0.06722926930796083,0.14092028878398402
2015-09-03 00:00:00-04:00,23.837078745976743,24.06905105593686,23.709094549340808,23.86107635498047,3127300,0.0,0.0,0.05280829015544042,6.083607,0.0016,0.098500006,0.34451,0.06216,0.356,142027210752,0.181,29.523,12943287296,0.315,0.227,0.45,0.2202793529903911,-0.018757948025446166,1.0263519566298853,1.3765822818332791,-0.2290778130332124,0.013989854859610228,0.2309555732143903,0.18470131281221994,0.0025201104082715037,0.0006057380456292723,-0.031199179203312527,2.2997835971460456,231,0.06722926930796083,0.14092028878398402
2015-09-04 00:00:00-04:00,23.565115191039066,23.685101726884923,23.453129384987925,23.5731143951416,3471500,0.0,0.0,0.05280829015544042,6.083607,0.0016,0.098500006,0.34451,0.06216,0.356,142027210752,0.181,29.523,12943287296,0.315,0.227,0.45,0.2202793529903911,-0.018757948025446166,1.0263519566298853,1.3765822818332791,-0.2290778130332124,0.013989854859610228,0.2309555732143903,0.18470131281221994,0.0025201104082715037,0.0006057380456292723,-0.031199179203312527,2.2997835971460456,231,0.06722926930796083,0.14092028878398402
2015-09-08 00:00:00-04:00,23.933069805162603,24.09305082816762,23.70109747437454,24.053054809570312,4202400,0.0,0.0,0.05280829015544042,6.083607,0.0016,0.098500006,0.34451,0.06216,0.356,142027210752,0.181,29.523,12943287296,0.315,0.227,0.45,0.2202793529903911,-0.018757948025446166,1.0263519566298853,1.3765822818332791,-0.2290778130332124,0.013989854859610228,0.2309555732143903,0.18470131281221994,0.0025201104082715037,0.0006057380456292723,-0.031199179203312527,2.2997835971460456,231,0.06722926930796083,0.14092028878398402
2015-09-09 00:00:00-04:00,24.253031445381122,24.33302196057725,23.709097772878078,23.7410945892334,3171400,0.0,0.0,0.05280829015544042,6.083607,0.0016,0.098500006,0.34451,0.06216,0.356,142027210752,0.181,29.523,12943287296,0.315,0.227,0.45,0.2202793529903911,-0.018757948025446166,1.0263519566298853,1.3765822818332791,-0.2290778130332124,0.013989854859610228,0.2309555732143903,0.18470131281221994,0.0025201104082715037,0.0006057380456292723,-0.031199179203312527,2.2997835971460456,231,0.06722926930796083,0.14092028878398402
2015-09-10 00:00:00-04:00,23.725097309869515,24.093053087001753,23.685102813214648,23.98106575012207,3144600,0.0,0.0,0.05280829015544042,6.083607,0.0016,0.098500006,0.34451,0.06216,0.356,142027210752,0.181,29.523,12943287296,0.315,0.227,0.45,0.2202793529903911,-0.018757948025446166,1.0263519566298853,1.3765822818332791,-0.2290778130332124,0.013989854859610228,0.2309555732143903,0.18470131281221994,0.0025201104082715037,0.0006057380456292723,-0.031199179203312527,2.2997835971460456,231,0.06722926930796083,0.14092028878398402
2015-09-11 00:00:00-04:00,23.877079570712684,24.189040922141874,23.85308195687495,24.181041717529297,2696700,0.0,0.0,0.05280829015544042,6.083607,0.0016,0.098500006,0.34451,0.06216,0.356,142027210752,0.181,29.523,12943287296,0.315,0.227,0.45,0.2202793529903911,-0.018757948025446166,1.0263519566298853,1.3765822818332791,-0.2290778130332124,0.013989854859610228,0.2309555732143903,0.18470131281221994,0.0025201104082715037,0.0006057380456292723,-0.031199179203312527,2.2997835971460456,231,0.06722926930796083,0.14092028878398402
2015-09-14 00:00:00-04:00,24.213039750829466,24.317026364625796,24.085055521991357,24.141048431396484,3611000,0.0,0.0,0.05280829015544042,6.083607,0.0016,0.098500006,0.34451,0.06216,0.356,142027210752,0.181,29.523,12943287296,0.315,0.227,0.45,0.2202793529903911,-0.018757948025446166,1.0263519566298853,1.3765822818332791,-0.2290778130332124,0.013989854859610228,0.2309555732143903,0.18470131281221994,0.0025201104082715037,0.0006057380456292723,-0.031199179203312527,2.2997835971460456,231,0.06722926930796083,0.14092028878398402
2015-09-15 00:00:00-04:00,24.2450379028419,24.501006390687923,24.141051276789153,24.46101188659668,2683500,0.0,0.0,0.05280829015544042,6.083607,0.0016,0.098500006,0.34451,0.06216,0.356,142027210752,0.181,29.523,12943287296,0.315,0.227,0.45,0.2202793529903911,-0.018757948025446166,1.0263519566298853,1.3765822818332791,-0.2290778130332124,0.013989854859610228,0.2309555732143903,0.18470131281221994,0.0025201104082715037,0.0006057380456292723,-0.031199179203312527,2.2997835971460456,231,0.06722926930796083,0.14092028878398402
2015-09-16 00:00:00-04:00,24.548994997714654,24.86895552112652,24.44500687404822,24.78096580505371,4110300,0.0,0.0,0.05280829015544042,6.083607,0.0016,0.098500006,0.34451,0.06216,0.356,142027210752,0.181,29.523,12943287296,0.315,0.227,0.45,0.2202793529903911,-0.018757948025446166,1.0263519566298853,1.3765822818332791,-0.2290778130332124,0.013989854859610228,0.2309555732143903,0.18470131281221994,0.0025201104082715037,0.0006057380456292723,-0.031199179203312527,2.2997835971460456,231,0.06722926930796083,0.14092028878398402
2015-09-17 00:00:00-04:00,24.860958744989112,25.35689874897487,24.812965043213804,25.068933486938477,5661700,0.0,0.0,0.05280829015544042,6.083607,0.0016,0.098500006,0.34451,0.06216,0.356,142027210752,0.181,29.523,12943287296,0.315,0.227,0.45,0.2202793529903911,-0.018757948025446166,1.0263519566298853,1.3765822818332791,-0.2290778130332124,0.013989854859610228,0.2309555732143903,0.18470131281221994,0.0025201104082715037,0.0006057380456292723,-0.031199179203312527,2.2997835971460456,231,0.06722926930796083,0.14092028878398402
2015-09-18 00:00:00-04:00,24.644986070310548,24.94095055219865,24.213039680656863,24.493005752563477,12851400,0.0,0.0,0.05280829015544042,6.083607,0.0016,0.098500006,0.34451,0.06216,0.356,142027210752,0.181,29.523,12943287296,0.315,0.227,0.45,0.2202793529903911,-0.018757948025446166,1.0263519566298853,1.3765822818332791,-0.2290778130332124,0.013989854859610228,0.2309555732143903,0.18470131281221994,0.0025201104082715037,0.0006057380456292723,-0.031199179203312527,2.2997835971460456,231,0.06722926930796083,0.14092028878398402
2015-09-21 00:00:00-04:00,24.780966797766236,24.99694073185559,24.62098729249767,24.732973098754883,3667100,0.0,0.0,0.05280829015544042,6.083607,0.0016,0.098500006,0.34451,0.06216,0.356,142027210752,0.181,29.523,12943287296,0.315,0.227,0.45,0.2202793529903911,-0.018757948025446166,1.0263519566298853,1.3765822818332791,-0.2290778130332124,0.013989854859610228,0.2309555732143903,0.18470131281221994,0.0025201104082715037,0.0006057380456292723,-0.031199179203312527,2.2997835971460456,231,0.06722926930796083,0.14092028878398402
2015-09-22 00:00:00-04:00,24.32502786607748,24.628991582533367,24.32502786607748,24.52500343322754,2866200,0.0,0.0,0.05280829015544042,6.083607,0.0016,0.098500006,0.34451,0.06216,0.356,142027210752,0.181,29.523,12943287296,0.315,0.227,0.45,0.2202793529903911,-0.018757948025446166,1.0263519566298853,1.3765822818332791,-0.2290778130332124,0.013989854859610228,0.2309555732143903,0.18470131281221994,0.0025201104082715037,0.0006057380456292723,-0.031199179203312527,2.2997835971460456,231,0.06722926930796083,0.14092028878398402
2015-09-23 00:00:00-04:00,24.501002435535018,24.63698586346322,24.413014235599558,24.540998458862305,2341900,0.0,0.0,0.05280829015544042,6.083607,0.0016,0.098500006,0.34451,0.06216,0.356,142027210752,0.181,29.523,12943287296,0.315,0.227,0.45,0.2202793529903911,-0.018757948025446166,1.0263519566298853,1.3765822818332791,-0.2290778130332124,0.013989854859610228,0.2309555732143903,0.18470131281221994,0.0025201104082715037,0.0006057380456292723,-0.031199179203312527,2.2997835971460456,231,0.06722926930796083,0.14092028878398402
2015-09-24 00:00:00-04:00,24.373015191953613,24.524997010379057,24.253030188224937,24.485002517700195,3069800,0.0,0.0,0.05280829015544042,6.083607,0.0016,0.098500006,0.34451,0.06216,0.356,142027210752,0.181,29.523,12943287296,0.315,0.227,0.45,0.2202793529903911,-0.018757948025446166,1.0263519566298853,1.3765822818332791,-0.2290778130332124,0.013989854859610228,0.2309555732143903,0.18470131281221994,0.0025201104082715037,0.0006057380456292723,-0.031199179203312527,2.2997835971460456,231,0.06722926930796083,0.14092028878398402
2015-09-25 00:00:00-04:00,24.812965096758905,24.900953295921465,24.397015611962576,24.53299903869629,4121700,0.0,0.0,0.05280829015544042,6.083607,0.0016,0.098500006,0.34451,0.06216,0.356,142027210752,0.181,29.523,12943287296,0.315,0.227,0.45,0.2202793529903911,-0.018757948025446166,1.0263519566298853,1.3765822818332791,-0.2290778130332124,0.013989854859610228,0.2309555732143903,0.18470131281221994,0.0025201104082715037,0.0006057380456292723,-0.031199179203312527,2.2997835971460456,231,0.06722926930796083,0.14092028878398402
2015-09-28 00:00:00-04:00,24.36501993071571,24.548998593607,24.141048294366513,24.221038818359375,3945000,0.0,0.0,0.05280829015544042,6.083607,0.0016,0.098500006,0.34451,0.06216,0.356,142027210752,0.181,29.523,12943287296,0.315,0.227,0.45,0.2202793529903911,-0.018757948025446166,1.0263519566298853,1.3765822818332791,-0.2290778130332124,0.013989854859610228,0.2309555732143903,0.18470131281221994,0.0025201104082715037,0.0006057380456292723,-0.031199179203312527,2.2997835971460456,231,0.06722926930796083,0.14092028878398402
2015-09-29 00:00:00-04:00,24.22903689407019,24.373017999715913,23.91707401760711,24.349021911621094,5105500,0.0,0.0,0.05280829015544042,6.083607,0.0016,0.098500006,0.34451,0.06216,0.356,142027210752,0.181,29.523,12943287296,0.315,0.227,0.45,0.2202793529903911,-0.018757948025446166,1.0263519566298853,1.3765822818332791,-0.2290778130332124,0.013989854859610228,0.2309555732143903,0.18470131281221994,0.0025201104082715037,0.0006057380456292723,-0.031199179203312527,2.2997835971460456,231,0.06722926930796083,0.14092028878398402
2015-09-30 00:00:00-04:00,24.580988266060743,24.612985078617083,24.40501037407687,24.508996963500977,4341100,0.0,0.0,0.05280829015544042,6.083607,0.0016,0.098500006,0.34451,0.06216,0.356,142027210752,0.181,29.523,12943287296,0.315,0.227,0.45,0.2202793529903911,-0.018757948025446166,1.0263519566298853,1.3765822818332791,-0.2290778130332124,0.013989854859610228,0.2309555732143903,0.18470131281221994,0.0025201104082715037,0.0006057380456292723,-0.031199179203312527,2.2997835971460456,231,0.06722926930796083,0.14092028878398402
2015-10-01 00:00:00-04:00,24.572993535979975,24.756972190284838,24.269031389824057,24.53299903869629,3609200,0.0,0.0,0.05280829015544042,6.083607,0.0016,0.098500006,0.34451,0.06216,0.356,142027210752,0.181,29.523,12943287296,0.315,0.227,0.45,0.2202793529903911,-0.018757948025446166,1.0263519566298853,1.3765822818332791,-0.2290778130332124,0.013989854859610228,0.2309555732143903,0.18470131281221994,0.0025201104082715037,0.0006057380456292723,-0.031199179203312527,2.2997835971460456,231,0.06722926930796083,0.14092028878398402
2015-10-02 00:00:00-04:00,24.229033930085755,24.84495735168457,24.06905290912715,24.84495735168457,4147700,0.0,0.0,0.05280829015544042,6.083607,0.0016,0.098500006,0.34451,0.06216,0.356,142027210752,0.181,29.523,12943287296,0.315,0.227,0.45,0.2202793529903911,-0.018757948025446166,1.0263519566298853,1.3765822818332791,-0.2290778130332124,0.013989854859610228,0.2309555732143903,0.18470131281221994,0.0025201104082715037,0.0006057380456292723,-0.031199179203312527,2.2997835971460456,231,0.06722926930796083,0.14092028878398402
2015-10-05 00:00:00-04:00,25.020938578342488,25.140923589839726,24.828962254808467,25.10892677307129,3714700,0.0,0.0,0.05280829015544042,6.083607,0.0016,0.098500006,0.34451,0.06216,0.356,142027210752,0.181,29.523,12943287296,0.315,0.227,0.45,0.2202793529903911,-0.018757948025446166,1.0263519566298853,1.3765822818332791,-0.2290778130332124,0.013989854859610228,0.2309555732143903,0.18470131281221994,0.0025201104082715037,0.0006057380456292723,-0.031199179203312527,2.2997835971460456,231,0.06722926930796083,0.14092028878398402
2015-10-06 00:00:00-04:00,25.036938358767323,25.35690046071476,24.964947038398385,25.060935974121094,3636700,0.0,0.0,0.05280829015544042,6.083607,0.0016,0.098500006,0.34451,0.06216,0.356,142027210752,0.181,29.523,12943287296,0.315,0.227,0.45,0.2202793529903911,-0.018757948025446166,1.0263519566298853,1.3765822818332791,-0.2290778130332124,0.013989854859610228,0.2309555732143903,0.18470131281221994,0.0025201104082715037,0.0006057380456292723,-0.031199179203312527,2.2997835971460456,231,0.06722926930796083,0.14092028878398402
2015-10-07 00:00:00-04:00,25.188919576595822,25.308904598988377,25.084932964040235,25.29290771484375,2343000,0.0,0.0,0.05280829015544042,6.083607,0.0016,0.098500006,0.34451,0.06216,0.356,142027210752,0.181,29.523,12943287296,0.315,0.227,0.45,0.2202793529903911,-0.018757948025446166,1.0263519566298853,1.3765822818332791,-0.2290778130332124,0.013989854859610228,0.2309555732143903,0.18470131281221994,0.0025201104082715037,0.0006057380456292723,-0.031199179203312527,2.2997835971460456,231,0.06722926930796083,0.14092028878398402
2015-10-08 00:00:00-04:00,25.19691607915621,25.724851341616493,25.19691607915621,25.700855255126953,2510100,0.0,0.0,0.05280829015544042,6.083607,0.0016,0.098500006,0.34451,0.06216,0.356,142027210752,0.181,29.523,12943287296,0.315,0.227,0.45,0.2202793529903911,-0.018757948025446166,1.0263519566298853,1.3765822818332791,-0.2290778130332124,0.013989854859610228,0.2309555732143903,0.18470131281221994,0.0025201104082715037,0.0006057380456292723,-0.031199179203312527,2.2997835971460456,231,0.06722926930796083,0.14092028878398402
2015-10-09 00:00:00-04:00,25.67685350940912,25.828836845431752,25.58086612181548,25.660858154296875,3286800,0.0,0.0,0.05280829015544042,6.083607,0.0016,0.098500006,0.34451,0.06216,0.356,142027210752,0.181,29.523,12943287296,0.315,0.227,0.45,0.2202793529903911,-0.018757948025446166,1.0263519566298853,1.3765822818332791,-0.2290778130332124,0.013989854859610228,0.2309555732143903,0.18470131281221994,0.0025201104082715037,0.0006057380456292723,-0.031199179203312527,2.2997835971460456,231,0.06722926930796083,0.14092028878398402
2015-10-12 00:00:00-04:00,25.66086111324188,25.892830405726137,25.604865158356013,25.812841415405273,2071600,0.0,0.0,0.05280829015544042,6.083607,0.0016,0.098500006,0.34451,0.06216,0.356,142027210752,0.181,29.523,12943287296,0.315,0.227,0.45,0.2202793529903911,-0.018757948025446166,1.0263519566298853,1.3765822818332791,-0.2290778130332124,0.013989854859610228,0.2309555732143903,0.18470131281221994,0.0025201104082715037,0.0006057380456292723,-0.031199179203312527,2.2997835971460456,231,0.06722926930796083,0.14092028878398402
2015-10-13 00:00:00-04:00,25.740848882891484,25.916828314913428,25.61286467361668,25.66885757446289,2135100,0.0,0.0,0.05280829015544042,6.083607,0.0016,0.098500006,0.34451,0.06216,0.356,142027210752,0.181,29.523,12943287296,0.315,0.227,0.45,0.2202793529903911,-0.018757948025446166,1.0263519566298853,1.3765822818332791,-0.2290778130332124,0.013989854859610228,0.2309555732143903,0.18470131281221994,0.0025201104082715037,0.0006057380456292723,-0.031199179203312527,2.2997835971460456,231,0.06722926930796083,0.14092028878398402
2015-10-14 00:00:00-04:00,25.636866934571838,25.700860580315812,25.19692129992943,25.244915008544922,2357700,0.0,0.0,0.05280829015544042,6.083607,0.0016,0.098500006,0.34451,0.06216,0.356,142027210752,0.181,29.523,12943287296,0.315,0.227,0.45,0.2202793529903911,-0.018757948025446166,1.0263519566298853,1.3765822818332791,-0.2290778130332124,0.013989854859610228,0.2309555732143903,0.18470131281221994,0.0025201104082715037,0.0006057380456292723,-0.031199179203312527,2.2997835971460456,231,0.06722926930796083,0.14092028878398402
2015-10-15 00:00:00-04:00,25.444885685875946,25.612865922296077,25.23691095424217,25.46088409423828,4150400,0.0,0.0,0.05280829015544042,6.083607,0.0016,0.098500006,0.34451,0.06216,0.356,142027210752,0.181,29.523,12943287296,0.315,0.227,0.45,0.2202793529903911,-0.018757948025446166,1.0263519566298853,1.3765822818332791,-0.2290778130332124,0.013989854859610228,0.2309555732143903,0.18470131281221994,0.0025201104082715037,0.0006057380456292723,-0.031199179203312527,2.2997835971460456,231,0.06722926930796083,0.14092028878398402
2015-10-16 00:00:00-04:00,25.700861696767287,26.140807350521037,25.58887433754306,26.0128231048584,4036400,0.0,0.0,0.05280829015544042,6.083607,0.0016,0.098500006,0.34451,0.06216,0.356,142027210752,0.181,29.523,12943287296,0.315,0.227,0.45,0.2202793529903911,-0.018757948025446166,1.0263519566298853,1.3765822818332791,-0.2290778130332124,0.013989854859610228,0.2309555732143903,0.18470131281221994,0.0025201104082715037,0.0006057380456292723,-0.031199179203312527,2.2997835971460456,231,0.06722926930796083,0.14092028878398402
2015-10-19 00:00:00-04:00,25.956825255952467,26.180796880458235,25.876833210497168,26.14080238342285,2507900,0.0,0.0,0.05280829015544042,6.083607,0.0016,0.098500006,0.34451,0.06216,0.356,142027210752,0.181,29.523,12943287296,0.315,0.227,0.45,0.2202793529903911,-0.018757948025446166,1.0263519566298853,1.3765822818332791,-0.2290778130332124,0.013989854859610228,0.2309555732143903,0.18470131281221994,0.0025201104082715037,0.0006057380456292723,-0.031199179203312527,2.2997835971460456,231,0.06722926930796083,0.14092028878398402
2015-10-20 00:00:00-04:00,26.172797570036312,26.38077077248632,26.172797570036312,26.348773956298828,2021500,0.0,0.0,0.05280829015544042,6.083607,0.0016,0.098500006,0.34451,0.06216,0.356,142027210752,0.181,29.523,12943287296,0.315,0.227,0.45,0.2202793529903911,-0.018757948025446166,1.0263519566298853,1.3765822818332791,-0.2290778130332124,0.013989854859610228,0.2309555732143903,0.18470131281221994,0.0025201104082715037,0.0006057380456292723,-0.031199179203312527,2.2997835971460456,231,0.06722926930796083,0.14092028878398402
2015-10-21 00:00:00-04:00,26.39677082611074,26.4847605504193,26.116806295478526,26.14080238342285,2825000,0.0,0.0,0.05280829015544042,6.083607,0.0016,0.098500006,0.34451,0.06216,0.356,142027210752,0.181,29.523,12943287296,0.315,0.227,0.45,0.2202793529903911,-0.018757948025446166,1.0263519566298853,1.3765822818332791,-0.2290778130332124,0.013989854859610228,0.2309555732143903,0.18470131281221994,0.0025201104082715037,0.0006057380456292723,-0.031199179203312527,2.2997835971460456,231,0.06722926930796083,0.14092028878398402
2015-10-22 00:00:00-04:00,26.276784629146636,26.46876248937923,26.252788540886776,26.436765670776367,2486400,0.0,0.0,0.05280829015544042,6.083607,0.0016,0.098500006,0.34451,0.06216,0.356,142027210752,0.181,29.523,12943287296,0.315,0.227,0.45,0.2202793529903911,-0.018757948025446166,1.0263519566298853,1.3765822818332791,-0.2290778130332124,0.013989854859610228,0.2309555732143903,0.18470131281221994,0.0025201104082715037,0.0006057380456292723,-0.031199179203312527,2.2997835971460456,231,0.06722926930796083,0.14092028878398402
2015-10-23 00:00:00-04:00,26.540753805543382,26.5967467124061,26.348775945310788,26.436765670776367,2894700,0.0,0.0,0.05280829015544042,6.083607,0.0016,0.098500006,0.34451,0.06216,0.356,142027210752,0.181,29.523,12943287296,0.315,0.227,0.45,0.2202793529903911,-0.018757948025446166,1.0263519566298853,1.3765822818332791,-0.2290778130332124,0.013989854859610228,0.2309555732143903,0.18470131281221994,0.0025201104082715037,0.0006057380456292723,-0.031199179203312527,2.2997835971460456,231,0.06722926930796083,0.14092028878398402
2015-10-26 00:00:00-04:00,26.452769246097745,26.636746411916647,26.43677083367195,26.572755813598633,2174000,0.0,0.0,0.05280829015544042,6.083607,0.0016,0.098500006,0.34451,0.06216,0.356,142027210752,0.181,29.523,12943287296,0.315,0.227,0.45,0.2202793529903911,-0.018757948025446166,1.0263519566298853,1.3765822818332791,-0.2290778130332124,0.013989854859610228,0.2309555732143903,0.18470131281221994,0.0025201104082715037,0.0006057380456292723,-0.031199179203312527,2.2997835971460456,231,0.06722926930796083,0.14092028878398402
2015-10-27 00:00:00-04:00,26.39676978612632,26.540752410888672,26.340776882205898,26.540752410888672,3058800,0.0,0.0,0.05280829015544042,6.083607,0.0016,0.098500006,0.34451,0.06216,0.356,142027210752,0.181,29.523,12943287296,0.315,0.227,0.45,0.2202793529903911,-0.018757948025446166,1.0263519566298853,1.3765822818332791,-0.2290778130332124,0.013989854859610228,0.2309555732143903,0.18470131281221994,0.0025201104082715037,0.0006057380456292723,-0.031199179203312527,2.2997835971460456,231,0.06722926930796083,0.14092028878398402
2015-10-28 00:00:00-04:00,26.548749249763084,26.892707392329765,26.444764175133578,26.876708984375,2301800,0.0,0.0,0.05280829015544042,6.083607,0.0016,0.098500006,0.34451,0.06216,0.356,142027210752,0.181,29.523,12943287296,0.315,0.227,0.45,0.2202793529903911,-0.018757948025446166,1.0263519566298853,1.3765822818332791,-0.2290778130332124,0.013989854859610228,0.2309555732143903,0.18470131281221994,0.0025201104082715037,0.0006057380456292723,-0.031199179203312527,2.2997835971460456,231,0.06722926930796083,0.14092028878398402
2015-10-29 00:00:00-04:00,26.828711969042466,27.156671644454356,26.804712835750244,26.908700942993164,2502500,0.0,0.0,0.05280829015544042,6.083607,0.0016,0.098500006,0.34451,0.06216,0.356,142027210752,0.181,29.523,12943287296,0.315,0.227,0.45,0.2202793529903911,-0.018757948025446166,1.0263519566298853,1.3765822818332791,-0.2290778130332124,0.013989854859610228,0.2309555732143903,0.18470131281221994,0.0025201104082715037,0.0006057380456292723,-0.031199179203312527,2.2997835971460456,231,0.06722926930796083,0.14092028878398402
2015-10-30 00:00:00-04:00,26.89270559896773,26.932700090495423,26.484756903170695,26.500755310058594,3852800,0.0,0.0,0.05280829015544042,6.083607,0.0016,0.098500006,0.34451,0.06216,0.356,142027210752,0.181,29.523,12943287296,0.315,0.227,0.45,0.2202793529903911,-0.018757948025446166,1.0263519566298853,1.3765822818332791,-0.2290778130332124,0.013989854859610228,0.2309555732143903,0.18470131281221994,0.0025201104082715037,0.0006057380456292723,-0.031199179203312527,2.2997835971460456,231,0.06722926930796083,0.14092028878398402
2015-11-02 00:00:00-05:00,26.612745787707208,26.932704827589266,26.50875765033783,26.900711059570312,3805500,0.0,0.0,0.05280829015544042,6.083607,0.0016,0.098500006,0.34451,0.06216,0.356,142027210752,0.181,29.523,12943287296,0.315,0.227,0.45,0.2202793529903911,-0.018757948025446166,1.0263519566298853,1.3765822818332791,-0.2290778130332124,0.013989854859610228,0.2309555732143903,0.18470131281221994,0.0025201104082715037,0.0006057380456292723,-0.031199179203312527,2.2997835971460456,231,0.06722926930796083,0.14092028878398402
2015-11-03 00:00:00-05:00,26.83670932714645,26.85270773202333,26.588741680014117,26.700727462768555,3109400,0.0,0.0,0.05280829015544042,6.083607,0.0016,0.098500006,0.34451,0.06216,0.356,142027210752,0.181,29.523,12943287296,0.315,0.227,0.45,0.2202793529903911,-0.018757948025446166,1.0263519566298853,1.3765822818332791,-0.2290778130332124,0.013989854859610228,0.2309555732143903,0.18470131281221994,0.0025201104082715037,0.0006057380456292723,-0.031199179203312527,2.2997835971460456,231,0.06722926930796083,0.14092028878398402
2015-11-04 00:00:00-05:00,26.716735427880586,26.796724429504284,26.49276073084156,26.516759872436523,2482100,0.0,0.0,0.05280829015544042,6.083607,0.0016,0.098500006,0.34451,0.06216,0.356,142027210752,0.181,29.523,12943287296,0.315,0.227,0.45,0.2202793529903911,-0.018757948025446166,1.0263519566298853,1.3765822818332791,-0.2290778130332124,0.013989854859610228,0.2309555732143903,0.18470131281221994,0.0025201104082715037,0.0006057380456292723,-0.031199179203312527,2.2997835971460456,231,0.06722926930796083,0.14092028878398402
2015-11-05 00:00:00-05:00,26.524753893007613,26.62874202188132,25.780844685265723,25.90083122253418,7335200,0.0,0.0,0.05280829015544042,6.083607,0.0016,0.098500006,0.34451,0.06216,0.356,142027210752,0.181,29.523,12943287296,0.315,0.227,0.45,0.2202793529903911,-0.018757948025446166,1.0263519566298853,1.3765822818332791,-0.2290778130332124,0.013989854859610228,0.2309555732143903,0.18470131281221994,0.0025201104082715037,0.0006057380456292723,-0.031199179203312527,2.2997835971460456,231,0.06722926930796083,0.14092028878398402
2015-11-06 00:00:00-05:00,25.428887738633684,25.732848330639676,25.05293278631901,25.6048641204834,7693200,0.0,0.0,0.05280829015544042,6.083607,0.0016,0.098500006,0.34451,0.06216,0.356,142027210752,0.181,29.523,12943287296,0.315,0.227,0.45,0.2202793529903911,-0.018757948025446166,1.0263519566298853,1.3765822818332791,-0.2290778130332124,0.013989854859610228,0.2309555732143903,0.18470131281221994,0.0025201104082715037,0.0006057380456292723,-0.031199179203312527,2.2997835971460456,231,0.06722926930796083,0.14092028878398402
2015-11-09 00:00:00-05:00,25.588871651995436,25.636865357658856,25.068935517846604,25.172922134399414,5092200,0.0,0.0,0.05280829015544042,6.083607,0.0016,0.098500006,0.34451,0.06216,0.356,142027210752,0.181,29.523,12943287296,0.315,0.227,0.45,0.2202793529903911,-0.018757948025446166,1.0263519566298853,1.3765822818332791,-0.2290778130332124,0.013989854859610228,0.2309555732143903,0.18470131281221994,0.0025201104082715037,0.0006057380456292723,-0.031199179203312527,2.2997835971460456,231,0.06722926930796083,0.14092028878398402
2015-11-10 00:00:00-05:00,25.18092129135553,25.396895254965507,24.98894494337746,25.156925201416016,5512500,0.0,0.0,0.05280829015544042,6.083607,0.0016,0.098500006,0.34451,0.06216,0.356,142027210752,0.181,29.523,12943287296,0.315,0.227,0.45,0.2202793529903911,-0.018757948025446166,1.0263519566298853,1.3765822818332791,-0.2290778130332124,0.013989854859610228,0.2309555732143903,0.18470131281221994,0.0025201104082715037,0.0006057380456292723,-0.031199179203312527,2.2997835971460456,231,0.06722926930796083,0.14092028878398402
2015-11-11 00:00:00-05:00,25.22091172798516,25.38889042310412,25.10092520210927,25.260906219482422,2602300,0.0,0.0,0.05280829015544042,6.083607,0.0016,0.098500006,0.34451,0.06216,0.356,142027210752,0.181,29.523,12943287296,0.315,0.227,0.45,0.2202793529903911,-0.018757948025446166,1.0263519566298853,1.3765822818332791,-0.2290778130332124,0.013989854859610228,0.2309555732143903,0.18470131281221994,0.0025201104082715037,0.0006057380456292723,-0.031199179203312527,2.2997835971460456,231,0.06722926930796083,0.14092028878398402
2015-11-12 00:00:00-05:00,25.12492525354605,25.220914178434576,24.820963121834744,24.828962326049805,3150200,0.0,0.0,0.05280829015544042,6.083607,0.0016,0.098500006,0.34451,0.06216,0.356,142027210752,0.181,29.523,12943287296,0.315,0.227,0.45,0.2202793529903911,-0.018757948025446166,1.0263519566298853,1.3765822818332791,-0.2290778130332124,0.013989854859610228,0.2309555732143903,0.18470131281221994,0.0025201104082715037,0.0006057380456292723,-0.031199179203312527,2.2997835971460456,231,0.06722926930796083,0.14092028878398402
2015-11-13 00:00:00-05:00,24.78896626117756,24.86095757329371,24.477004925802365,24.5729923248291,3243300,0.0,0.0,0.05280829015544042,6.083607,0.0016,0.098500006,0.34451,0.06216,0.356,142027210752,0.181,29.523,12943287296,0.315,0.227,0.45,0.2202793529903911,-0.018757948025446166,1.0263519566298853,1.3765822818332791,-0.2290778130332124,0.013989854859610228,0.2309555732143903,0.18470131281221994,0.0025201104082715037,0.0006057380456292723,-0.031199179203312527,2.2997835971460456,231,0.06722926930796083,0.14092028878398402
2015-11-16 00:00:00-05:00,24.317021976492057,24.748969815142694,24.101048057166743,24.740970611572266,3295000,0.0,0.0,0.05280829015544042,6.083607,0.0016,0.098500006,0.34451,0.06216,0.356,142027210752,0.181,29.523,12943287296,0.315,0.227,0.45,0.2202793529903911,-0.018757948025446166,1.0263519566298853,1.3765822818332791,-0.2290778130332124,0.013989854859610228,0.2309555732143903,0.18470131281221994,0.0025201104082715037,0.0006057380456292723,-0.031199179203312527,2.2997835971460456,231,0.06722926930796083,0.14092028878398402
2015-11-17 00:00:00-05:00,24.740971294838396,24.876954707906936,24.588989474187173,24.596988677978516,3105100,0.0,0.0,0.05280829015544042,6.083607,0.0016,0.098500006,0.34451,0.06216,0.356,142027210752,0.181,29.523,12943287296,0.315,0.227,0.45,0.2202793529903911,-0.018757948025446166,1.0263519566298853,1.3765822818332791,-0.2290778130332124,0.013989854859610228,0.2309555732143903,0.18470131281221994,0.0025201104082715037,0.0006057380456292723,-0.031199179203312527,2.2997835971460456,231,0.06722926930796083,0.14092028878398402
2015-11-18 00:00:00-05:00,24.54899455772313,25.156920304155882,24.34101983980992,25.116924285888672,4413800,0.0,0.0,0.05280829015544042,6.083607,0.0016,0.098500006,0.34451,0.06216,0.356,142027210752,0.181,29.523,12943287296,0.315,0.227,0.45,0.2202793529903911,-0.018757948025446166,1.0263519566298853,1.3765822818332791,-0.2290778130332124,0.013989854859610228,0.2309555732143903,0.18470131281221994,0.0025201104082715037,0.0006057380456292723,-0.031199179203312527,2.2997835971460456,231,0.06722926930796083,0.14092028878398402
2015-11-19 00:00:00-05:00,25.100925878581787,25.220912407691326,24.964942467857462,25.116924285888672,2343100,0.0,0.0,0.05280829015544042,6.083607,0.0016,0.098500006,0.34451,0.06216,0.356,142027210752,0.181,29.523,12943287296,0.315,0.227,0.45,0.2202793529903911,-0.018757948025446166,1.0263519566298853,1.3765822818332791,-0.2290778130332124,0.013989854859610228,0.2309555732143903,0.18470131281221994,0.0025201104082715037,0.0006057380456292723,-0.031199179203312527,2.2997835971460456,231,0.06722926930796083,0.14092028878398402
2015-11-20 00:00:00-05:00,25.204913321109434,25.468880931790693,25.140921219298587,25.260906219482422,2794400,0.0,0.0,0.05280829015544042,6.083607,0.0016,0.098500006,0.34451,0.06216,0.356,142027210752,0.181,29.523,12943287296,0.315,0.227,0.45,0.2202793529903911,-0.018757948025446166,1.0263519566298853,1.3765822818332791,-0.2290778130332124,0.013989854859610228,0.2309555732143903,0.18470131281221994,0.0025201104082715037,0.0006057380456292723,-0.031199179203312527,2.2997835971460456,231,0.06722926930796083,0.14092028878398402
2015-11-23 00:00:00-05:00,25.30090763501238,25.524880815490526,25.236915515688978,25.404895782470703,2719100,0.0,0.0,0.05280829015544042,6.083607,0.0016,0.098500006,0.34451,0.06216,0.356,142027210752,0.181,29.523,12943287296,0.315,0.227,0.45,0.2202793529903911,-0.018757948025446166,1.0263519566298853,1.3765822818332791,-0.2290778130332124,0.013989854859610228,0.2309555732143903,0.18470131281221994,0.0025201104082715037,0.0006057380456292723,-0.031199179203312527,2.2997835971460456,231,0.06722926930796083,0.14092028878398402
2015-11-24 00:00:00-05:00,25.204916005850112,25.436886827488653,25.18091839298038,25.388893127441406,2381700,0.0,0.0,0.05280829015544042,6.083607,0.0016,0.098500006,0.34451,0.06216,0.356,142027210752,0.181,29.523,12943287296,0.315,0.227,0.45,0.2202793529903911,-0.018757948025446166,1.0263519566298853,1.3765822818332791,-0.2290778130332124,0.013989854859610228,0.2309555732143903,0.18470131281221994,0.0025201104082715037,0.0006057380456292723,-0.031199179203312527,2.2997835971460456,231,0.06722926930796083,0.14092028878398402
2015-11-25 00:00:00-05:00,25.364899418878327,25.452889153918996,24.98094670801578,25.03693962097168,2188800,0.0,0.0,0.05280829015544042,6.083607,0.0016,0.098500006,0.34451,0.06216,0.356,142027210752,0.181,29.523,12943287296,0.315,0.227,0.45,0.2202793529903911,-0.018757948025446166,1.0263519566298853,1.3765822818332791,-0.2290778130332124,0.013989854859610228,0.2309555732143903,0.18470131281221994,0.0025201104082715037,0.0006057380456292723,-0.031199179203312527,2.2997835971460456,231,0.06722926930796083,0.14092028878398402
2015-11-27 00:00:00-05:00,25.02094000300592,25.028939207653494,24.852959756791428,24.892955780029297,1607900,0.0,0.0,0.05280829015544042,6.083607,0.0016,0.098500006,0.34451,0.06216,0.356,142027210752,0.181,29.523,12943287296,0.315,0.227,0.45,0.2202793529903911,-0.018757948025446166,1.0263519566298853,1.3765822818332791,-0.2290778130332124,0.013989854859610228,0.2309555732143903,0.18470131281221994,0.0025201104082715037,0.0006057380456292723,-0.031199179203312527,2.2997835971460456,231,0.06722926930796083,0.14092028878398402
2015-11-30 00:00:00-05:00,24.892954259484103,24.964944045530324,24.628986625007315,24.652982711791992,4894700,0.0,0.0,0.05280829015544042,6.083607,0.0016,0.098500006,0.34451,0.06216,0.356,142027210752,0.181,29.523,12943287296,0.315,0.227,0.45,0.2202793529903911,-0.018757948025446166,1.0263519566298853,1.3765822818332791,-0.2290778130332124,0.013989854859610228,0.2309555732143903,0.18470131281221994,0.0025201104082715037,0.0006057380456292723,-0.031199179203312527,2.2997835971460456,231,0.06722926930796083,0.14092028878398402
2015-12-01 00:00:00-05:00,24.556995620146207,24.93294906616211,24.548996415887288,24.93294906616211,4911000,0.0,0.0,0.05280829015544042,6.083607,0.0016,0.098500006,0.34451,0.06216,0.356,142027210752,0.181,29.523,12943287296,0.315,0.227,0.45,0.2202793529903911,-0.018757948025446166,1.0263519566298853,1.3765822818332791,-0.2290778130332124,0.013989854859610228,0.2309555732143903,0.18470131281221994,0.0025201104082715037,0.0006057380456292723,-0.031199179203312527,2.2997835971460456,231,0.06722926930796083,0.14092028878398402
2015-12-02 00:00:00-05:00,24.8529565341813,24.932947044592623,24.63698261377835,24.660980224609375,3480800,0.0,0.0,0.05280829015544042,6.083607,0.0016,0.098500006,0.34451,0.06216,0.356,142027210752,0.181,29.523,12943287296,0.315,0.227,0.45,0.2202793529903911,-0.018757948025446166,1.0263519566298853,1.3765822818332791,-0.2290778130332124,0.013989854859610228,0.2309555732143903,0.18470131281221994,0.0025201104082715037,0.0006057380456292723,-0.031199179203312527,2.2997835971460456,231,0.06722926930796083,0.14092028878398402
2015-12-03 00:00:00-05:00,24.692973173474737,24.732967659573394,24.245026995572154,24.309019088745117,4184800,0.0,0.0,0.05280829015544042,6.083607,0.0016,0.098500006,0.34451,0.06216,0.356,142027210752,0.181,29.523,12943287296,0.315,0.227,0.45,0.2202793529903911,-0.018757948025446166,1.0263519566298853,1.3765822818332791,-0.2290778130332124,0.013989854859610228,0.2309555732143903,0.18470131281221994,0.0025201104082715037,0.0006057380456292723,-0.031199179203312527,2.2997835971460456,231,0.06722926930796083,0.14092028878398402
2015-12-04 00:00:00-05:00,24.34102236245179,25.068933187740818,24.34102236245179,24.972944259643555,4293300,0.0,0.0,0.05280829015544042,6.083607,0.0016,0.098500006,0.34451,0.06216,0.356,142027210752,0.181,29.523,12943287296,0.315,0.227,0.45,0.2202793529903911,-0.018757948025446166,1.0263519566298853,1.3765822818332791,-0.2290778130332124,0.013989854859610228,0.2309555732143903,0.18470131281221994,0.0025201104082715037,0.0006057380456292723,-0.031199179203312527,2.2997835971460456,231,0.06722926930796083,0.14092028878398402
2015-12-07 00:00:00-05:00,24.93295232861432,25.012942855977975,24.69298227221576,24.81296730041504,2982900,0.0,0.0,0.05280829015544042,6.083607,0.0016,0.098500006,0.34451,0.06216,0.356,142027210752,0.181,29.523,12943287296,0.315,0.227,0.45,0.2202793529903911,-0.018757948025446166,1.0263519566298853,1.3765822818332791,-0.2290778130332124,0.013989854859610228,0.2309555732143903,0.18470131281221994,0.0025201104082715037,0.0006057380456292723,-0.031199179203312527,2.2997835971460456,231,0.06722926930796083,0.14092028878398402
2015-12-08 00:00:00-05:00,24.684977979535518,24.860955882914006,24.612986672314296,24.76496696472168,2835800,0.0,0.0,0.05280829015544042,6.083607,0.0016,0.098500006,0.34451,0.06216,0.356,142027210752,0.181,29.523,12943287296,0.315,0.227,0.45,0.2202793529903911,-0.018757948025446166,1.0263519566298853,1.3765822818332791,-0.2290778130332124,0.013989854859610228,0.2309555732143903,0.18470131281221994,0.0025201104082715037,0.0006057380456292723,-0.031199179203312527,2.2997835971460456,231,0.06722926930796083,0.14092028878398402
2015-12-09 00:00:00-05:00,24.644988468379072,24.924954567527653,24.397019192306903,24.52500343322754,3533000,0.0,0.0,0.05280829015544042,6.083607,0.0016,0.098500006,0.34451,0.06216,0.356,142027210752,0.181,29.523,12943287296,0.315,0.227,0.45,0.2202793529903911,-0.018757948025446166,1.0263519566298853,1.3765822818332791,-0.2290778130332124,0.013989854859610228,0.2309555732143903,0.18470131281221994,0.0025201104082715037,0.0006057380456292723,-0.031199179203312527,2.2997835971460456,231,0.06722926930796083,0.14092028878398402
2015-12-10 00:00:00-05:00,24.525000264821287,24.78896791832945,24.38901683569937,24.54899787902832,3011800,0.0,0.0,0.05280829015544042,6.083607,0.0016,0.098500006,0.34451,0.06216,0.356,142027210752,0.181,29.523,12943287296,0.315,0.227,0.45,0.2202793529903911,-0.018757948025446166,1.0263519566298853,1.3765822818332791,-0.2290778130332124,0.013989854859610228,0.2309555732143903,0.18470131281221994,0.0025201104082715037,0.0006057380456292723,-0.031199179203312527,2.2997835971460456,231,0.06722926930796083,0.14092028878398402
2015-12-11 00:00:00-05:00,24.23702828595971,24.437003771902255,24.117043299532558,24.22903060913086,2647300,0.0,0.0,0.05280829015544042,6.083607,0.0016,0.098500006,0.34451,0.06216,0.356,142027210752,0.181,29.523,12943287296,0.315,0.227,0.45,0.2202793529903911,-0.018757948025446166,1.0263519566298853,1.3765822818332791,-0.2290778130332124,0.013989854859610228,0.2309555732143903,0.18470131281221994,0.0025201104082715037,0.0006057380456292723,-0.031199179203312527,2.2997835971460456,231,0.06722926930796083,0.14092028878398402
2015-12-14 00:00:00-05:00,24.269035019778247,24.684984566788742,24.22104131072088,24.612993240356445,3641000,0.0,0.0,0.05280829015544042,6.083607,0.0016,0.098500006,0.34451,0.06216,0.356,142027210752,0.181,29.523,12943287296,0.315,0.227,0.45,0.2202793529903911,-0.018757948025446166,1.0263519566298853,1.3765822818332791,-0.2290778130332124,0.013989854859610228,0.2309555732143903,0.18470131281221994,0.0025201104082715037,0.0006057380456292723,-0.031199179203312527,2.2997835971460456,231,0.06722926930796083,0.14092028878398402
2015-12-15 00:00:00-05:00,24.78896092142649,24.948941919599395,24.524993342425507,24.75696563720703,4246400,0.0,0.0,0.05280829015544042,6.083607,0.0016,0.098500006,0.34451,0.06216,0.356,142027210752,0.181,29.523,12943287296,0.315,0.227,0.45,0.2202793529903911,-0.018757948025446166,1.0263519566298853,1.3765822818332791,-0.2290778130332124,0.013989854859610228,0.2309555732143903,0.18470131281221994,0.0025201104082715037,0.0006057380456292723,-0.031199179203312527,2.2997835971460456,231,0.06722926930796083,0.14092028878398402
2015-12-16 00:00:00-05:00,24.964943216713888,25.436885566578844,24.836959005803948,25.41288948059082,4238400,0.0,0.0,0.05280829015544042,6.083607,0.0016,0.098500006,0.34451,0.06216,0.356,142027210752,0.181,29.523,12943287296,0.315,0.227,0.45,0.2202793529903911,-0.018757948025446166,1.0263519566298853,1.3765822818332791,-0.2290778130332124,0.013989854859610228,0.2309555732143903,0.18470131281221994,0.0025201104082715037,0.0006057380456292723,-0.031199179203312527,2.2997835971460456,231,0.06722926930796083,0.14092028878398402
2015-12-17 00:00:00-05:00,25.62086328455695,25.644862422496438,25.13292404106572,25.180917739868164,3716700,0.0,0.0,0.05280829015544042,6.083607,0.0016,0.098500006,0.34451,0.06216,0.356,142027210752,0.181,29.523,12943287296,0.315,0.227,0.45,0.2202793529903911,-0.018757948025446166,1.0263519566298853,1.3765822818332791,-0.2290778130332124,0.013989854859610228,0.2309555732143903,0.18470131281221994,0.0025201104082715037,0.0006057380456292723,-0.031199179203312527,2.2997835971460456,231,0.06722926930796083,0.14092028878398402
2015-12-18 00:00:00-05:00,25.068930454584248,25.100925743333523,24.660980224609375,24.660980224609375,5719400,0.0,0.0,0.05280829015544042,6.083607,0.0016,0.098500006,0.34451,0.06216,0.356,142027210752,0.181,29.523,12943287296,0.315,0.227,0.45,0.2202793529903911,-0.018757948025446166,1.0263519566298853,1.3765822818332791,-0.2290778130332124,0.013989854859610228,0.2309555732143903,0.18470131281221994,0.0025201104082715037,0.0006057380456292723,-0.031199179203312527,2.2997835971460456,231,0.06722926930796083,0.14092028878398402
2015-12-21 00:00:00-05:00,24.820964463893414,25.092931319141805,24.644985013031345,24.892955780029297,2526800,0.0,0.0,0.05280829015544042,6.083607,0.0016,0.098500006,0.34451,0.06216,0.356,142027210752,0.181,29.523,12943287296,0.315,0.227,0.45,0.2202793529903911,-0.018757948025446166,1.0263519566298853,1.3765822818332791,-0.2290778130332124,0.013989854859610228,0.2309555732143903,0.18470131281221994,0.0025201104082715037,0.0006057380456292723,-0.031199179203312527,2.2997835971460456,231,0.06722926930796083,0.14092028878398402
2015-12-22 00:00:00-05:00,25.052933835151897,25.56487069720907,24.924949619637605,25.46088409423828,3021100,0.0,0.0,0.05280829015544042,6.083607,0.0016,0.098500006,0.34451,0.06216,0.356,142027210752,0.181,29.523,12943287296,0.315,0.227,0.45,0.2202793529903911,-0.018757948025446166,1.0263519566298853,1.3765822818332791,-0.2290778130332124,0.013989854859610228,0.2309555732143903,0.18470131281221994,0.0025201104082715037,0.0006057380456292723,-0.031199179203312527,2.2997835971460456,231,0.06722926930796083,0.14092028878398402
2015-12-23 00:00:00-05:00,25.540871802896163,25.628861513524953,25.42088680475183,25.596864700317383,2397400,0.0,0.0,0.05280829015544042,6.083607,0.0016,0.098500006,0.34451,0.06216,0.356,142027210752,0.181,29.523,12943287296,0.315,0.227,0.45,0.2202793529903911,-0.018757948025446166,1.0263519566298853,1.3765822818332791,-0.2290778130332124,0.013989854859610228,0.2309555732143903,0.18470131281221994,0.0025201104082715037,0.0006057380456292723,-0.031199179203312527,2.2997835971460456,231,0.06722926930796083,0.14092028878398402
2015-12-24 00:00:00-05:00,25.508874989688593,25.748844985977257,25.42088680475183,25.596864700317383,869000,0.0,0.0,0.05280829015544042,6.083607,0.0016,0.098500006,0.34451,0.06216,0.356,142027210752,0.181,29.523,12943287296,0.315,0.227,0.45,0.2202793529903911,-0.018757948025446166,1.0263519566298853,1.3765822818332791,-0.2290778130332124,0.013989854859610228,0.2309555732143903,0.18470131281221994,0.0025201104082715037,0.0006057380456292723,-0.031199179203312527,2.2997835971460456,231,0.06722926930796083,0.14092028878398402
2015-12-28 00:00:00-05:00,25.50087682367586,25.5808673342565,25.3648934133964,25.564868927001953,1734200,0.0,0.0,0.05280829015544042,6.083607,0.0016,0.098500006,0.34451,0.06216,0.356,142027210752,0.181,29.523,12943287296,0.315,0.227,0.45,0.2202793529903911,-0.018757948025446166,1.0263519566298853,1.3765822818332791,-0.2290778130332124,0.013989854859610228,0.2309555732143903,0.18470131281221994,0.0025201104082715037,0.0006057380456292723,-0.031199179203312527,2.2997835971460456,231,0.06722926930796083,0.14092028878398402
2015-12-29 00:00:00-05:00,25.748852607857152,25.980824995201758,25.6208683685265,25.964826583862305,2703300,0.0,0.0,0.05280829015544042,6.083607,0.0016,0.098500006,0.34451,0.06216,0.356,142027210752,0.181,29.523,12943287296,0.315,0.227,0.45,0.2202793529903911,-0.018757948025446166,1.0263519566298853,1.3765822818332791,-0.2290778130332124,0.013989854859610228,0.2309555732143903,0.18470131281221994,0.0025201104082715037,0.0006057380456292723,-0.031199179203312527,2.2997835971460456,231,0.06722926930796083,0.14092028878398402
2015-12-30 00:00:00-05:00,25.876828878116275,26.052808297270364,25.852832794189453,25.852832794189453,1598800,0.0,0.0,0.05280829015544042,6.083607,0.0016,0.098500006,0.34451,0.06216,0.356,142027210752,0.181,29.523,12943287296,0.315,0.227,0.45,0.2202793529903911,-0.018757948025446166,1.0263519566298853,1.3765822818332791,-0.2290778130332124,0.013989854859610228,0.2309555732143903,0.18470131281221994,0.0025201104082715037,0.0006057380456292723,-0.031199179203312527,2.2997835971460456,231,0.06722926930796083,0.14092028878398402
2015-12-31 00:00:00-05:00,25.70884881071998,25.7568440273867,25.42888434195711,25.43688201904297,1460600,0.0,0.0,0.05280829015544042,6.083607,0.0016,0.098500006,0.34451,0.06216,0.356,142027210752,0.181,29.523,12943287296,0.315,0.227,0.45,0.2202793529903911,-0.018757948025446166,1.0263519566298853,1.3765822818332791,-0.2290778130332124,0.013989854859610228,0.2309555732143903,0.18470131281221994,0.0025201104082715037,0.0006057380456292723,-0.031199179203312527,2.2997835971460456,231,0.06722926930796083,0.14092028878398402
2016-01-04 00:00:00-05:00,25.116927407392243,25.140925021334965,24.612989720133335,24.892955780029297,3266700,0.0,0.0,0.05280829015544042,6.083607,0.0016,0.098500006,0.34451,0.06216,0.356,142027210752,0.181,29.523,12943287296,0.315,0.227,0.45,0.2202793529903911,-0.018757948025446166,1.0263519566298853,1.3765822818332791,-0.2290778130332124,0.013989854859610228,0.2309555732143903,0.18470131281221994,0.0025201104082715037,0.0006057380456292723,-0.031199179203312527,2.2997835971460456,231,0.06722926930796083,0.14092028878398402
2016-01-05 00:00:00-05:00,24.892960459828895,25.260914788637884,24.796971511704662,25.12493133544922,6043500,0.0,0.0,0.05280829015544042,6.083607,0.0016,0.098500006,0.34451,0.06216,0.356,142027210752,0.181,29.523,12943287296,0.315,0.227,0.45,0.2202793529903911,-0.018757948025446166,1.0263519566298853,1.3765822818332791,-0.2290778130332124,0.013989854859610228,0.2309555732143903,0.18470131281221994,0.0025201104082715037,0.0006057380456292723,-0.031199179203312527,2.2997835971460456,231,0.06722926930796083,0.14092028878398402
2016-01-06 00:00:00-05:00,24.82096126652524,24.99693916902603,24.684977856418055,24.84495735168457,4206300,0.0,0.0,0.05280829015544042,6.083607,0.0016,0.098500006,0.34451,0.06216,0.356,142027210752,0.181,29.523,12943287296,0.315,0.227,0.45,0.2202793529903911,-0.018757948025446166,1.0263519566298853,1.3765822818332791,-0.2290778130332124,0.013989854859610228,0.2309555732143903,0.18470131281221994,0.0025201104082715037,0.0006057380456292723,-0.031199179203312527,2.2997835971460456,231,0.06722926930796083,0.14092028878398402
2016-01-07 00:00:00-05:00,24.485001163883908,24.74896876776863,24.293024863394294,24.421009063720703,4892900,0.0,0.0,0.05280829015544042,6.083607,0.0016,0.098500006,0.34451,0.06216,0.356,142027210752,0.181,29.523,12943287296,0.315,0.227,0.45,0.2202793529903911,-0.018757948025446166,1.0263519566298853,1.3765822818332791,-0.2290778130332124,0.013989854859610228,0.2309555732143903,0.18470131281221994,0.0025201104082715037,0.0006057380456292723,-0.031199179203312527,2.2997835971460456,231,0.06722926930796083,0.14092028878398402
2016-01-08 00:00:00-05:00,24.533002407865478,24.564997704947952,24.029064654699752,24.061059951782227,4178000,0.0,0.0,0.05280829015544042,6.083607,0.0016,0.098500006,0.34451,0.06216,0.356,142027210752,0.181,29.523,12943287296,0.315,0.227,0.45,0.2202793529903911,-0.018757948025446166,1.0263519566298853,1.3765822818332791,-0.2290778130332124,0.013989854859610228,0.2309555732143903,0.18470131281221994,0.0025201104082715037,0.0006057380456292723,-0.031199179203312527,2.2997835971460456,231,0.06722926930796083,0.14092028878398402
2016-01-11 00:00:00-05:00,24.229032482092993,24.58898746919983,24.197035669536653,24.508996963500977,3519600,0.0,0.0,0.05280829015544042,6.083607,0.0016,0.098500006,0.34451,0.06216,0.356,142027210752,0.181,29.523,12943287296,0.315,0.227,0.45,0.2202793529903911,-0.018757948025446166,1.0263519566298853,1.3765822818332791,-0.2290778130332124,0.013989854859610228,0.2309555732143903,0.18470131281221994,0.0025201104082715037,0.0006057380456292723,-0.031199179203312527,2.2997835971460456,231,0.06722926930796083,0.14092028878398402
2016-01-12 00:00:00-05:00,24.676978755760558,24.732971655622062,24.109047502110823,24.580989837646484,3083700,0.0,0.0,0.05280829015544042,6.083607,0.0016,0.098500006,0.34451,0.06216,0.356,142027210752,0.181,29.523,12943287296,0.315,0.227,0.45,0.2202793529903911,-0.018757948025446166,1.0263519566298853,1.3765822818332791,-0.2290778130332124,0.013989854859610228,0.2309555732143903,0.18470131281221994,0.0025201104082715037,0.0006057380456292723,-0.031199179203312527,2.2997835971460456,231,0.06722926930796083,0.14092028878398402
2016-01-13 00:00:00-05:00,24.70097594185247,24.732972757880507,24.03705726619232,24.085052490234375,2794900,0.0,0.0,0.05280829015544042,6.083607,0.0016,0.098500006,0.34451,0.06216,0.356,142027210752,0.181,29.523,12943287296,0.315,0.227,0.45,0.2202793529903911,-0.018757948025446166,1.0263519566298853,1.3765822818332791,-0.2290778130332124,0.013989854859610228,0.2309555732143903,0.18470131281221994,0.0025201104082715037,0.0006057380456292723,-0.031199179203312527,2.2997835971460456,231,0.06722926930796083,0.14092028878398402
2016-01-14 00:00:00-05:00,24.16504309282203,24.477005967161695,24.077054894252818,24.17304229736328,4102800,0.0,0.0,0.05280829015544042,6.083607,0.0016,0.098500006,0.34451,0.06216,0.356,142027210752,0.181,29.523,12943287296,0.315,0.227,0.45,0.2202793529903911,-0.018757948025446166,1.0263519566298853,1.3765822818332791,-0.2290778130332124,0.013989854859610228,0.2309555732143903,0.18470131281221994,0.0025201104082715037,0.0006057380456292723,-0.031199179203312527,2.2997835971460456,231,0.06722926930796083,0.14092028878398402
2016-01-15 00:00:00-05:00,23.581113568804447,24.06105513449181,23.581113568804447,23.925071716308594,4173800,0.0,0.0,0.05280829015544042,6.083607,0.0016,0.098500006,0.34451,0.06216,0.356,142027210752,0.181,29.523,12943287296,0.315,0.227,0.45,0.2202793529903911,-0.018757948025446166,1.0263519566298853,1.3765822818332791,-0.2290778130332124,0.013989854859610228,0.2309555732143903,0.18470131281221994,0.0025201104082715037,0.0006057380456292723,-0.031199179203312527,2.2997835971460456,231,0.06722926930796083,0.14092028878398402
2016-01-19 00:00:00-05:00,23.86107761209909,23.973063408632505,23.57311239165083,23.837080001831055,4456500,0.0,0.0,0.05280829015544042,6.083607,0.0016,0.098500006,0.34451,0.06216,0.356,142027210752,0.181,29.523,12943287296,0.315,0.227,0.45,0.2202793529903911,-0.018757948025446166,1.0263519566298853,1.3765822818332791,-0.2290778130332124,0.013989854859610228,0.2309555732143903,0.18470131281221994,0.0025201104082715037,0.0006057380456292723,-0.031199179203312527,2.2997835971460456,231,0.06722926930796083,0.14092028878398402
2016-01-20 00:00:00-05:00,23.573114354752317,24.00506222139609,23.453129344804214,23.7410945892334,5852400,0.0,0.0,0.05280829015544042,6.083607,0.0016,0.098500006,0.34451,0.06216,0.356,142027210752,0.181,29.523,12943287296,0.315,0.227,0.45,0.2202793529903911,-0.018757948025446166,1.0263519566298853,1.3765822818332791,-0.2290778130332124,0.013989854859610228,0.2309555732143903,0.18470131281221994,0.0025201104082715037,0.0006057380456292723,-0.031199179203312527,2.2997835971460456,231,0.06722926930796083,0.14092028878398402
2016-01-21 00:00:00-05:00,23.813087298019898,23.99706442578477,23.56511653378836,23.637107849121094,4218700,0.0,0.0,0.05280829015544042,6.083607,0.0016,0.098500006,0.34451,0.06216,0.356,142027210752,0.181,29.523,12943287296,0.315,0.227,0.45,0.2202793529903911,-0.018757948025446166,1.0263519566298853,1.3765822818332791,-0.2290778130332124,0.013989854859610228,0.2309555732143903,0.18470131281221994,0.0025201104082715037,0.0006057380456292723,-0.031199179203312527,2.2997835971460456,231,0.06722926930796083,0.14092028878398402
2016-01-22 00:00:00-05:00,23.941069082136146,24.045055679423108,23.74109356561405,23.957067489624023,3037000,0.0,0.0,0.05280829015544042,6.083607,0.0016,0.098500006,0.34451,0.06216,0.356,142027210752,0.181,29.523,12943287296,0.315,0.227,0.45,0.2202793529903911,-0.018757948025446166,1.0263519566298853,1.3765822818332791,-0.2290778130332124,0.013989854859610228,0.2309555732143903,0.18470131281221994,0.0025201104082715037,0.0006057380456292723,-0.031199179203312527,2.2997835971460456,231,0.06722926930796083,0.14092028878398402
2016-01-25 00:00:00-05:00,23.94906614576375,23.99705983824649,23.565112028825904,23.597108840942383,3749200,0.0,0.0,0.05280829015544042,6.083607,0.0016,0.098500006,0.34451,0.06216,0.356,142027210752,0.181,29.523,12943287296,0.315,0.227,0.45,0.2202793529903911,-0.018757948025446166,1.0263519566298853,1.3765822818332791,-0.2290778130332124,0.013989854859610228,0.2309555732143903,0.18470131281221994,0.0025201104082715037,0.0006057380456292723,-0.031199179203312527,2.2997835971460456,231,0.06722926930796083,0.14092028878398402
2016-01-26 00:00:00-05:00,23.693103280776185,23.941072529778694,23.501125414660073,23.589115142822266,3800000,0.0,0.0,0.05280829015544042,6.083607,0.0016,0.098500006,0.34451,0.06216,0.356,142027210752,0.181,29.523,12943287296,0.315,0.227,0.45,0.2202793529903911,-0.018757948025446166,1.0263519566298853,1.3765822818332791,-0.2290778130332124,0.013989854859610228,0.2309555732143903,0.18470131281221994,0.0025201104082715037,0.0006057380456292723,-0.031199179203312527,2.2997835971460456,231,0.06722926930796083,0.14092028878398402
2016-01-27 00:00:00-05:00,24.525000455234647,24.588992567924606,23.933073031429444,24.301027297973633,5831800,0.0,0.0,0.05280829015544042,6.083607,0.0016,0.098500006,0.34451,0.06216,0.356,142027210752,0.181,29.523,12943287296,0.315,0.227,0.45,0.2202793529903911,-0.018757948025446166,1.0263519566298853,1.3765822818332791,-0.2290778130332124,0.013989854859610228,0.2309555732143903,0.18470131281221994,0.0025201104082715037,0.0006057380456292723,-0.031199179203312527,2.2997835971460456,231,0.06722926930796083,0.14092028878398402
2016-01-28 00:00:00-05:00,24.49300333420422,24.636984432744327,23.925072041475932,24.5729923248291,4399900,0.0,0.0,0.05280829015544042,6.083607,0.0016,0.098500006,0.34451,0.06216,0.356,142027210752,0.181,29.523,12943287296,0.315,0.227,0.45,0.2202793529903911,-0.018757948025446166,1.0263519566298853,1.3765822818332791,-0.2290778130332124,0.013989854859610228,0.2309555732143903,0.18470131281221994,0.0025201104082715037,0.0006057380456292723,-0.031199179203312527,2.2997835971460456,231,0.06722926930796083,0.14092028878398402
2016-01-29 00:00:00-05:00,24.756976260301425,25.08493607415911,24.65298810916068,24.996946334838867,6877600,0.0,0.0,0.05280829015544042,6.083607,0.0016,0.098500006,0.34451,0.06216,0.356,142027210752,0.181,29.523,12943287296,0.315,0.227,0.45,0.2202793529903911,-0.018757948025446166,1.0263519566298853,1.3765822818332791,-0.2290778130332124,0.013989854859610228,0.2309555732143903,0.18470131281221994,0.0025201104082715037,0.0006057380456292723,-0.031199179203312527,2.2997835971460456,231,0.06722926930796083,0.14092028878398402
2016-02-01 00:00:00-05:00,24.674207894378927,25.242283203509274,24.674207894378927,25.09408950805664,6982100,0.888,0.0,0.05280829015544042,6.083607,0.0016,0.098500006,0.34451,0.06216,0.356,142027210752,0.181,29.523,12943287296,0.315,0.227,0.45,0.2202793529903911,-0.018757948025446166,1.0263519566298853,1.3765822818332791,-0.2290778130332124,0.013989854859610228,0.2309555732143903,0.18470131281221994,0.0025201104082715037,0.0006057380456292723,-0.031199179203312527,2.2997835971460456,231,0.06722926930796083,0.14092028878398402
2016-02-02 00:00:00-05:00,25.003523079076263,25.242278320878512,24.86356256825635,25.102317810058594,5102900,0.0,0.0,0.05280829015544042,6.083607,0.0016,0.098500006,0.34451,0.06216,0.356,142027210752,0.181,29.523,12943287296,0.315,0.227,0.45,0.2202793529903911,-0.018757948025446166,1.0263519566298853,1.3765822818332791,-0.2290778130332124,0.013989854859610228,0.2309555732143903,0.18470131281221994,0.0025201104082715037,0.0006057380456292723,-0.031199179203312527,2.2997835971460456,231,0.06722926930796083,0.14092028878398402
2016-02-03 00:00:00-05:00,25.24228791524251,25.24228791524251,24.690678818268765,25.044696807861328,5863300,0.0,0.0,0.05280829015544042,6.083607,0.0016,0.098500006,0.34451,0.06216,0.356,142027210752,0.181,29.523,12943287296,0.315,0.227,0.45,0.2202793529903911,-0.018757948025446166,1.0263519566298853,1.3765822818332791,-0.2290778130332124,0.013989854859610228,0.2309555732143903,0.18470131281221994,0.0025201104082715037,0.0006057380456292723,-0.031199179203312527,2.2997835971460456,231,0.06722926930796083,0.14092028878398402
2016-02-04 00:00:00-05:00,25.019996108316267,25.25051984082357,24.921201344609177,25.242286682128906,4987500,0.0,0.0,0.05280829015544042,6.083607,0.0016,0.098500006,0.34451,0.06216,0.356,142027210752,0.181,29.523,12943287296,0.315,0.227,0.45,0.2202793529903911,-0.018757948025446166,1.0263519566298853,1.3765822818332791,-0.2290778130332124,0.013989854859610228,0.2309555732143903,0.18470131281221994,0.0025201104082715037,0.0006057380456292723,-0.031199179203312527,2.2997835971460456,231,0.06722926930796083,0.14092028878398402
2016-02-05 00:00:00-05:00,25.242280614714403,25.48103744852708,25.102320091175887,25.27521324157715,3762200,0.0,0.0,0.05280829015544042,6.083607,0.0016,0.098500006,0.34451,0.06216,0.356,142027210752,0.181,29.523,12943287296,0.315,0.227,0.45,0.2202793529903911,-0.018757948025446166,1.0263519566298853,1.3765822818332791,-0.2290778130332124,0.013989854859610228,0.2309555732143903,0.18470131281221994,0.0025201104082715037,0.0006057380456292723,-0.031199179203312527,2.2997835971460456,231,0.06722926930796083,0.14092028878398402
2016-02-08 00:00:00-05:00,25.01999044798973,25.415174124358202,24.987059390975585,25.299911499023438,5718600,0.0,0.0,0.05280829015544042,6.083607,0.0016,0.098500006,0.34451,0.06216,0.356,142027210752,0.181,29.523,12943287296,0.315,0.227,0.45,0.2202793529903911,-0.018757948025446166,1.0263519566298853,1.3765822818332791,-0.2290778130332124,0.013989854859610228,0.2309555732143903,0.18470131281221994,0.0025201104082715037,0.0006057380456292723,-0.031199179203312527,2.2997835971460456,231,0.06722926930796083,0.14092028878398402
2016-02-09 00:00:00-05:00,25.085858774639174,25.777428373370984,25.069394028242236,25.423410415649414,7501200,0.0,0.0,0.05280829015544042,6.083607,0.0016,0.098500006,0.34451,0.06216,0.356,142027210752,0.181,29.523,12943287296,0.315,0.227,0.45,0.2202793529903911,-0.018757948025446166,1.0263519566298853,1.3765822818332791,-0.2290778130332124,0.013989854859610228,0.2309555732143903,0.18470131281221994,0.0025201104082715037,0.0006057380456292723,-0.031199179203312527,2.2997835971460456,231,0.06722926930796083,0.14092028878398402
2016-02-10 00:00:00-05:00,25.54690116881521,25.917383799671427,25.439871701670867,25.448104858398438,4266700,0.0,0.0,0.05280829015544042,6.083607,0.0016,0.098500006,0.34451,0.06216,0.356,142027210752,0.181,29.523,12943287296,0.315,0.227,0.45,0.2202793529903911,-0.018757948025446166,1.0263519566298853,1.3765822818332791,-0.2290778130332124,0.013989854859610228,0.2309555732143903,0.18470131281221994,0.0025201104082715037,0.0006057380456292723,-0.031199179203312527,2.2997835971460456,231,0.06722926930796083,0.14092028878398402
2016-02-11 00:00:00-05:00,25.036459307157255,25.258749853281323,24.855334549378902,24.88826560974121,5204000,0.0,0.0,0.05280829015544042,6.083607,0.0016,0.098500006,0.34451,0.06216,0.356,142027210752,0.181,29.523,12943287296,0.315,0.227,0.45,0.2202793529903911,-0.018757948025446166,1.0263519566298853,1.3765822818332791,-0.2290778130332124,0.013989854859610228,0.2309555732143903,0.18470131281221994,0.0025201104082715037,0.0006057380456292723,-0.031199179203312527,2.2997835971460456,231,0.06722926930796083,0.14092028878398402
2016-02-12 00:00:00-05:00,25.201115157557567,25.892684584399543,25.15994937601102,25.835052490234375,6632000,0.0,0.0,0.05280829015544042,6.083607,0.0016,0.098500006,0.34451,0.06216,0.356,142027210752,0.181,29.523,12943287296,0.315,0.227,0.45,0.2202793529903911,-0.018757948025446166,1.0263519566298853,1.3765822818332791,-0.2290778130332124,0.013989854859610228,0.2309555732143903,0.18470131281221994,0.0025201104082715037,0.0006057380456292723,-0.031199179203312527,2.2997835971460456,231,0.06722926930796083,0.14092028878398402
2016-02-16 00:00:00-05:00,26.098512130824144,26.114976875241943,25.74449421565714,26.05734634399414,5294100,0.0,0.0,0.05280829015544042,6.083607,0.0016,0.098500006,0.34451,0.06216,0.356,142027210752,0.181,29.523,12943287296,0.315,0.227,0.45,0.2202793529903911,-0.018757948025446166,1.0263519566298853,1.3765822818332791,-0.2290778130332124,0.013989854859610228,0.2309555732143903,0.18470131281221994,0.0025201104082715037,0.0006057380456292723,-0.031199179203312527,2.2997835971460456,231,0.06722926930796083,0.14092028878398402
2016-02-17 00:00:00-05:00,26.34550042436423,26.526626744782817,26.164375674259833,26.394899368286133,4908700,0.0,0.0,0.05280829015544042,6.083607,0.0016,0.098500006,0.34451,0.06216,0.356,142027210752,0.181,29.523,12943287296,0.315,0.227,0.45,0.2202793529903911,-0.018757948025446166,1.0263519566298853,1.3765822818332791,-0.2290778130332124,0.013989854859610228,0.2309555732143903,0.18470131281221994,0.0025201104082715037,0.0006057380456292723,-0.031199179203312527,2.2997835971460456,231,0.06722926930796083,0.14092028878398402
2016-02-18 00:00:00-05:00,26.394897795315224,26.44429359566506,26.1643741150267,26.30433464050293,3178500,0.0,0.0,0.05280829015544042,6.083607,0.0016,0.098500006,0.34451,0.06216,0.356,142027210752,0.181,29.523,12943287296,0.315,0.227,0.45,0.2202793529903911,-0.018757948025446166,1.0263519566298853,1.3765822818332791,-0.2290778130332124,0.013989854859610228,0.2309555732143903,0.18470131281221994,0.0025201104082715037,0.0006057380456292723,-0.031199179203312527,2.2997835971460456,231,0.06722926930796083,0.14092028878398402
2016-02-19 00:00:00-05:00,26.147910043949025,26.411366374151637,26.139676886413234,26.271404266357422,3188200,0.0,0.0,0.05280829015544042,6.083607,0.0016,0.098500006,0.34451,0.06216,0.356,142027210752,0.181,29.523,12943287296,0.315,0.227,0.45,0.2202793529903911,-0.018757948025446166,1.0263519566298853,1.3765822818332791,-0.2290778130332124,0.013989854859610228,0.2309555732143903,0.18470131281221994,0.0025201104082715037,0.0006057380456292723,-0.031199179203312527,2.2997835971460456,231,0.06722926930796083,0.14092028878398402
2016-02-22 00:00:00-05:00,26.47722676681255,26.576021510169614,26.21377202410821,26.370197296142578,2926700,0.0,0.0,0.05280829015544042,6.083607,0.0016,0.098500006,0.34451,0.06216,0.356,142027210752,0.181,29.523,12943287296,0.315,0.227,0.45,0.2202793529903911,-0.018757948025446166,1.0263519566298853,1.3765822818332791,-0.2290778130332124,0.013989854859610228,0.2309555732143903,0.18470131281221994,0.0025201104082715037,0.0006057380456292723,-0.031199179203312527,2.2997835971460456,231,0.06722926930796083,0.14092028878398402
2016-02-23 00:00:00-05:00,26.370195014643837,26.444291850907984,26.1890702872837,26.287866592407227,2888500,0.0,0.0,0.05280829015544042,6.083607,0.0016,0.098500006,0.34451,0.06216,0.356,142027210752,0.181,29.523,12943287296,0.315,0.227,0.45,0.2202793529903911,-0.018757948025446166,1.0263519566298853,1.3765822818332791,-0.2290778130332124,0.013989854859610228,0.2309555732143903,0.18470131281221994,0.0025201104082715037,0.0006057380456292723,-0.031199179203312527,2.2997835971460456,231,0.06722926930796083,0.14092028878398402
2016-02-24 00:00:00-05:00,26.082051003730786,26.263175790865343,25.89269305759268,26.22201156616211,3640900,0.0,0.0,0.05280829015544042,6.083607,0.0016,0.098500006,0.34451,0.06216,0.356,142027210752,0.181,29.523,12943287296,0.315,0.227,0.45,0.2202793529903911,-0.018757948025446166,1.0263519566298853,1.3765822818332791,-0.2290778130332124,0.013989854859610228,0.2309555732143903,0.18470131281221994,0.0025201104082715037,0.0006057380456292723,-0.031199179203312527,2.2997835971460456,231,0.06722926930796083,0.14092028878398402
2016-02-25 00:00:00-05:00,26.32903310186784,26.53485731605439,26.25493625913555,26.485458374023438,3029100,0.0,0.0,0.05280829015544042,6.083607,0.0016,0.098500006,0.34451,0.06216,0.356,142027210752,0.181,29.523,12943287296,0.315,0.227,0.45,0.2202793529903911,-0.018757948025446166,1.0263519566298853,1.3765822818332791,-0.2290778130332124,0.013989854859610228,0.2309555732143903,0.18470131281221994,0.0025201104082715037,0.0006057380456292723,-0.031199179203312527,2.2997835971460456,231,0.06722926930796083,0.14092028878398402
2016-02-26 00:00:00-05:00,26.63365134066532,26.63365134066532,26.238470807282305,26.43606185913086,3117600,0.0,0.0,0.05280829015544042,6.083607,0.0016,0.098500006,0.34451,0.06216,0.356,142027210752,0.181,29.523,12943287296,0.315,0.227,0.45,0.2202793529903911,-0.018757948025446166,1.0263519566298853,1.3765822818332791,-0.2290778130332124,0.013989854859610228,0.2309555732143903,0.18470131281221994,0.0025201104082715037,0.0006057380456292723,-0.031199179203312527,2.2997835971460456,231,0.06722926930796083,0.14092028878398402
2016-02-29 00:00:00-05:00,26.370194143892075,26.53485412355617,26.25493310031558,26.279632568359375,3707300,0.0,0.0,0.05280829015544042,6.083607,0.0016,0.098500006,0.34451,0.06216,0.356,142027210752,0.181,29.523,12943287296,0.315,0.227,0.45,0.2202793529903911,-0.018757948025446166,1.0263519566298853,1.3765822818332791,-0.2290778130332124,0.013989854859610228,0.2309555732143903,0.18470131281221994,0.0025201104082715037,0.0006057380456292723,-0.031199179203312527,2.2997835971460456,231,0.06722926930796083,0.14092028878398402
2016-03-01 00:00:00-05:00,26.47722391786032,26.839473364943647,26.386660770932508,26.814775466918945,3260200,0.0,0.0,0.05280829015544042,6.083607,0.0016,0.098500006,0.34451,0.06216,0.356,142027210752,0.181,29.523,12943287296,0.315,0.227,0.45,0.2202793529903911,-0.018757948025446166,1.0263519566298853,1.3765822818332791,-0.2290778130332124,0.013989854859610228,0.2309555732143903,0.18470131281221994,0.0025201104082715037,0.0006057380456292723,-0.031199179203312527,2.2997835971460456,231,0.06722926930796083,0.14092028878398402
2016-03-02 00:00:00-05:00,26.798316083144186,27.19349825684968,26.699521324875,27.111169815063477,3732000,0.0,0.0,0.05280829015544042,6.083607,0.0016,0.098500006,0.34451,0.06216,0.356,142027210752,0.181,29.523,12943287296,0.315,0.227,0.45,0.2202793529903911,-0.018757948025446166,1.0263519566298853,1.3765822818332791,-0.2290778130332124,0.013989854859610228,0.2309555732143903,0.18470131281221994,0.0025201104082715037,0.0006057380456292723,-0.031199179203312527,2.2997835971460456,231,0.06722926930796083,0.14092028878398402
2016-03-03 00:00:00-05:00,27.152336590386806,27.61338407339855,27.152336590386806,27.572219848632812,7479000,0.0,0.0,0.05280829015544042,6.083607,0.0016,0.098500006,0.34451,0.06216,0.356,142027210752,0.181,29.523,12943287296,0.315,0.227,0.45,0.2202793529903911,-0.018757948025446166,1.0263519566298853,1.3765822818332791,-0.2290778130332124,0.013989854859610228,0.2309555732143903,0.18470131281221994,0.0025201104082715037,0.0006057380456292723,-0.031199179203312527,2.2997835971460456,231,0.06722926930796083,0.14092028878398402
2016-03-04 00:00:00-05:00,27.539282882863596,27.605145004008175,27.226429170698353,27.325223922729492,3659200,0.0,0.0,0.05280829015544042,6.083607,0.0016,0.098500006,0.34451,0.06216,0.356,142027210752,0.181,29.523,12943287296,0.315,0.227,0.45,0.2202793529903911,-0.018757948025446166,1.0263519566298853,1.3765822818332791,-0.2290778130332124,0.013989854859610228,0.2309555732143903,0.18470131281221994,0.0025201104082715037,0.0006057380456292723,-0.031199179203312527,2.2997835971460456,231,0.06722926930796083,0.14092028878398402
2016-03-07 00:00:00-05:00,27.201735727873295,27.48165685504814,27.177034680344093,27.440492630004883,3800100,0.0,0.0,0.05280829015544042,6.083607,0.0016,0.098500006,0.34451,0.06216,0.356,142027210752,0.181,29.523,12943287296,0.315,0.227,0.45,0.2202793529903911,-0.018757948025446166,1.0263519566298853,1.3765822818332791,-0.2290778130332124,0.013989854859610228,0.2309555732143903,0.18470131281221994,0.0025201104082715037,0.0006057380456292723,-0.031199179203312527,2.2997835971460456,231,0.06722926930796083,0.14092028878398402
2016-03-08 00:00:00-05:00,27.341684650129093,27.415781484165805,27.119394148018948,27.193490982055664,3916800,0.0,0.0,0.05280829015544042,6.083607,0.0016,0.098500006,0.34451,0.06216,0.356,142027210752,0.181,29.523,12943287296,0.315,0.227,0.45,0.2202793529903911,-0.018757948025446166,1.0263519566298853,1.3765822818332791,-0.2290778130332124,0.013989854859610228,0.2309555732143903,0.18470131281221994,0.0025201104082715037,0.0006057380456292723,-0.031199179203312527,2.2997835971460456,231,0.06722926930796083,0.14092028878398402
2016-03-09 00:00:00-05:00,27.33345306440408,27.42401621051872,27.119394148018948,27.193490982055664,1962800,0.0,0.0,0.05280829015544042,6.083607,0.0016,0.098500006,0.34451,0.06216,0.356,142027210752,0.181,29.523,12943287296,0.315,0.227,0.45,0.2202793529903911,-0.018757948025446166,1.0263519566298853,1.3765822818332791,-0.2290778130332124,0.013989854859610228,0.2309555732143903,0.18470131281221994,0.0025201104082715037,0.0006057380456292723,-0.031199179203312527,2.2997835971460456,231,0.06722926930796083,0.14092028878398402
2016-03-10 00:00:00-05:00,27.29229825691684,27.391093022792003,26.855948688095992,27.03707504272461,4260100,0.0,0.0,0.05280829015544042,6.083607,0.0016,0.098500006,0.34451,0.06216,0.356,142027210752,0.181,29.523,12943287296,0.315,0.227,0.45,0.2202793529903911,-0.018757948025446166,1.0263519566298853,1.3765822818332791,-0.2290778130332124,0.013989854859610228,0.2309555732143903,0.18470131281221994,0.0025201104082715037,0.0006057380456292723,-0.031199179203312527,2.2997835971460456,231,0.06722926930796083,0.14092028878398402
2016-03-11 00:00:00-05:00,27.267591312589847,27.349922883536774,27.028837608414516,27.34168815612793,5756100,0.0,0.0,0.05280829015544042,6.083607,0.0016,0.098500006,0.34451,0.06216,0.356,142027210752,0.181,29.523,12943287296,0.315,0.227,0.45,0.2202793529903911,-0.018757948025446166,1.0263519566298853,1.3765822818332791,-0.2290778130332124,0.013989854859610228,0.2309555732143903,0.18470131281221994,0.0025201104082715037,0.0006057380456292723,-0.031199179203312527,2.2997835971460456,231,0.06722926930796083,0.14092028878398402
2016-03-14 00:00:00-04:00,27.333460025038747,27.34992634130992,27.102934737871,27.201732635498047,3522600,0.0,0.0,0.05280829015544042,6.083607,0.0016,0.098500006,0.34451,0.06216,0.356,142027210752,0.181,29.523,12943287296,0.315,0.227,0.45,0.2202793529903911,-0.018757948025446166,1.0263519566298853,1.3765822818332791,-0.2290778130332124,0.013989854859610228,0.2309555732143903,0.18470131281221994,0.0025201104082715037,0.0006057380456292723,-0.031199179203312527,2.2997835971460456,231,0.06722926930796083,0.14092028878398402
2016-03-15 00:00:00-04:00,27.045302674147788,27.42402164574338,27.01237318409347,27.399320602416992,3153200,0.0,0.0,0.05280829015544042,6.083607,0.0016,0.098500006,0.34451,0.06216,0.356,142027210752,0.181,29.523,12943287296,0.315,0.227,0.45,0.2202793529903911,-0.018757948025446166,1.0263519566298853,1.3765822818332791,-0.2290778130332124,0.013989854859610228,0.2309555732143903,0.18470131281221994,0.0025201104082715037,0.0006057380456292723,-0.031199179203312527,2.2997835971460456,231,0.06722926930796083,0.14092028878398402
2016-03-16 00:00:00-04:00,27.37461934322845,28.049722486307438,27.259358290599568,28.00855827331543,4386200,0.0,0.0,0.05280829015544042,6.083607,0.0016,0.098500006,0.34451,0.06216,0.356,142027210752,0.181,29.523,12943287296,0.315,0.227,0.45,0.2202793529903911,-0.018757948025446166,1.0263519566298853,1.3765822818332791,-0.2290778130332124,0.013989854859610228,0.2309555732143903,0.18470131281221994,0.0025201104082715037,0.0006057380456292723,-0.031199179203312527,2.2997835971460456,231,0.06722926930796083,0.14092028878398402
2016-03-17 00:00:00-04:00,28.057957117530947,28.428438173822848,27.81096555916551,28.370807647705078,3810900,0.0,0.0,0.05280829015544042,6.083607,0.0016,0.098500006,0.34451,0.06216,0.356,142027210752,0.181,29.523,12943287296,0.315,0.227,0.45,0.2202793529903911,-0.018757948025446166,1.0263519566298853,1.3765822818332791,-0.2290778130332124,0.013989854859610228,0.2309555732143903,0.18470131281221994,0.0025201104082715037,0.0006057380456292723,-0.031199179203312527,2.2997835971460456,231,0.06722926930796083,0.14092028878398402
2016-03-18 00:00:00-04:00,28.46137202902825,28.543700458285418,28.31317834386274,28.494304656982422,6531100,0.0,0.0,0.05280829015544042,6.083607,0.0016,0.098500006,0.34451,0.06216,0.356,142027210752,0.181,29.523,12943287296,0.315,0.227,0.45,0.2202793529903911,-0.018757948025446166,1.0263519566298853,1.3765822818332791,-0.2290778130332124,0.013989854859610228,0.2309555732143903,0.18470131281221994,0.0025201104082715037,0.0006057380456292723,-0.031199179203312527,2.2997835971460456,231,0.06722926930796083,0.14092028878398402
2016-03-21 00:00:00-04:00,28.403748734531803,28.79069935997455,28.370816098190065,28.757766723632812,3242800,0.0,0.0,0.05280829015544042,6.083607,0.0016,0.098500006,0.34451,0.06216,0.356,142027210752,0.181,29.523,12943287296,0.315,0.227,0.45,0.2202793529903911,-0.018757948025446166,1.0263519566298853,1.3765822818332791,-0.2290778130332124,0.013989854859610228,0.2309555732143903,0.18470131281221994,0.0025201104082715037,0.0006057380456292723,-0.031199179203312527,2.2997835971460456,231,0.06722926930796083,0.14092028878398402
2016-03-22 00:00:00-04:00,28.683660022728453,28.930648429308107,28.634261085161327,28.84832000732422,3645400,0.0,0.0,0.05280829015544042,6.083607,0.0016,0.098500006,0.34451,0.06216,0.356,142027210752,0.181,29.523,12943287296,0.315,0.227,0.45,0.2202793529903911,-0.018757948025446166,1.0263519566298853,1.3765822818332791,-0.2290778130332124,0.013989854859610228,0.2309555732143903,0.18470131281221994,0.0025201104082715037,0.0006057380456292723,-0.031199179203312527,2.2997835971460456,231,0.06722926930796083,0.14092028878398402
2016-03-23 00:00:00-04:00,28.807154628371443,29.03767671308241,28.749520966565846,28.955345153808594,3701300,0.0,0.0,0.05280829015544042,6.083607,0.0016,0.098500006,0.34451,0.06216,0.356,142027210752,0.181,29.523,12943287296,0.315,0.227,0.45,0.2202793529903911,-0.018757948025446166,1.0263519566298853,1.3765822818332791,-0.2290778130332124,0.013989854859610228,0.2309555732143903,0.18470131281221994,0.0025201104082715037,0.0006057380456292723,-0.031199179203312527,2.2997835971460456,231,0.06722926930796083,0.14092028878398402
2016-03-24 00:00:00-04:00,28.790699190461325,28.873027640201872,28.453147521518613,28.658971786499023,2504700,0.0,0.0,0.05280829015544042,6.083607,0.0016,0.098500006,0.34451,0.06216,0.356,142027210752,0.181,29.523,12943287296,0.315,0.227,0.45,0.2202793529903911,-0.018757948025446166,1.0263519566298853,1.3765822818332791,-0.2290778130332124,0.013989854859610228,0.2309555732143903,0.18470131281221994,0.0025201104082715037,0.0006057380456292723,-0.031199179203312527,2.2997835971460456,231,0.06722926930796083,0.14092028878398402
2016-03-28 00:00:00-04:00,28.65073756972532,28.897726063994767,28.617804932988296,28.84009552001953,2097500,0.0,0.0,0.05280829015544042,6.083607,0.0016,0.098500006,0.34451,0.06216,0.356,142027210752,0.181,29.523,12943287296,0.315,0.227,0.45,0.2202793529903911,-0.018757948025446166,1.0263519566298853,1.3765822818332791,-0.2290778130332124,0.013989854859610228,0.2309555732143903,0.18470131281221994,0.0025201104082715037,0.0006057380456292723,-0.031199179203312527,2.2997835971460456,231,0.06722926930796083,0.14092028878398402
2016-03-29 00:00:00-04:00,28.848323996073525,28.963585059038877,28.708361890595295,28.831857681274414,3320700,0.0,0.0,0.05280829015544042,6.083607,0.0016,0.098500006,0.34451,0.06216,0.356,142027210752,0.181,29.523,12943287296,0.315,0.227,0.45,0.2202793529903911,-0.018757948025446166,1.0263519566298853,1.3765822818332791,-0.2290778130332124,0.013989854859610228,0.2309555732143903,0.18470131281221994,0.0025201104082715037,0.0006057380456292723,-0.031199179203312527,2.2997835971460456,231,0.06722926930796083,0.14092028878398402
2016-03-30 00:00:00-04:00,28.95535660797,29.029453470313744,28.700136524830846,28.84009552001953,2325500,0.0,0.0,0.05280829015544042,6.083607,0.0016,0.098500006,0.34451,0.06216,0.356,142027210752,0.181,29.523,12943287296,0.315,0.227,0.45,0.2202793529903911,-0.018757948025446166,1.0263519566298853,1.3765822818332791,-0.2290778130332124,0.013989854859610228,0.2309555732143903,0.18470131281221994,0.0025201104082715037,0.0006057380456292723,-0.031199179203312527,2.2997835971460456,231,0.06722926930796083,0.14092028878398402
2016-03-31 00:00:00-04:00,28.864790499409988,28.980051563128196,28.74952629506334,28.930652618408203,2877300,0.0,0.0,0.05280829015544042,6.083607,0.0016,0.098500006,0.34451,0.06216,0.356,142027210752,0.181,29.523,12943287296,0.315,0.227,0.45,0.2202793529903911,-0.018757948025446166,1.0263519566298853,1.3765822818332791,-0.2290778130332124,0.013989854859610228,0.2309555732143903,0.18470131281221994,0.0025201104082715037,0.0006057380456292723,-0.031199179203312527,2.2997835971460456,231,0.06722926930796083,0.14092028878398402
2016-04-01 00:00:00-04:00,28.914183926366455,29.22703760261541,28.782456558571344,29.2105712890625,2633400,0.0,0.0,0.05280829015544042,6.083607,0.0016,0.098500006,0.34451,0.06216,0.356,142027210752,0.181,29.523,12943287296,0.315,0.227,0.45,0.2202793529903911,-0.018757948025446166,1.0263519566298853,1.3765822818332791,-0.2290778130332124,0.013989854859610228,0.2309555732143903,0.18470131281221994,0.0025201104082715037,0.0006057380456292723,-0.031199179203312527,2.2997835971460456,231,0.06722926930796083,0.14092028878398402
2016-04-04 00:00:00-04:00,29.202336691002177,29.25996721217992,28.905949358872164,28.955345153808594,2747400,0.0,0.0,0.05280829015544042,6.083607,0.0016,0.098500006,0.34451,0.06216,0.356,142027210752,0.181,29.523,12943287296,0.315,0.227,0.45,0.2202793529903911,-0.018757948025446166,1.0263519566298853,1.3765822818332791,-0.2290778130332124,0.013989854859610228,0.2309555732143903,0.18470131281221994,0.0025201104082715037,0.0006057380456292723,-0.031199179203312527,2.2997835971460456,231,0.06722926930796083,0.14092028878398402
2016-04-05 00:00:00-04:00,28.873023966846898,28.955352406113253,28.527240753173828,28.527240753173828,4073700,0.0,0.0,0.05280829015544042,6.083607,0.0016,0.098500006,0.34451,0.06216,0.356,142027210752,0.181,29.523,12943287296,0.315,0.227,0.45,0.2202793529903911,-0.018757948025446166,1.0263519566298853,1.3765822818332791,-0.2290778130332124,0.013989854859610228,0.2309555732143903,0.18470131281221994,0.0025201104082715037,0.0006057380456292723,-0.031199179203312527,2.2997835971460456,231,0.06722926930796083,0.14092028878398402
2016-04-06 00:00:00-04:00,28.53547632479085,28.6342710938293,28.420215237474473,28.626039505004883,3518200,0.0,0.0,0.05280829015544042,6.083607,0.0016,0.098500006,0.34451,0.06216,0.356,142027210752,0.181,29.523,12943287296,0.315,0.227,0.45,0.2202793529903911,-0.018757948025446166,1.0263519566298853,1.3765822818332791,-0.2290778130332124,0.013989854859610228,0.2309555732143903,0.18470131281221994,0.0025201104082715037,0.0006057380456292723,-0.031199179203312527,2.2997835971460456,231,0.06722926930796083,0.14092028878398402
2016-04-07 00:00:00-04:00,28.527245470045436,28.543708648117917,28.21439169597254,28.329652786254883,3366000,0.0,0.0,0.05280829015544042,6.083607,0.0016,0.098500006,0.34451,0.06216,0.356,142027210752,0.181,29.523,12943287296,0.315,0.227,0.45,0.2202793529903911,-0.018757948025446166,1.0263519566298853,1.3765822818332791,-0.2290778130332124,0.013989854859610228,0.2309555732143903,0.18470131281221994,0.0025201104082715037,0.0006057380456292723,-0.031199179203312527,2.2997835971460456,231,0.06722926930796083,0.14092028878398402
2016-04-08 00:00:00-04:00,28.420204316372896,28.50253273549688,28.280242235108666,28.346107482910156,3791900,0.0,0.0,0.05280829015544042,6.083607,0.0016,0.098500006,0.34451,0.06216,0.356,142027210752,0.181,29.523,12943287296,0.315,0.227,0.45,0.2202793529903911,-0.018757948025446166,1.0263519566298853,1.3765822818332791,-0.2290778130332124,0.013989854859610228,0.2309555732143903,0.18470131281221994,0.0025201104082715037,0.0006057380456292723,-0.031199179203312527,2.2997835971460456,231,0.06722926930796083,0.14092028878398402
2016-04-11 00:00:00-04:00,28.40373675650123,28.543695690988475,28.189680991806704,28.222610473632812,1936700,0.0,0.0,0.05280829015544042,6.083607,0.0016,0.098500006,0.34451,0.06216,0.356,142027210752,0.181,29.523,12943287296,0.315,0.227,0.45,0.2202793529903911,-0.018757948025446166,1.0263519566298853,1.3765822818332791,-0.2290778130332124,0.013989854859610228,0.2309555732143903,0.18470131281221994,0.0025201104082715037,0.0006057380456292723,-0.031199179203312527,2.2997835971460456,231,0.06722926930796083,0.14092028878398402
2016-04-12 00:00:00-04:00,28.29671050475372,28.626030485289267,28.189684180613543,28.576631546020508,3670500,0.0,0.0,0.05280829015544042,6.083607,0.0016,0.098500006,0.34451,0.06216,0.356,142027210752,0.181,29.523,12943287296,0.315,0.227,0.45,0.2202793529903911,-0.018757948025446166,1.0263519566298853,1.3765822818332791,-0.2290778130332124,0.013989854859610228,0.2309555732143903,0.18470131281221994,0.0025201104082715037,0.0006057380456292723,-0.031199179203312527,2.2997835971460456,231,0.06722926930796083,0.14092028878398402
2016-04-13 00:00:00-04:00,28.683661196999804,28.77422434926641,28.313177001649194,28.617795944213867,3685500,0.0,0.0,0.05280829015544042,6.083607,0.0016,0.098500006,0.34451,0.06216,0.356,142027210752,0.181,29.523,12943287296,0.315,0.227,0.45,0.2202793529903911,-0.018757948025446166,1.0263519566298853,1.3765822818332791,-0.2290778130332124,0.013989854859610228,0.2309555732143903,0.18470131281221994,0.0025201104082715037,0.0006057380456292723,-0.031199179203312527,2.2997835971460456,231,0.06722926930796083,0.14092028878398402
2016-04-14 00:00:00-04:00,28.099120300196386,28.10735188621365,27.358151933522137,27.638072967529297,7797500,0.0,0.0,0.05280829015544042,6.083607,0.0016,0.098500006,0.34451,0.06216,0.356,142027210752,0.181,29.523,12943287296,0.315,0.227,0.45,0.2202793529903911,-0.018757948025446166,1.0263519566298853,1.3765822818332791,-0.2290778130332124,0.013989854859610228,0.2309555732143903,0.18470131281221994,0.0025201104082715037,0.0006057380456292723,-0.031199179203312527,2.2997835971460456,231,0.06722926930796083,0.14092028878398402
2016-04-15 00:00:00-04:00,27.596910638719034,27.61337695250483,27.358153799767344,27.52281379699707,4164600,0.0,0.0,0.05280829015544042,6.083607,0.0016,0.098500006,0.34451,0.06216,0.356,142027210752,0.181,29.523,12943287296,0.315,0.227,0.45,0.2202793529903911,-0.018757948025446166,1.0263519566298853,1.3765822818332791,-0.2290778130332124,0.013989854859610228,0.2309555732143903,0.18470131281221994,0.0025201104082715037,0.0006057380456292723,-0.031199179203312527,2.2997835971460456,231,0.06722926930796083,0.14092028878398402
2016-04-18 00:00:00-04:00,27.473416090890236,27.761571884155273,27.415785560362902,27.761571884155273,3837900,0.0,0.0,0.05280829015544042,6.083607,0.0016,0.098500006,0.34451,0.06216,0.356,142027210752,0.181,29.523,12943287296,0.315,0.227,0.45,0.2202793529903911,-0.018757948025446166,1.0263519566298853,1.3765822818332791,-0.2290778130332124,0.013989854859610228,0.2309555732143903,0.18470131281221994,0.0025201104082715037,0.0006057380456292723,-0.031199179203312527,2.2997835971460456,231,0.06722926930796083,0.14092028878398402
2016-04-19 00:00:00-04:00,27.819208499903496,27.942701174920053,27.687481095508403,27.78627586364746,3383000,0.0,0.0,0.05280829015544042,6.083607,0.0016,0.098500006,0.34451,0.06216,0.356,142027210752,0.181,29.523,12943287296,0.315,0.227,0.45,0.2202793529903911,-0.018757948025446166,1.0263519566298853,1.3765822818332791,-0.2290778130332124,0.013989854859610228,0.2309555732143903,0.18470131281221994,0.0025201104082715037,0.0006057380456292723,-0.031199179203312527,2.2997835971460456,231,0.06722926930796083,0.14092028878398402
2016-04-20 00:00:00-04:00,27.80272575459476,27.885054155962237,27.39930905038884,27.531036376953125,2510100,0.0,0.0,0.05280829015544042,6.083607,0.0016,0.098500006,0.34451,0.06216,0.356,142027210752,0.181,29.523,12943287296,0.315,0.227,0.45,0.2202793529903911,-0.018757948025446166,1.0263519566298853,1.3765822818332791,-0.2290778130332124,0.013989854859610228,0.2309555732143903,0.18470131281221994,0.0025201104082715037,0.0006057380456292723,-0.031199179203312527,2.2997835971460456,231,0.06722926930796083,0.14092028878398402
2016-04-21 00:00:00-04:00,27.424027425688198,27.506355879118487,26.897114645595124,26.938282012939453,3470100,0.0,0.0,0.05280829015544042,6.083607,0.0016,0.098500006,0.34451,0.06216,0.356,142027210752,0.181,29.523,12943287296,0.315,0.227,0.45,0.2202793529903911,-0.018757948025446166,1.0263519566298853,1.3765822818332791,-0.2290778130332124,0.013989854859610228,0.2309555732143903,0.18470131281221994,0.0025201104082715037,0.0006057380456292723,-0.031199179203312527,2.2997835971460456,231,0.06722926930796083,0.14092028878398402
2016-04-22 00:00:00-04:00,26.946505827072556,27.209960570789093,26.946505827072556,27.12763214111328,2387100,0.0,0.0,0.05280829015544042,6.083607,0.0016,0.098500006,0.34451,0.06216,0.356,142027210752,0.181,29.523,12943287296,0.315,0.227,0.45,0.2202793529903911,-0.018757948025446166,1.0263519566298853,1.3765822818332791,-0.2290778130332124,0.013989854859610228,0.2309555732143903,0.18470131281221994,0.0025201104082715037,0.0006057380456292723,-0.031199179203312527,2.2997835971460456,231,0.06722926930796083,0.14092028878398402
2016-04-25 00:00:00-04:00,27.020608548185766,27.094705407264588,26.897112736178077,27.05354118347168,2309500,0.0,0.0,0.05280829015544042,6.083607,0.0016,0.098500006,0.34451,0.06216,0.356,142027210752,0.181,29.523,12943287296,0.315,0.227,0.45,0.2202793529903911,-0.018757948025446166,1.0263519566298853,1.3765822818332791,-0.2290778130332124,0.013989854859610228,0.2309555732143903,0.18470131281221994,0.0025201104082715037,0.0006057380456292723,-0.031199179203312527,2.2997835971460456,231,0.06722926930796083,0.14092028878398402
2016-04-26 00:00:00-04:00,27.0947019319585,27.135866150471475,26.855945067703264,26.962974548339844,3172600,0.0,0.0,0.05280829015544042,6.083607,0.0016,0.098500006,0.34451,0.06216,0.356,142027210752,0.181,29.523,12943287296,0.315,0.227,0.45,0.2202793529903911,-0.018757948025446166,1.0263519566298853,1.3765822818332791,-0.2290778130332124,0.013989854859610228,0.2309555732143903,0.18470131281221994,0.0025201104082715037,0.0006057380456292723,-0.031199179203312527,2.2997835971460456,231,0.06722926930796083,0.14092028878398402
2016-04-27 00:00:00-04:00,27.00414223303901,27.127638045058113,26.864183244004384,26.99591064453125,2062100,0.0,0.0,0.05280829015544042,6.083607,0.0016,0.098500006,0.34451,0.06216,0.356,142027210752,0.181,29.523,12943287296,0.315,0.227,0.45,0.2202793529903911,-0.018757948025446166,1.0263519566298853,1.3765822818332791,-0.2290778130332124,0.013989854859610228,0.2309555732143903,0.18470131281221994,0.0025201104082715037,0.0006057380456292723,-0.031199179203312527,2.2997835971460456,231,0.06722926930796083,0.14092028878398402
2016-04-28 00:00:00-04:00,26.790077209472656,26.9959013985916,26.683047751754994,26.790077209472656,2179900,0.0,0.0,0.05280829015544042,6.083607,0.0016,0.098500006,0.34451,0.06216,0.356,142027210752,0.181,29.523,12943287296,0.315,0.227,0.45,0.2202793529903911,-0.018757948025446166,1.0263519566298853,1.3765822818332791,-0.2290778130332124,0.013989854859610228,0.2309555732143903,0.18470131281221994,0.0025201104082715037,0.0006057380456292723,-0.031199179203312527,2.2997835971460456,231,0.06722926930796083,0.14092028878398402
2016-04-29 00:00:00-04:00,26.674818776805594,26.905340886179733,26.55955458149033,26.839475631713867,2336900,0.0,0.0,0.05280829015544042,6.083607,0.0016,0.098500006,0.34451,0.06216,0.356,142027210752,0.181,29.523,12943287296,0.315,0.227,0.45,0.2202793529903911,-0.018757948025446166,1.0263519566298853,1.3765822818332791,-0.2290778130332124,0.013989854859610228,0.2309555732143903,0.18470131281221994,0.0025201104082715037,0.0006057380456292723,-0.031199179203312527,2.2997835971460456,231,0.06722926930796083,0.14092028878398402
2016-05-02 00:00:00-04:00,26.864181352163193,27.316994063296807,26.864181352163193,27.226430892944336,2217400,0.0,0.0,0.05280829015544042,6.083607,0.0016,0.098500006,0.34451,0.06216,0.356,142027210752,0.181,29.523,12943287296,0.315,0.227,0.45,0.2202793529903911,-0.018757948025446166,1.0263519566298853,1.3765822818332791,-0.2290778130332124,0.013989854859610228,0.2309555732143903,0.18470131281221994,0.0025201104082715037,0.0006057380456292723,-0.031199179203312527,2.2997835971460456,231,0.06722926930796083,0.14092028878398402
2016-05-03 00:00:00-04:00,26.98766990044804,27.349922526630653,26.897106743902388,27.31698989868164,2812600,0.0,0.0,0.05280829015544042,6.083607,0.0016,0.098500006,0.34451,0.06216,0.356,142027210752,0.181,29.523,12943287296,0.315,0.227,0.45,0.2202793529903911,-0.018757948025446166,1.0263519566298853,1.3765822818332791,-0.2290778130332124,0.013989854859610228,0.2309555732143903,0.18470131281221994,0.0025201104082715037,0.0006057380456292723,-0.031199179203312527,2.2997835971460456,231,0.06722926930796083,0.14092028878398402
2016-05-04 00:00:00-04:00,27.16879999600288,27.25112843670898,26.930043121074995,27.028841018676758,3243100,0.0,0.0,0.05280829015544042,6.083607,0.0016,0.098500006,0.34451,0.06216,0.356,142027210752,0.181,29.523,12943287296,0.315,0.227,0.45,0.2202793529903911,-0.018757948025446166,1.0263519566298853,1.3765822818332791,-0.2290778130332124,0.013989854859610228,0.2309555732143903,0.18470131281221994,0.0025201104082715037,0.0006057380456292723,-0.031199179203312527,2.2997835971460456,231,0.06722926930796083,0.14092028878398402
2016-05-05 00:00:00-04:00,27.127637865278015,27.448723205645045,26.971209419006634,27.07000732421875,3484800,0.0,0.0,0.05280829015544042,6.083607,0.0016,0.098500006,0.34451,0.06216,0.356,142027210752,0.181,29.523,12943287296,0.315,0.227,0.45,0.2202793529903911,-0.018757948025446166,1.0263519566298853,1.3765822818332791,-0.2290778130332124,0.013989854859610228,0.2309555732143903,0.18470131281221994,0.0025201104082715037,0.0006057380456292723,-0.031199179203312527,2.2997835971460456,231,0.06722926930796083,0.14092028878398402
2016-05-06 00:00:00-04:00,26.954739186244897,27.218193916588962,26.68304972897426,27.135862350463867,3161400,0.0,0.0,0.05280829015544042,6.083607,0.0016,0.098500006,0.34451,0.06216,0.356,142027210752,0.181,29.523,12943287296,0.315,0.227,0.45,0.2202793529903911,-0.018757948025446166,1.0263519566298853,1.3765822818332791,-0.2290778130332124,0.013989854859610228,0.2309555732143903,0.18470131281221994,0.0025201104082715037,0.0006057380456292723,-0.031199179203312527,2.2997835971460456,231,0.06722926930796083,0.14092028878398402
2016-05-09 00:00:00-04:00,27.102932497433173,27.39108829741556,26.987671433691595,27.292293548583984,2024100,0.0,0.0,0.05280829015544042,6.083607,0.0016,0.098500006,0.34451,0.06216,0.356,142027210752,0.181,29.523,12943287296,0.315,0.227,0.45,0.2202793529903911,-0.018757948025446166,1.0263519566298853,1.3765822818332791,-0.2290778130332124,0.013989854859610228,0.2309555732143903,0.18470131281221994,0.0025201104082715037,0.0006057380456292723,-0.031199179203312527,2.2997835971460456,231,0.06722926930796083,0.14092028878398402
2016-05-10 00:00:00-04:00,27.399316500214145,27.671005951727658,27.300521763585618,27.662771224975586,2208300,0.0,0.0,0.05280829015544042,6.083607,0.0016,0.098500006,0.34451,0.06216,0.356,142027210752,0.181,29.523,12943287296,0.315,0.227,0.45,0.2202793529903911,-0.018757948025446166,1.0263519566298853,1.3765822818332791,-0.2290778130332124,0.013989854859610228,0.2309555732143903,0.18470131281221994,0.0025201104082715037,0.0006057380456292723,-0.031199179203312527,2.2997835971460456,231,0.06722926930796083,0.14092028878398402
2016-05-11 00:00:00-04:00,27.596912522847934,27.69570727167951,27.275827233673983,27.292293548583984,2469500,0.0,0.0,0.05280829015544042,6.083607,0.0016,0.098500006,0.34451,0.06216,0.356,142027210752,0.181,29.523,12943287296,0.315,0.227,0.45,0.2202793529903911,-0.018757948025446166,1.0263519566298853,1.3765822818332791,-0.2290778130332124,0.013989854859610228,0.2309555732143903,0.18470131281221994,0.0025201104082715037,0.0006057380456292723,-0.031199179203312527,2.2997835971460456,231,0.06722926930796083,0.14092028878398402
2016-05-12 00:00:00-04:00,27.41578760867149,27.654544476196264,27.325224442325638,27.629846572875977,2467500,0.0,0.0,0.05280829015544042,6.083607,0.0016,0.098500006,0.34451,0.06216,0.356,142027210752,0.181,29.523,12943287296,0.315,0.227,0.45,0.2202793529903911,-0.018757948025446166,1.0263519566298853,1.3765822818332791,-0.2290778130332124,0.013989854859610228,0.2309555732143903,0.18470131281221994,0.0025201104082715037,0.0006057380456292723,-0.031199179203312527,2.2997835971460456,231,0.06722926930796083,0.14092028878398402
2016-05-13 00:00:00-04:00,27.51458078029981,27.588677626628183,27.308756556124155,27.366390228271484,2339700,0.0,0.0,0.05280829015544042,6.083607,0.0016,0.098500006,0.34451,0.06216,0.356,142027210752,0.181,29.523,12943287296,0.315,0.227,0.45,0.2202793529903911,-0.018757948025446166,1.0263519566298853,1.3765822818332791,-0.2290778130332124,0.013989854859610228,0.2309555732143903,0.18470131281221994,0.0025201104082715037,0.0006057380456292723,-0.031199179203312527,2.2997835971460456,231,0.06722926930796083,0.14092028878398402
2016-05-16 00:00:00-04:00,27.341691612859982,27.407556877944682,27.1688000029557,27.201732635498047,4540000,0.0,0.0,0.05280829015544042,6.083607,0.0016,0.098500006,0.34451,0.06216,0.356,142027210752,0.181,29.523,12943287296,0.315,0.227,0.45,0.2202793529903911,-0.018757948025446166,1.0263519566298853,1.3765822818332791,-0.2290778130332124,0.013989854859610228,0.2309555732143903,0.18470131281221994,0.0025201104082715037,0.0006057380456292723,-0.031199179203312527,2.2997835971460456,231,0.06722926930796083,0.14092028878398402
2016-05-17 00:00:00-04:00,27.185263183018805,27.33345687173442,26.946506335573833,27.02060317993164,4758900,0.0,0.0,0.05280829015544042,6.083607,0.0016,0.098500006,0.34451,0.06216,0.356,142027210752,0.181,29.523,12943287296,0.315,0.227,0.45,0.2202793529903911,-0.018757948025446166,1.0263519566298853,1.3765822818332791,-0.2290778130332124,0.013989854859610228,0.2309555732143903,0.18470131281221994,0.0025201104082715037,0.0006057380456292723,-0.031199179203312527,2.2997835971460456,231,0.06722926930796083,0.14092028878398402
2016-05-18 00:00:00-04:00,26.905342240969436,26.905342240969436,26.337266955109307,26.658353805541992,10880600,0.0,0.0,0.05280829015544042,6.083607,0.0016,0.098500006,0.34451,0.06216,0.356,142027210752,0.181,29.523,12943287296,0.315,0.227,0.45,0.2202793529903911,-0.018757948025446166,1.0263519566298853,1.3765822818332791,-0.2290778130332124,0.013989854859610228,0.2309555732143903,0.18470131281221994,0.0025201104082715037,0.0006057380456292723,-0.031199179203312527,2.2997835971460456,231,0.06722926930796083,0.14092028878398402
2016-05-19 00:00:00-04:00,26.54308675247762,26.91356775166194,26.394893096552835,26.806541442871094,4692600,0.0,0.0,0.05280829015544042,6.083607,0.0016,0.098500006,0.34451,0.06216,0.356,142027210752,0.181,29.523,12943287296,0.315,0.227,0.45,0.2202793529903911,-0.018757948025446166,1.0263519566298853,1.3765822818332791,-0.2290778130332124,0.013989854859610228,0.2309555732143903,0.18470131281221994,0.0025201104082715037,0.0006057380456292723,-0.031199179203312527,2.2997835971460456,231,0.06722926930796083,0.14092028878398402
2016-05-20 00:00:00-04:00,26.94651185970886,27.242899297900614,26.880649729349013,27.15233612060547,3655600,0.0,0.0,0.05280829015544042,6.083607,0.0016,0.098500006,0.34451,0.06216,0.356,142027210752,0.181,29.523,12943287296,0.315,0.227,0.45,0.2202793529903911,-0.018757948025446166,1.0263519566298853,1.3765822818332791,-0.2290778130332124,0.013989854859610228,0.2309555732143903,0.18470131281221994,0.0025201104082715037,0.0006057380456292723,-0.031199179203312527,2.2997835971460456,231,0.06722926930796083,0.14092028878398402
2016-05-23 00:00:00-04:00,27.11939897212428,27.218196862166387,27.053536852724665,27.160566329956055,3021400,0.0,0.0,0.05280829015544042,6.083607,0.0016,0.098500006,0.34451,0.06216,0.356,142027210752,0.181,29.523,12943287296,0.315,0.227,0.45,0.2202793529903911,-0.018757948025446166,1.0263519566298853,1.3765822818332791,-0.2290778130332124,0.013989854859610228,0.2309555732143903,0.18470131281221994,0.0025201104082715037,0.0006057380456292723,-0.031199179203312527,2.2997835971460456,231,0.06722926930796083,0.14092028878398402
2016-05-24 00:00:00-04:00,27.333462948110892,27.835674655888372,27.234668180547317,27.572219848632812,2874800,0.0,0.0,0.05280829015544042,6.083607,0.0016,0.098500006,0.34451,0.06216,0.356,142027210752,0.181,29.523,12943287296,0.315,0.227,0.45,0.2202793529903911,-0.018757948025446166,1.0263519566298853,1.3765822818332791,-0.2290778130332124,0.013989854859610228,0.2309555732143903,0.18470131281221994,0.0025201104082715037,0.0006057380456292723,-0.031199179203312527,2.2997835971460456,231,0.06722926930796083,0.14092028878398402
2016-05-25 00:00:00-04:00,27.596913421844697,27.646312368183924,27.349924971405645,27.382854461669922,2651300,0.0,0.0,0.05280829015544042,6.083607,0.0016,0.098500006,0.34451,0.06216,0.356,142027210752,0.181,29.523,12943287296,0.315,0.227,0.45,0.2202793529903911,-0.018757948025446166,1.0263519566298853,1.3765822818332791,-0.2290778130332124,0.013989854859610228,0.2309555732143903,0.18470131281221994,0.0025201104082715037,0.0006057380456292723,-0.031199179203312527,2.2997835971460456,231,0.06722926930796083,0.14092028878398402
2016-05-26 00:00:00-04:00,27.34992634822068,27.448721105243994,27.308758987217995,27.374624252319336,3123300,0.0,0.0,0.05280829015544042,6.083607,0.0016,0.098500006,0.34451,0.06216,0.356,142027210752,0.181,29.523,12943287296,0.315,0.227,0.45,0.2202793529903911,-0.018757948025446166,1.0263519566298853,1.3765822818332791,-0.2290778130332124,0.013989854859610228,0.2309555732143903,0.18470131281221994,0.0025201104082715037,0.0006057380456292723,-0.031199179203312527,2.2997835971460456,231,0.06722926930796083,0.14092028878398402
2016-05-27 00:00:00-04:00,27.382855840142653,27.43225478896866,27.308758987217995,27.374624252319336,3646800,0.0,0.0,0.05280829015544042,6.083607,0.0016,0.098500006,0.34451,0.06216,0.356,142027210752,0.181,29.523,12943287296,0.315,0.227,0.45,0.2202793529903911,-0.018757948025446166,1.0263519566298853,1.3765822818332791,-0.2290778130332124,0.013989854859610228,0.2309555732143903,0.18470131281221994,0.0025201104082715037,0.0006057380456292723,-0.031199179203312527,2.2997835971460456,231,0.06722926930796083,0.14092028878398402
2016-05-31 00:00:00-04:00,27.448723192916763,27.53928636900474,27.267596840740815,27.415790557861328,6316600,0.0,0.0,0.05280829015544042,6.083607,0.0016,0.098500006,0.34451,0.06216,0.356,142027210752,0.181,29.523,12943287296,0.315,0.227,0.45,0.2202793529903911,-0.018757948025446166,1.0263519566298853,1.3765822818332791,-0.2290778130332124,0.013989854859610228,0.2309555732143903,0.18470131281221994,0.0025201104082715037,0.0006057380456292723,-0.031199179203312527,2.2997835971460456,231,0.06722926930796083,0.14092028878398402
2016-06-01 00:00:00-04:00,27.34992565217023,27.539283573574416,27.30052670460142,27.498119354248047,3077600,0.0,0.0,0.05280829015544042,6.083607,0.0016,0.098500006,0.34451,0.06216,0.356,142027210752,0.181,29.523,12943287296,0.315,0.227,0.45,0.2202793529903911,-0.018757948025446166,1.0263519566298853,1.3765822818332791,-0.2290778130332124,0.013989854859610228,0.2309555732143903,0.18470131281221994,0.0025201104082715037,0.0006057380456292723,-0.031199179203312527,2.2997835971460456,231,0.06722926930796083,0.14092028878398402
2016-06-02 00:00:00-04:00,27.119397969993027,27.407553761025063,26.94650637975081,27.30875587463379,2721900,0.0,0.0,0.05280829015544042,6.083607,0.0016,0.098500006,0.34451,0.06216,0.356,142027210752,0.181,29.523,12943287296,0.315,0.227,0.45,0.2202793529903911,-0.018757948025446166,1.0263519566298853,1.3765822818332791,-0.2290778130332124,0.013989854859610228,0.2309555732143903,0.18470131281221994,0.0025201104082715037,0.0006057380456292723,-0.031199179203312527,2.2997835971460456,231,0.06722926930796083,0.14092028878398402
2016-06-03 00:00:00-04:00,27.012376783159485,27.160570500348722,26.83948201935275,27.07000732421875,2866300,0.0,0.0,0.05280829015544042,6.083607,0.0016,0.098500006,0.34451,0.06216,0.356,142027210752,0.181,29.523,12943287296,0.315,0.227,0.45,0.2202793529903911,-0.018757948025446166,1.0263519566298853,1.3765822818332791,-0.2290778130332124,0.013989854859610228,0.2309555732143903,0.18470131281221994,0.0025201104082715037,0.0006057380456292723,-0.031199179203312527,2.2997835971460456,231,0.06722926930796083,0.14092028878398402
2016-06-06 00:00:00-04:00,27.053533713007642,27.201727390243626,26.930037935101623,26.97943687438965,1642700,0.0,0.0,0.05280829015544042,6.083607,0.0016,0.098500006,0.34451,0.06216,0.356,142027210752,0.181,29.523,12943287296,0.315,0.227,0.45,0.2202793529903911,-0.018757948025446166,1.0263519566298853,1.3765822818332791,-0.2290778130332124,0.013989854859610228,0.2309555732143903,0.18470131281221994,0.0025201104082715037,0.0006057380456292723,-0.031199179203312527,2.2997835971460456,231,0.06722926930796083,0.14092028878398402
2016-06-07 00:00:00-04:00,27.061762288307683,27.127627533363444,26.773609692758072,26.781841278076172,2811300,0.0,0.0,0.05280829015544042,6.083607,0.0016,0.098500006,0.34451,0.06216,0.356,142027210752,0.181,29.523,12943287296,0.315,0.227,0.45,0.2202793529903911,-0.018757948025446166,1.0263519566298853,1.3765822818332791,-0.2290778130332124,0.013989854859610228,0.2309555732143903,0.18470131281221994,0.0025201104082715037,0.0006057380456292723,-0.031199179203312527,2.2997835971460456,231,0.06722926930796083,0.14092028878398402
2016-06-08 00:00:00-04:00,26.7159842156288,27.05353580867474,26.674820000014094,27.02060317993164,2207800,0.0,0.0,0.05280829015544042,6.083607,0.0016,0.098500006,0.34451,0.06216,0.356,142027210752,0.181,29.523,12943287296,0.315,0.227,0.45,0.2202793529903911,-0.018757948025446166,1.0263519566298853,1.3765822818332791,-0.2290778130332124,0.013989854859610228,0.2309555732143903,0.18470131281221994,0.0025201104082715037,0.0006057380456292723,-0.031199179203312527,2.2997835971460456,231,0.06722926930796083,0.14092028878398402
2016-06-09 00:00:00-04:00,26.93004537146399,27.094705407264588,26.864183241521125,27.05354118347168,2159000,0.0,0.0,0.05280829015544042,6.083607,0.0016,0.098500006,0.34451,0.06216,0.356,142027210752,0.181,29.523,12943287296,0.315,0.227,0.45,0.2202793529903911,-0.018757948025446166,1.0263519566298853,1.3765822818332791,-0.2290778130332124,0.013989854859610228,0.2309555732143903,0.18470131281221994,0.0025201104082715037,0.0006057380456292723,-0.031199179203312527,2.2997835971460456,231,0.06722926930796083,0.14092028878398402
2016-06-10 00:00:00-04:00,26.880644374384435,27.10293176811681,26.806547529597527,26.88887596130371,3293200,0.0,0.0,0.05280829015544042,6.083607,0.0016,0.098500006,0.34451,0.06216,0.356,142027210752,0.181,29.523,12943287296,0.315,0.227,0.45,0.2202793529903911,-0.018757948025446166,1.0263519566298853,1.3765822818332791,-0.2290778130332124,0.013989854859610228,0.2309555732143903,0.18470131281221994,0.0025201104082715037,0.0006057380456292723,-0.031199179203312527,2.2997835971460456,231,0.06722926930796083,0.14092028878398402
2016-06-13 00:00:00-04:00,26.905343984598595,27.04530295551394,26.584258683671813,26.617191314697266,2665900,0.0,0.0,0.05280829015544042,6.083607,0.0016,0.098500006,0.34451,0.06216,0.356,142027210752,0.181,29.523,12943287296,0.315,0.227,0.45,0.2202793529903911,-0.018757948025446166,1.0263519566298853,1.3765822818332791,-0.2290778130332124,0.013989854859610228,0.2309555732143903,0.18470131281221994,0.0025201104082715037,0.0006057380456292723,-0.031199179203312527,2.2997835971460456,231,0.06722926930796083,0.14092028878398402
2016-06-14 00:00:00-04:00,26.600727789440185,26.666589917771073,26.370202488709854,26.419601440429688,2877000,0.0,0.0,0.05280829015544042,6.083607,0.0016,0.098500006,0.34451,0.06216,0.356,142027210752,0.181,29.523,12943287296,0.315,0.227,0.45,0.2202793529903911,-0.018757948025446166,1.0263519566298853,1.3765822818332791,-0.2290778130332124,0.013989854859610228,0.2309555732143903,0.18470131281221994,0.0025201104082715037,0.0006057380456292723,-0.031199179203312527,2.2997835971460456,231,0.06722926930796083,0.14092028878398402
2016-06-15 00:00:00-04:00,26.370199178897327,26.485460244481246,26.090279672524133,26.139677047729492,3325000,0.0,0.0,0.05280829015544042,6.083607,0.0016,0.098500006,0.34451,0.06216,0.356,142027210752,0.181,29.523,12943287296,0.315,0.227,0.45,0.2202793529903911,-0.018757948025446166,1.0263519566298853,1.3765822818332791,-0.2290778130332124,0.013989854859610228,0.2309555732143903,0.18470131281221994,0.0025201104082715037,0.0006057380456292723,-0.031199179203312527,2.2997835971460456,231,0.06722926930796083,0.14092028878398402
2016-06-16 00:00:00-04:00,25.999711375767205,26.312563450714453,25.83505139717564,26.296098709106445,2017900,0.0,0.0,0.05280829015544042,6.083607,0.0016,0.098500006,0.34451,0.06216,0.356,142027210752,0.181,29.523,12943287296,0.315,0.227,0.45,0.2202793529903911,-0.018757948025446166,1.0263519566298853,1.3765822818332791,-0.2290778130332124,0.013989854859610228,0.2309555732143903,0.18470131281221994,0.0025201104082715037,0.0006057380456292723,-0.031199179203312527,2.2997835971460456,231,0.06722926930796083,0.14092028878398402
2016-06-17 00:00:00-04:00,26.189075469970703,26.28787179464553,26.073814399778662,26.189075469970703,2605000,0.0,0.0,0.05280829015544042,6.083607,0.0016,0.098500006,0.34451,0.06216,0.356,142027210752,0.181,29.523,12943287296,0.315,0.227,0.45,0.2202793529903911,-0.018757948025446166,1.0263519566298853,1.3765822818332791,-0.2290778130332124,0.013989854859610228,0.2309555732143903,0.18470131281221994,0.0025201104082715037,0.0006057380456292723,-0.031199179203312527,2.2997835971460456,231,0.06722926930796083,0.14092028878398402
2016-06-20 00:00:00-04:00,26.394904764607627,26.567796392738632,26.197312089151456,26.22201156616211,2490100,0.0,0.0,0.05280829015544042,6.083607,0.0016,0.098500006,0.34451,0.06216,0.356,142027210752,0.181,29.523,12943287296,0.315,0.227,0.45,0.2202793529903911,-0.018757948025446166,1.0263519566298853,1.3765822818332791,-0.2290778130332124,0.013989854859610228,0.2309555732143903,0.18470131281221994,0.0025201104082715037,0.0006057380456292723,-0.031199179203312527,2.2997835971460456,231,0.06722926930796083,0.14092028878398402
2016-06-21 00:00:00-04:00,26.329038090844985,26.460765487259707,26.213777011560712,26.378437042236328,2011300,0.0,0.0,0.05280829015544042,6.083607,0.0016,0.098500006,0.34451,0.06216,0.356,142027210752,0.181,29.523,12943287296,0.315,0.227,0.45,0.2202793529903911,-0.018757948025446166,1.0263519566298853,1.3765822818332791,-0.2290778130332124,0.013989854859610228,0.2309555732143903,0.18470131281221994,0.0025201104082715037,0.0006057380456292723,-0.031199179203312527,2.2997835971460456,231,0.06722926930796083,0.14092028878398402
2016-06-22 00:00:00-04:00,26.31256676746527,26.543092022802767,26.31256676746527,26.370197296142578,1821300,0.0,0.0,0.05280829015544042,6.083607,0.0016,0.098500006,0.34451,0.06216,0.356,142027210752,0.181,29.523,12943287296,0.315,0.227,0.45,0.2202793529903911,-0.018757948025446166,1.0263519566298853,1.3765822818332791,-0.2290778130332124,0.013989854859610228,0.2309555732143903,0.18470131281221994,0.0025201104082715037,0.0006057380456292723,-0.031199179203312527,2.2997835971460456,231,0.06722926930796083,0.14092028878398402
2016-06-23 00:00:00-04:00,26.62542273805509,26.748918533325195,26.46899745259102,26.748918533325195,1904000,0.0,0.0,0.05280829015544042,6.083607,0.0016,0.098500006,0.34451,0.06216,0.356,142027210752,0.181,29.523,12943287296,0.315,0.227,0.45,0.2202793529903911,-0.018757948025446166,1.0263519566298853,1.3765822818332791,-0.2290778130332124,0.013989854859610228,0.2309555732143903,0.18470131281221994,0.0025201104082715037,0.0006057380456292723,-0.031199179203312527,2.2997835971460456,231,0.06722926930796083,0.14092028878398402
2016-06-24 00:00:00-04:00,25.892688595284625,26.361967585410518,25.752728056973897,26.082046508789062,5671400,0.0,0.0,0.05280829015544042,6.083607,0.0016,0.098500006,0.34451,0.06216,0.356,142027210752,0.181,29.523,12943287296,0.315,0.227,0.45,0.2202793529903911,-0.018757948025446166,1.0263519566298853,1.3765822818332791,-0.2290778130332124,0.013989854859610228,0.2309555732143903,0.18470131281221994,0.0025201104082715037,0.0006057380456292723,-0.031199179203312527,2.2997835971460456,231,0.06722926930796083,0.14092028878398402
2016-06-27 00:00:00-04:00,25.802123850024937,26.01618122315772,25.637463849056907,25.81859016418457,4101500,0.0,0.0,0.05280829015544042,6.083607,0.0016,0.098500006,0.34451,0.06216,0.356,142027210752,0.181,29.523,12943287296,0.315,0.227,0.45,0.2202793529903911,-0.018757948025446166,1.0263519566298853,1.3765822818332791,-0.2290778130332124,0.013989854859610228,0.2309555732143903,0.18470131281221994,0.0025201104082715037,0.0006057380456292723,-0.031199179203312527,2.2997835971460456,231,0.06722926930796083,0.14092028878398402
2016-06-28 00:00:00-04:00,25.933853690904634,26.320802688598633,25.79389314785543,26.320802688598633,2433600,0.0,0.0,0.05280829015544042,6.083607,0.0016,0.098500006,0.34451,0.06216,0.356,142027210752,0.181,29.523,12943287296,0.315,0.227,0.45,0.2202793529903911,-0.018757948025446166,1.0263519566298853,1.3765822818332791,-0.2290778130332124,0.013989854859610228,0.2309555732143903,0.18470131281221994,0.0025201104082715037,0.0006057380456292723,-0.031199179203312527,2.2997835971460456,231,0.06722926930796083,0.14092028878398402
2016-06-29 00:00:00-04:00,26.477225290709377,26.913571595119375,26.477225290709377,26.86417579650879,3572600,0.0,0.0,0.05280829015544042,6.083607,0.0016,0.098500006,0.34451,0.06216,0.356,142027210752,0.181,29.523,12943287296,0.315,0.227,0.45,0.2202793529903911,-0.018757948025446166,1.0263519566298853,1.3765822818332791,-0.2290778130332124,0.013989854859610228,0.2309555732143903,0.18470131281221994,0.0025201104082715037,0.0006057380456292723,-0.031199179203312527,2.2997835971460456,231,0.06722926930796083,0.14092028878398402
2016-06-30 00:00:00-04:00,26.905350476898228,27.580453872680664,26.839485198953934,27.580453872680664,3543400,0.0,0.0,0.05280829015544042,6.083607,0.0016,0.098500006,0.34451,0.06216,0.356,142027210752,0.181,29.523,12943287296,0.315,0.227,0.45,0.2202793529903911,-0.018757948025446166,1.0263519566298853,1.3765822818332791,-0.2290778130332124,0.013989854859610228,0.2309555732143903,0.18470131281221994,0.0025201104082715037,0.0006057380456292723,-0.031199179203312527,2.2997835971460456,231,0.06722926930796083,0.14092028878398402
2016-07-01 00:00:00-04:00,27.5639797247282,27.580446039537662,27.292293381943114,27.366390228271484,2364800,0.0,0.0,0.05280829015544042,6.083607,0.0016,0.098500006,0.34451,0.06216,0.356,142027210752,0.181,29.523,12943287296,0.315,0.227,0.45,0.2202793529903911,-0.018757948025446166,1.0263519566298853,1.3765822818332791,-0.2290778130332124,0.013989854859610228,0.2309555732143903,0.18470131281221994,0.0025201104082715037,0.0006057380456292723,-0.031199179203312527,2.2997835971460456,231,0.06722926930796083,0.14092028878398402
2016-07-05 00:00:00-04:00,27.144095186449785,27.325218338051165,27.069998352413073,27.193490982055664,1973400,0.0,0.0,0.05280829015544042,6.083607,0.0016,0.098500006,0.34451,0.06216,0.356,142027210752,0.181,29.523,12943287296,0.315,0.227,0.45,0.2202793529903911,-0.018757948025446166,1.0263519566298853,1.3765822818332791,-0.2290778130332124,0.013989854859610228,0.2309555732143903,0.18470131281221994,0.0025201104082715037,0.0006057380456292723,-0.031199179203312527,2.2997835971460456,231,0.06722926930796083,0.14092028878398402
2016-07-06 00:00:00-04:00,27.14409830259167,27.28405726037947,27.053535146080378,27.25935935974121,2196000,0.0,0.0,0.05280829015544042,6.083607,0.0016,0.098500006,0.34451,0.06216,0.356,142027210752,0.181,29.523,12943287296,0.315,0.227,0.45,0.2202793529903911,-0.018757948025446166,1.0263519566298853,1.3765822818332791,-0.2290778130332124,0.013989854859610228,0.2309555732143903,0.18470131281221994,0.0025201104082715037,0.0006057380456292723,-0.031199179203312527,2.2997835971460456,231,0.06722926930796083,0.14092028878398402
2016-07-07 00:00:00-04:00,27.259355904982108,27.465180092557475,27.22642328121936,27.284053802490234,3533900,0.0,0.0,0.05280829015544042,6.083607,0.0016,0.098500006,0.34451,0.06216,0.356,142027210752,0.181,29.523,12943287296,0.315,0.227,0.45,0.2202793529903911,-0.018757948025446166,1.0263519566298853,1.3765822818332791,-0.2290778130332124,0.013989854859610228,0.2309555732143903,0.18470131281221994,0.0025201104082715037,0.0006057380456292723,-0.031199179203312527,2.2997835971460456,231,0.06722926930796083,0.14092028878398402
2016-07-08 00:00:00-04:00,27.531049385410856,27.778040987471552,27.25112829162026,27.736873626708984,3132200,0.0,0.0,0.05280829015544042,6.083607,0.0016,0.098500006,0.34451,0.06216,0.356,142027210752,0.181,29.523,12943287296,0.315,0.227,0.45,0.2202793529903911,-0.018757948025446166,1.0263519566298853,1.3765822818332791,-0.2290778130332124,0.013989854859610228,0.2309555732143903,0.18470131281221994,0.0025201104082715037,0.0006057380456292723,-0.031199179203312527,2.2997835971460456,231,0.06722926930796083,0.14092028878398402
2016-07-11 00:00:00-04:00,27.769810446688197,27.876839947679045,27.58868408203125,27.58868408203125,2318300,0.0,0.0,0.05280829015544042,6.083607,0.0016,0.098500006,0.34451,0.06216,0.356,142027210752,0.181,29.523,12943287296,0.315,0.227,0.45,0.2202793529903911,-0.018757948025446166,1.0263519566298853,1.3765822818332791,-0.2290778130332124,0.013989854859610228,0.2309555732143903,0.18470131281221994,0.0025201104082715037,0.0006057380456292723,-0.031199179203312527,2.2997835971460456,231,0.06722926930796083,0.14092028878398402
2016-07-12 00:00:00-04:00,27.646312368183924,27.778039751126656,27.358156558814578,27.382854461669922,3229500,0.0,0.0,0.05280829015544042,6.083607,0.0016,0.098500006,0.34451,0.06216,0.356,142027210752,0.181,29.523,12943287296,0.315,0.227,0.45,0.2202793529903911,-0.018757948025446166,1.0263519566298853,1.3765822818332791,-0.2290778130332124,0.013989854859610228,0.2309555732143903,0.18470131281221994,0.0025201104082715037,0.0006057380456292723,-0.031199179203312527,2.2997835971460456,231,0.06722926930796083,0.14092028878398402
2016-07-13 00:00:00-04:00,27.39931816499331,27.629843418637297,27.3087550089862,27.39108657836914,2963400,0.0,0.0,0.05280829015544042,6.083607,0.0016,0.098500006,0.34451,0.06216,0.356,142027210752,0.181,29.523,12943287296,0.315,0.227,0.45,0.2202793529903911,-0.018757948025446166,1.0263519566298853,1.3765822818332791,-0.2290778130332124,0.013989854859610228,0.2309555732143903,0.18470131281221994,0.0025201104082715037,0.0006057380456292723,-0.031199179203312527,2.2997835971460456,231,0.06722926930796083,0.14092028878398402
2016-07-14 00:00:00-04:00,27.695713410245602,27.876839773772616,27.374628049905272,27.54751968383789,4122400,0.0,0.0,0.05280829015544042,6.083607,0.0016,0.098500006,0.34451,0.06216,0.356,142027210752,0.181,29.523,12943287296,0.315,0.227,0.45,0.2202793529903911,-0.018757948025446166,1.0263519566298853,1.3765822818332791,-0.2290778130332124,0.013989854859610228,0.2309555732143903,0.18470131281221994,0.0025201104082715037,0.0006057380456292723,-0.031199179203312527,2.2997835971460456,231,0.06722926930796083,0.14092028878398402
2016-07-15 00:00:00-04:00,27.62984815319162,27.62984815319162,27.218199657623007,27.251129150390625,2295800,0.0,0.0,0.05280829015544042,6.083607,0.0016,0.098500006,0.34451,0.06216,0.356,142027210752,0.181,29.523,12943287296,0.315,0.227,0.45,0.2202793529903911,-0.018757948025446166,1.0263519566298853,1.3765822818332791,-0.2290778130332124,0.013989854859610228,0.2309555732143903,0.18470131281221994,0.0025201104082715037,0.0006057380456292723,-0.031199179203312527,2.2997835971460456,231,0.06722926930796083,0.14092028878398402
2016-07-18 00:00:00-04:00,27.16880244410115,27.242899303664768,27.004142407223227,27.03707504272461,2337800,0.0,0.0,0.05280829015544042,6.083607,0.0016,0.098500006,0.34451,0.06216,0.356,142027210752,0.181,29.523,12943287296,0.315,0.227,0.45,0.2202793529903911,-0.018757948025446166,1.0263519566298853,1.3765822818332791,-0.2290778130332124,0.013989854859610228,0.2309555732143903,0.18470131281221994,0.0025201104082715037,0.0006057380456292723,-0.031199179203312527,2.2997835971460456,231,0.06722926930796083,0.14092028878398402
2016-07-19 00:00:00-04:00,26.962972831857492,27.0700023056805,26.87240967251713,27.061767578125,1889600,0.0,0.0,0.05280829015544042,6.083607,0.0016,0.098500006,0.34451,0.06216,0.356,142027210752,0.181,29.523,12943287296,0.315,0.227,0.45,0.2202793529903911,-0.018757948025446166,1.0263519566298853,1.3765822818332791,-0.2290778130332124,0.013989854859610228,0.2309555732143903,0.18470131281221994,0.0025201104082715037,0.0006057380456292723,-0.031199179203312527,2.2997835971460456,231,0.06722926930796083,0.14092028878398402
2016-07-20 00:00:00-04:00,27.078237709183227,27.20173351489515,27.004140853881836,27.004140853881836,1786600,0.0,0.0,0.05280829015544042,6.083607,0.0016,0.098500006,0.34451,0.06216,0.356,142027210752,0.181,29.523,12943287296,0.315,0.227,0.45,0.2202793529903911,-0.018757948025446166,1.0263519566298853,1.3765822818332791,-0.2290778130332124,0.013989854859610228,0.2309555732143903,0.18470131281221994,0.0025201104082715037,0.0006057380456292723,-0.031199179203312527,2.2997835971460456,231,0.06722926930796083,0.14092028878398402
2016-07-21 00:00:00-04:00,26.89710510960178,27.061765098713643,26.82301141216092,26.88064193725586,2621700,0.0,0.0,0.05280829015544042,6.083607,0.0016,0.098500006,0.34451,0.06216,0.356,142027210752,0.181,29.523,12943287296,0.315,0.227,0.45,0.2202793529903911,-0.018757948025446166,1.0263519566298853,1.3765822818332791,-0.2290778130332124,0.013989854859610228,0.2309555732143903,0.18470131281221994,0.0025201104082715037,0.0006057380456292723,-0.031199179203312527,2.2997835971460456,231,0.06722926930796083,0.14092028878398402
2016-07-22 00:00:00-04:00,26.954744522515664,27.234665621501147,26.946509793958853,27.226430892944336,1502900,0.0,0.0,0.05280829015544042,6.083607,0.0016,0.098500006,0.34451,0.06216,0.356,142027210752,0.181,29.523,12943287296,0.315,0.227,0.45,0.2202793529903911,-0.018757948025446166,1.0263519566298853,1.3765822818332791,-0.2290778130332124,0.013989854859610228,0.2309555732143903,0.18470131281221994,0.0025201104082715037,0.0006057380456292723,-0.031199179203312527,2.2997835971460456,231,0.06722926930796083,0.14092028878398402
2016-07-25 00:00:00-04:00,27.22642950579842,27.242895821444367,27.078235805613488,27.119400024414062,1831300,0.0,0.0,0.05280829015544042,6.083607,0.0016,0.098500006,0.34451,0.06216,0.356,142027210752,0.181,29.523,12943287296,0.315,0.227,0.45,0.2202793529903911,-0.018757948025446166,1.0263519566298853,1.3765822818332791,-0.2290778130332124,0.013989854859610228,0.2309555732143903,0.18470131281221994,0.0025201104082715037,0.0006057380456292723,-0.031199179203312527,2.2997835971460456,231,0.06722926930796083,0.14092028878398402
2016-07-26 00:00:00-04:00,27.119398257900244,27.218196145340382,26.806547702891592,26.87240982055664,2052900,0.0,0.0,0.05280829015544042,6.083607,0.0016,0.098500006,0.34451,0.06216,0.356,142027210752,0.181,29.523,12943287296,0.315,0.227,0.45,0.2202793529903911,-0.018757948025446166,1.0263519566298853,1.3765822818332791,-0.2290778130332124,0.013989854859610228,0.2309555732143903,0.18470131281221994,0.0025201104082715037,0.0006057380456292723,-0.031199179203312527,2.2997835971460456,231,0.06722926930796083,0.14092028878398402
2016-07-27 00:00:00-04:00,26.847713999547814,26.971206657475367,26.81478136784902,26.855945587158203,2333900,0.0,0.0,0.05280829015544042,6.083607,0.0016,0.098500006,0.34451,0.06216,0.356,142027210752,0.181,29.523,12943287296,0.315,0.227,0.45,0.2202793529903911,-0.018757948025446166,1.0263519566298853,1.3765822818332791,-0.2290778130332124,0.013989854859610228,0.2309555732143903,0.18470131281221994,0.0025201104082715037,0.0006057380456292723,-0.031199179203312527,2.2997835971460456,231,0.06722926930796083,0.14092028878398402
2016-07-28 00:00:00-04:00,26.823014017464946,26.971204567368407,26.790081388318235,26.87240982055664,2118000,0.0,0.0,0.05280829015544042,6.083607,0.0016,0.098500006,0.34451,0.06216,0.356,142027210752,0.181,29.523,12943287296,0.315,0.227,0.45,0.2202793529903911,-0.018757948025446166,1.0263519566298853,1.3765822818332791,-0.2290778130332124,0.013989854859610228,0.2309555732143903,0.18470131281221994,0.0025201104082715037,0.0006057380456292723,-0.031199179203312527,2.2997835971460456,231,0.06722926930796083,0.14092028878398402
2016-07-29 00:00:00-04:00,26.839477706061736,26.954741910285446,26.73245137022523,26.765380859375,3175800,0.0,0.0,0.05280829015544042,6.083607,0.0016,0.098500006,0.34451,0.06216,0.356,142027210752,0.181,29.523,12943287296,0.315,0.227,0.45,0.2202793529903911,-0.018757948025446166,1.0263519566298853,1.3765822818332791,-0.2290778130332124,0.013989854859610228,0.2309555732143903,0.18470131281221994,0.0025201104082715037,0.0006057380456292723,-0.031199179203312527,2.2997835971460456,231,0.06722926930796083,0.14092028878398402
2016-08-01 00:00:00-04:00,26.76538223757861,26.847713816263536,26.70775170281346,26.757150650024414,2433100,0.0,0.0,0.05280829015544042,6.083607,0.0016,0.098500006,0.34451,0.06216,0.356,142027210752,0.181,29.523,12943287296,0.315,0.227,0.45,0.2202793529903911,-0.018757948025446166,1.0263519566298853,1.3765822818332791,-0.2290778130332124,0.013989854859610228,0.2309555732143903,0.18470131281221994,0.0025201104082715037,0.0006057380456292723,-0.031199179203312527,2.2997835971460456,231,0.06722926930796083,0.14092028878398402
2016-08-02 00:00:00-04:00,26.72421819722025,26.872411899215294,26.625423442766426,26.798315048217773,2891800,0.0,0.0,0.05280829015544042,6.083607,0.0016,0.098500006,0.34451,0.06216,0.356,142027210752,0.181,29.523,12943287296,0.315,0.227,0.45,0.2202793529903911,-0.018757948025446166,1.0263519566298853,1.3765822818332791,-0.2290778130332124,0.013989854859610228,0.2309555732143903,0.18470131281221994,0.0025201104082715037,0.0006057380456292723,-0.031199179203312527,2.2997835971460456,231,0.06722926930796083,0.14092028878398402
2016-08-03 00:00:00-04:00,26.88064819011188,27.242897737920384,26.79831660609031,27.177032470703125,4301900,0.0,0.0,0.05280829015544042,6.083607,0.0016,0.098500006,0.34451,0.06216,0.356,142027210752,0.181,29.523,12943287296,0.315,0.227,0.45,0.2202793529903911,-0.018757948025446166,1.0263519566298853,1.3765822818332791,-0.2290778130332124,0.013989854859610228,0.2309555732143903,0.18470131281221994,0.0025201104082715037,0.0006057380456292723,-0.031199179203312527,2.2997835971460456,231,0.06722926930796083,0.14092028878398402
2016-08-04 00:00:00-04:00,27.23466922299227,27.728646220346842,27.135871311018033,27.58868408203125,4148500,0.0,0.0,0.05280829015544042,6.083607,0.0016,0.098500006,0.34451,0.06216,0.356,142027210752,0.181,29.523,12943287296,0.315,0.227,0.45,0.2202793529903911,-0.018757948025446166,1.0263519566298853,1.3765822818332791,-0.2290778130332124,0.013989854859610228,0.2309555732143903,0.18470131281221994,0.0025201104082715037,0.0006057380456292723,-0.031199179203312527,2.2997835971460456,231,0.06722926930796083,0.14092028878398402
2016-08-05 00:00:00-04:00,27.786275667451854,28.09089469909668,27.71217880671349,28.09089469909668,2686200,0.0,0.0,0.05280829015544042,6.083607,0.0016,0.098500006,0.34451,0.06216,0.356,142027210752,0.181,29.523,12943287296,0.315,0.227,0.45,0.2202793529903911,-0.018757948025446166,1.0263519566298853,1.3765822818332791,-0.2290778130332124,0.013989854859610228,0.2309555732143903,0.18470131281221994,0.0025201104082715037,0.0006057380456292723,-0.031199179203312527,2.2997835971460456,231,0.06722926930796083,0.14092028878398402
2016-08-08 00:00:00-04:00,28.09089070947337,28.173222287838943,27.967398052867892,28.107357025146484,2004000,0.0,0.0,0.05280829015544042,6.083607,0.0016,0.098500006,0.34451,0.06216,0.356,142027210752,0.181,29.523,12943287296,0.315,0.227,0.45,0.2202793529903911,-0.018757948025446166,1.0263519566298853,1.3765822818332791,-0.2290778130332124,0.013989854859610228,0.2309555732143903,0.18470131281221994,0.0025201104082715037,0.0006057380456292723,-0.031199179203312527,2.2997835971460456,231,0.06722926930796083,0.14092028878398402
2016-08-09 00:00:00-04:00,27.967396501308887,28.23085125620576,27.893299655204867,28.07442283630371,2236000,0.0,0.0,0.05280829015544042,6.083607,0.0016,0.098500006,0.34451,0.06216,0.356,142027210752,0.181,29.523,12943287296,0.315,0.227,0.45,0.2202793529903911,-0.018757948025446166,1.0263519566298853,1.3765822818332791,-0.2290778130332124,0.013989854859610228,0.2309555732143903,0.18470131281221994,0.0025201104082715037,0.0006057380456292723,-0.031199179203312527,2.2997835971460456,231,0.06722926930796083,0.14092028878398402
2016-08-10 00:00:00-04:00,27.967392857318664,28.132049702204064,27.950926544704526,28.000322341918945,1823400,0.0,0.0,0.05280829015544042,6.083607,0.0016,0.098500006,0.34451,0.06216,0.356,142027210752,0.181,29.523,12943287296,0.315,0.227,0.45,0.2202793529903911,-0.018757948025446166,1.0263519566298853,1.3765822818332791,-0.2290778130332124,0.013989854859610228,0.2309555732143903,0.18470131281221994,0.0025201104082715037,0.0006057380456292723,-0.031199179203312527,2.2997835971460456,231,0.06722926930796083,0.14092028878398402
2016-08-11 00:00:00-04:00,28.074431846054967,28.14852871593843,27.942704426332075,28.066200256347656,1689600,0.0,0.0,0.05280829015544042,6.083607,0.0016,0.098500006,0.34451,0.06216,0.356,142027210752,0.181,29.523,12943287296,0.315,0.227,0.45,0.2202793529903911,-0.018757948025446166,1.0263519566298853,1.3765822818332791,-0.2290778130332124,0.013989854859610228,0.2309555732143903,0.18470131281221994,0.0025201104082715037,0.0006057380456292723,-0.031199179203312527,2.2997835971460456,231,0.06722926930796083,0.14092028878398402
2016-08-12 00:00:00-04:00,28.04149071426827,28.11558755341447,27.95915914820132,27.96739387512207,1193700,0.0,0.0,0.05280829015544042,6.083607,0.0016,0.098500006,0.34451,0.06216,0.356,142027210752,0.181,29.523,12943287296,0.315,0.227,0.45,0.2202793529903911,-0.018757948025446166,1.0263519566298853,1.3765822818332791,-0.2290778130332124,0.013989854859610228,0.2309555732143903,0.18470131281221994,0.0025201104082715037,0.0006057380456292723,-0.031199179203312527,2.2997835971460456,231,0.06722926930796083,0.14092028878398402
2016-08-15 00:00:00-04:00,27.967396121670426,28.04972455372249,27.860366647500047,27.876832962036133,1738200,0.0,0.0,0.05280829015544042,6.083607,0.0016,0.098500006,0.34451,0.06216,0.356,142027210752,0.181,29.523,12943287296,0.315,0.227,0.45,0.2202793529903911,-0.018757948025446166,1.0263519566298853,1.3765822818332791,-0.2290778130332124,0.013989854859610228,0.2309555732143903,0.18470131281221994,0.0025201104082715037,0.0006057380456292723,-0.031199179203312527,2.2997835971460456,231,0.06722926930796083,0.14092028878398402
2016-08-16 00:00:00-04:00,27.876830151736787,27.950926989365193,27.638073325975466,27.662771224975586,1837100,0.0,0.0,0.05280829015544042,6.083607,0.0016,0.098500006,0.34451,0.06216,0.356,142027210752,0.181,29.523,12943287296,0.315,0.227,0.45,0.2202793529903911,-0.018757948025446166,1.0263519566298853,1.3765822818332791,-0.2290778130332124,0.013989854859610228,0.2309555732143903,0.18470131281221994,0.0025201104082715037,0.0006057380456292723,-0.031199179203312527,2.2997835971460456,231,0.06722926930796083,0.14092028878398402
2016-08-17 00:00:00-04:00,27.218195856384302,27.58044535126728,27.168796913188665,27.30875587463379,3240400,0.0,0.0,0.05280829015544042,6.083607,0.0016,0.098500006,0.34451,0.06216,0.356,142027210752,0.181,29.523,12943287296,0.315,0.227,0.45,0.2202793529903911,-0.018757948025446166,1.0263519566298853,1.3765822818332791,-0.2290778130332124,0.013989854859610228,0.2309555732143903,0.18470131281221994,0.0025201104082715037,0.0006057380456292723,-0.031199179203312527,2.2997835971460456,231,0.06722926930796083,0.14092028878398402
2016-08-18 00:00:00-04:00,27.251131899414645,27.39109403515396,27.160571859382262,27.349929809570312,2277900,0.0,0.0,0.05280829015544042,6.083607,0.0016,0.098500006,0.34451,0.06216,0.356,142027210752,0.181,29.523,12943287296,0.315,0.227,0.45,0.2202793529903911,-0.018757948025446166,1.0263519566298853,1.3765822818332791,-0.2290778130332124,0.013989854859610228,0.2309555732143903,0.18470131281221994,0.0025201104082715037,0.0006057380456292723,-0.031199179203312527,2.2997835971460456,231,0.06722926930796083,0.14092028878398402
2016-08-19 00:00:00-04:00,27.251131420363546,27.26759773843336,27.061773473504243,27.102937698364258,2188100,0.0,0.0,0.05280829015544042,6.083607,0.0016,0.098500006,0.34451,0.06216,0.356,142027210752,0.181,29.523,12943287296,0.315,0.227,0.45,0.2202793529903911,-0.018757948025446166,1.0263519566298853,1.3765822818332791,-0.2290778130332124,0.013989854859610228,0.2309555732143903,0.18470131281221994,0.0025201104082715037,0.0006057380456292723,-0.031199179203312527,2.2997835971460456,231,0.06722926930796083,0.14092028878398402
2016-08-22 00:00:00-04:00,27.020601086815624,27.078231612337607,26.765377944769632,26.97943687438965,2051000,0.0,0.0,0.05280829015544042,6.083607,0.0016,0.098500006,0.34451,0.06216,0.356,142027210752,0.181,29.523,12943287296,0.315,0.227,0.45,0.2202793529903911,-0.018757948025446166,1.0263519566298853,1.3765822818332791,-0.2290778130332124,0.013989854859610228,0.2309555732143903,0.18470131281221994,0.0025201104082715037,0.0006057380456292723,-0.031199179203312527,2.2997835971460456,231,0.06722926930796083,0.14092028878398402
2016-08-23 00:00:00-04:00,26.880646081643782,26.92181030011132,26.534859737133633,26.617191314697266,3879700,0.0,0.0,0.05280829015544042,6.083607,0.0016,0.098500006,0.34451,0.06216,0.356,142027210752,0.181,29.523,12943287296,0.315,0.227,0.45,0.2202793529903911,-0.018757948025446166,1.0263519566298853,1.3765822818332791,-0.2290778130332124,0.013989854859610228,0.2309555732143903,0.18470131281221994,0.0025201104082715037,0.0006057380456292723,-0.031199179203312527,2.2997835971460456,231,0.06722926930796083,0.14092028878398402
2016-08-24 00:00:00-04:00,26.551325367382383,26.6583548451385,26.452530617484374,26.50192642211914,1778300,0.0,0.0,0.05280829015544042,6.083607,0.0016,0.098500006,0.34451,0.06216,0.356,142027210752,0.181,29.523,12943287296,0.315,0.227,0.45,0.2202793529903911,-0.018757948025446166,1.0263519566298853,1.3765822818332791,-0.2290778130332124,0.013989854859610228,0.2309555732143903,0.18470131281221994,0.0025201104082715037,0.0006057380456292723,-0.031199179203312527,2.2997835971460456,231,0.06722926930796083,0.14092028878398402
2016-08-25 00:00:00-04:00,26.51016183417882,26.765381873054697,26.39490076621829,26.617191314697266,2109700,0.0,0.0,0.05280829015544042,6.083607,0.0016,0.098500006,0.34451,0.06216,0.356,142027210752,0.181,29.523,12943287296,0.315,0.227,0.45,0.2202793529903911,-0.018757948025446166,1.0263519566298853,1.3765822818332791,-0.2290778130332124,0.013989854859610228,0.2309555732143903,0.18470131281221994,0.0025201104082715037,0.0006057380456292723,-0.031199179203312527,2.2997835971460456,231,0.06722926930796083,0.14092028878398402
2016-08-26 00:00:00-04:00,26.66658537497977,26.839476965602874,26.4442948410522,26.543092727661133,2029900,0.0,0.0,0.05280829015544042,6.083607,0.0016,0.098500006,0.34451,0.06216,0.356,142027210752,0.181,29.523,12943287296,0.315,0.227,0.45,0.2202793529903911,-0.018757948025446166,1.0263519566298853,1.3765822818332791,-0.2290778130332124,0.013989854859610228,0.2309555732143903,0.18470131281221994,0.0025201104082715037,0.0006057380456292723,-0.031199179203312527,2.2997835971460456,231,0.06722926930796083,0.14092028878398402
2016-08-29 00:00:00-04:00,26.576018294037336,26.798308795161145,26.576018294037336,26.790077209472656,1484300,0.0,0.0,0.05280829015544042,6.083607,0.0016,0.098500006,0.34451,0.06216,0.356,142027210752,0.181,29.523,12943287296,0.315,0.227,0.45,0.2202793529903911,-0.018757948025446166,1.0263519566298853,1.3765822818332791,-0.2290778130332124,0.013989854859610228,0.2309555732143903,0.18470131281221994,0.0025201104082715037,0.0006057380456292723,-0.031199179203312527,2.2997835971460456,231,0.06722926930796083,0.14092028878398402
2016-08-30 00:00:00-04:00,26.823016096088026,26.872411903007603,26.71598661338125,26.855945587158203,1438000,0.0,0.0,0.05280829015544042,6.083607,0.0016,0.098500006,0.34451,0.06216,0.356,142027210752,0.181,29.523,12943287296,0.315,0.227,0.45,0.2202793529903911,-0.018757948025446166,1.0263519566298853,1.3765822818332791,-0.2290778130332124,0.013989854859610228,0.2309555732143903,0.18470131281221994,0.0025201104082715037,0.0006057380456292723,-0.031199179203312527,2.2997835971460456,231,0.06722926930796083,0.14092028878398402
2016-08-31 00:00:00-04:00,26.855937234427596,26.987664579624333,26.641881476218263,26.806541442871094,2406300,0.0,0.0,0.05280829015544042,6.083607,0.0016,0.098500006,0.34451,0.06216,0.356,142027210752,0.181,29.523,12943287296,0.315,0.227,0.45,0.2202793529903911,-0.018757948025446166,1.0263519566298853,1.3765822818332791,-0.2290778130332124,0.013989854859610228,0.2309555732143903,0.18470131281221994,0.0025201104082715037,0.0006057380456292723,-0.031199179203312527,2.2997835971460456,231,0.06722926930796083,0.14092028878398402
2016-09-01 00:00:00-04:00,26.82301764852738,26.938278725515524,26.60895867072471,26.773618698120117,2299300,0.0,0.0,0.05280829015544042,6.083607,0.0016,0.098500006,0.34451,0.06216,0.356,142027210752,0.181,29.523,12943287296,0.315,0.227,0.45,0.2202793529903911,-0.018757948025446166,1.0263519566298853,1.3765822818332791,-0.2290778130332124,0.013989854859610228,0.2309555732143903,0.18470131281221994,0.0025201104082715037,0.0006057380456292723,-0.031199179203312527,2.2997835971460456,231,0.06722926930796083,0.14092028878398402
2016-09-02 00:00:00-04:00,26.83947681752282,26.95474101793063,26.600723111106042,26.732450485229492,2333500,0.0,0.0,0.05280829015544042,6.083607,0.0016,0.098500006,0.34451,0.06216,0.356,142027210752,0.181,29.523,12943287296,0.315,0.227,0.45,0.2202793529903911,-0.018757948025446166,1.0263519566298853,1.3765822818332791,-0.2290778130332124,0.013989854859610228,0.2309555732143903,0.18470131281221994,0.0025201104082715037,0.0006057380456292723,-0.031199179203312527,2.2997835971460456,231,0.06722926930796083,0.14092028878398402
2016-09-06 00:00:00-04:00,26.798309811716678,26.798309811716678,26.43606035575196,26.633649826049805,2519400,0.0,0.0,0.05280829015544042,6.083607,0.0016,0.098500006,0.34451,0.06216,0.356,142027210752,0.181,29.523,12943287296,0.315,0.227,0.45,0.2202793529903911,-0.018757948025446166,1.0263519566298853,1.3765822818332791,-0.2290778130332124,0.013989854859610228,0.2309555732143903,0.18470131281221994,0.0025201104082715037,0.0006057380456292723,-0.031199179203312527,2.2997835971460456,231,0.06722926930796083,0.14092028878398402
2016-09-07 00:00:00-04:00,26.641884193418402,26.658350505825847,26.378429476155237,26.608951568603516,2810200,0.0,0.0,0.05280829015544042,6.083607,0.0016,0.098500006,0.34451,0.06216,0.356,142027210752,0.181,29.523,12943287296,0.315,0.227,0.45,0.2202793529903911,-0.018757948025446166,1.0263519566298853,1.3765822818332791,-0.2290778130332124,0.013989854859610228,0.2309555732143903,0.18470131281221994,0.0025201104082715037,0.0006057380456292723,-0.031199179203312527,2.2997835971460456,231,0.06722926930796083,0.14092028878398402
2016-09-08 00:00:00-04:00,26.510160955083393,26.56779148715259,26.337267788561576,26.345500946044922,2009500,0.0,0.0,0.05280829015544042,6.083607,0.0016,0.098500006,0.34451,0.06216,0.356,142027210752,0.181,29.523,12943287296,0.315,0.227,0.45,0.2202793529903911,-0.018757948025446166,1.0263519566298853,1.3765822818332791,-0.2290778130332124,0.013989854859610228,0.2309555732143903,0.18470131281221994,0.0025201104082715037,0.0006057380456292723,-0.031199179203312527,2.2997835971460456,231,0.06722926930796083,0.14092028878398402
2016-09-09 00:00:00-04:00,26.114979302817243,26.123212460948572,25.719797134399414,25.719797134399414,3377600,0.0,0.0,0.05280829015544042,6.083607,0.0016,0.098500006,0.34451,0.06216,0.356,142027210752,0.181,29.523,12943287296,0.315,0.227,0.45,0.2202793529903911,-0.018757948025446166,1.0263519566298853,1.3765822818332791,-0.2290778130332124,0.013989854859610228,0.2309555732143903,0.18470131281221994,0.0025201104082715037,0.0006057380456292723,-0.031199179203312527,2.2997835971460456,231,0.06722926930796083,0.14092028878398402
2016-09-12 00:00:00-04:00,25.563368904868156,26.032649471397725,25.53867100210794,25.933853149414062,4242800,0.0,0.0,0.05280829015544042,6.083607,0.0016,0.098500006,0.34451,0.06216,0.356,142027210752,0.181,29.523,12943287296,0.315,0.227,0.45,0.2202793529903911,-0.018757948025446166,1.0263519566298853,1.3765822818332791,-0.2290778130332124,0.013989854859610228,0.2309555732143903,0.18470131281221994,0.0025201104082715037,0.0006057380456292723,-0.031199179203312527,2.2997835971460456,231,0.06722926930796083,0.14092028878398402
2016-09-13 00:00:00-04:00,25.662167990950312,25.76096432357543,25.505741118591555,25.563371658325195,4143100,0.0,0.0,0.05280829015544042,6.083607,0.0016,0.098500006,0.34451,0.06216,0.356,142027210752,0.181,29.523,12943287296,0.315,0.227,0.45,0.2202793529903911,-0.018757948025446166,1.0263519566298853,1.3765822818332791,-0.2290778130332124,0.013989854859610228,0.2309555732143903,0.18470131281221994,0.0025201104082715037,0.0006057380456292723,-0.031199179203312527,2.2997835971460456,231,0.06722926930796083,0.14092028878398402
2016-09-14 00:00:00-04:00,25.604531671010243,25.645695884294494,25.25874694035466,25.332843780517578,3981500,0.0,0.0,0.05280829015544042,6.083607,0.0016,0.098500006,0.34451,0.06216,0.356,142027210752,0.181,29.523,12943287296,0.315,0.227,0.45,0.2202793529903911,-0.018757948025446166,1.0263519566298853,1.3765822818332791,-0.2290778130332124,0.013989854859610228,0.2309555732143903,0.18470131281221994,0.0025201104082715037,0.0006057380456292723,-0.031199179203312527,2.2997835971460456,231,0.06722926930796083,0.14092028878398402
2016-09-15 00:00:00-04:00,25.27521672784134,25.75272889101688,25.143489342849072,25.596302032470703,4475000,0.0,0.0,0.05280829015544042,6.083607,0.0016,0.098500006,0.34451,0.06216,0.356,142027210752,0.181,29.523,12943287296,0.315,0.227,0.45,0.2202793529903911,-0.018757948025446166,1.0263519566298853,1.3765822818332791,-0.2290778130332124,0.013989854859610228,0.2309555732143903,0.18470131281221994,0.0025201104082715037,0.0006057380456292723,-0.031199179203312527,2.2997835971460456,231,0.06722926930796083,0.14092028878398402
2016-09-16 00:00:00-04:00,25.571596164336903,25.884449803195285,25.45633512387008,25.629226684570312,6606300,0.0,0.0,0.05280829015544042,6.083607,0.0016,0.098500006,0.34451,0.06216,0.356,142027210752,0.181,29.523,12943287296,0.315,0.227,0.45,0.2202793529903911,-0.018757948025446166,1.0263519566298853,1.3765822818332791,-0.2290778130332124,0.013989854859610228,0.2309555732143903,0.18470131281221994,0.0025201104082715037,0.0006057380456292723,-0.031199179203312527,2.2997835971460456,231,0.06722926930796083,0.14092028878398402
2016-09-19 00:00:00-04:00,25.637463299120018,25.728026454741226,25.390474873280148,25.60453224182129,2867900,0.0,0.0,0.05280829015544042,6.083607,0.0016,0.098500006,0.34451,0.06216,0.356,142027210752,0.181,29.523,12943287296,0.315,0.227,0.45,0.2202793529903911,-0.018757948025446166,1.0263519566298853,1.3765822818332791,-0.2290778130332124,0.013989854859610228,0.2309555732143903,0.18470131281221994,0.0025201104082715037,0.0006057380456292723,-0.031199179203312527,2.2997835971460456,231,0.06722926930796083,0.14092028878398402
2016-09-20 00:00:00-04:00,25.769193632070817,25.81859257917033,25.538671493530273,25.538671493530273,2013300,0.0,0.0,0.05280829015544042,6.083607,0.0016,0.098500006,0.34451,0.06216,0.356,142027210752,0.181,29.523,12943287296,0.315,0.227,0.45,0.2202793529903911,-0.018757948025446166,1.0263519566298853,1.3765822818332791,-0.2290778130332124,0.013989854859610228,0.2309555732143903,0.18470131281221994,0.0025201104082715037,0.0006057380456292723,-0.031199179203312527,2.2997835971460456,231,0.06722926930796083,0.14092028878398402
2016-09-21 00:00:00-04:00,25.612765237013058,25.69509366489714,25.423405770062995,25.67862892150879,3109900,0.0,0.0,0.05280829015544042,6.083607,0.0016,0.098500006,0.34451,0.06216,0.356,142027210752,0.181,29.523,12943287296,0.315,0.227,0.45,0.2202793529903911,-0.018757948025446166,1.0263519566298853,1.3765822818332791,-0.2290778130332124,0.013989854859610228,0.2309555732143903,0.18470131281221994,0.0025201104082715037,0.0006057380456292723,-0.031199179203312527,2.2997835971460456,231,0.06722926930796083,0.14092028878398402
2016-09-22 00:00:00-04:00,25.72803098249009,25.826827312401182,25.68686676104386,25.744497299194336,3087600,0.0,0.0,0.05280829015544042,6.083607,0.0016,0.098500006,0.34451,0.06216,0.356,142027210752,0.181,29.523,12943287296,0.315,0.227,0.45,0.2202793529903911,-0.018757948025446166,1.0263519566298853,1.3765822818332791,-0.2290778130332124,0.013989854859610228,0.2309555732143903,0.18470131281221994,0.0025201104082715037,0.0006057380456292723,-0.031199179203312527,2.2997835971460456,231,0.06722926930796083,0.14092028878398402
2016-09-23 00:00:00-04:00,25.61276748737911,25.74449486794428,25.604534329804505,25.64569854736328,3035400,0.0,0.0,0.05280829015544042,6.083607,0.0016,0.098500006,0.34451,0.06216,0.356,142027210752,0.181,29.523,12943287296,0.315,0.227,0.45,0.2202793529903911,-0.018757948025446166,1.0263519566298853,1.3765822818332791,-0.2290778130332124,0.013989854859610228,0.2309555732143903,0.18470131281221994,0.0025201104082715037,0.0006057380456292723,-0.031199179203312527,2.2997835971460456,231,0.06722926930796083,0.14092028878398402
2016-09-26 00:00:00-04:00,25.513969279687558,25.802123492228723,25.49750296575626,25.703327178955078,3006700,0.0,0.0,0.05280829015544042,6.083607,0.0016,0.098500006,0.34451,0.06216,0.356,142027210752,0.181,29.523,12943287296,0.315,0.227,0.45,0.2202793529903911,-0.018757948025446166,1.0263519566298853,1.3765822818332791,-0.2290778130332124,0.013989854859610228,0.2309555732143903,0.18470131281221994,0.0025201104082715037,0.0006057380456292723,-0.031199179203312527,2.2997835971460456,231,0.06722926930796083,0.14092028878398402
2016-09-27 00:00:00-04:00,25.71156070209527,25.958550703639865,25.629230701580404,25.876220703125,3574600,0.0,0.0,0.05280829015544042,6.083607,0.0016,0.098500006,0.34451,0.06216,0.356,142027210752,0.181,29.523,12943287296,0.315,0.227,0.45,0.2202793529903911,-0.018757948025446166,1.0263519566298853,1.3765822818332791,-0.2290778130332124,0.013989854859610228,0.2309555732143903,0.18470131281221994,0.0025201104082715037,0.0006057380456292723,-0.031199179203312527,2.2997835971460456,231,0.06722926930796083,0.14092028878398402
2016-09-28 00:00:00-04:00,25.90091740260476,25.975014242599627,25.75272529292911,25.95854949951172,1763400,0.0,0.0,0.05280829015544042,6.083607,0.0016,0.098500006,0.34451,0.06216,0.356,142027210752,0.181,29.523,12943287296,0.315,0.227,0.45,0.2202793529903911,-0.018757948025446166,1.0263519566298853,1.3765822818332791,-0.2290778130332124,0.013989854859610228,0.2309555732143903,0.18470131281221994,0.0025201104082715037,0.0006057380456292723,-0.031199179203312527,2.2997835971460456,231,0.06722926930796083,0.14092028878398402
2016-09-29 00:00:00-04:00,25.91739101228467,25.983254714120527,25.62923672788485,25.7280330657959,2460400,0.0,0.0,0.05280829015544042,6.083607,0.0016,0.098500006,0.34451,0.06216,0.356,142027210752,0.181,29.523,12943287296,0.315,0.227,0.45,0.2202793529903911,-0.018757948025446166,1.0263519566298853,1.3765822818332791,-0.2290778130332124,0.013989854859610228,0.2309555732143903,0.18470131281221994,0.0025201104082715037,0.0006057380456292723,-0.031199179203312527,2.2997835971460456,231,0.06722926930796083,0.14092028878398402
2016-09-30 00:00:00-04:00,25.85975630050488,26.040881058774954,25.7856594515957,25.933853149414062,2790600,0.0,0.0,0.05280829015544042,6.083607,0.0016,0.098500006,0.34451,0.06216,0.356,142027210752,0.181,29.523,12943287296,0.315,0.227,0.45,0.2202793529903911,-0.018757948025446166,1.0263519566298853,1.3765822818332791,-0.2290778130332124,0.013989854859610228,0.2309555732143903,0.18470131281221994,0.0025201104082715037,0.0006057380456292723,-0.031199179203312527,2.2997835971460456,231,0.06722926930796083,0.14092028878398402
2016-10-03 00:00:00-04:00,25.810359606121676,25.867990141169443,25.489272728933052,25.637466430664062,2622400,0.0,0.0,0.05280829015544042,6.083607,0.0016,0.098500006,0.34451,0.06216,0.356,142027210752,0.181,29.523,12943287296,0.315,0.227,0.45,0.2202793529903911,-0.018757948025446166,1.0263519566298853,1.3765822818332791,-0.2290778130332124,0.013989854859610228,0.2309555732143903,0.18470131281221994,0.0025201104082715037,0.0006057380456292723,-0.031199179203312527,2.2997835971460456,231,0.06722926930796083,0.14092028878398402
2016-10-04 00:00:00-04:00,25.63746782195349,25.63746782195349,25.30814933929891,25.423410415649414,2753200,0.0,0.0,0.05280829015544042,6.083607,0.0016,0.098500006,0.34451,0.06216,0.356,142027210752,0.181,29.523,12943287296,0.315,0.227,0.45,0.2202793529903911,-0.018757948025446166,1.0263519566298853,1.3765822818332791,-0.2290778130332124,0.013989854859610228,0.2309555732143903,0.18470131281221994,0.0025201104082715037,0.0006057380456292723,-0.031199179203312527,2.2997835971460456,231,0.06722926930796083,0.14092028878398402
2016-10-05 00:00:00-04:00,25.546900873945653,25.78565613503311,25.546900873945653,25.711559295654297,2975400,0.0,0.0,0.05280829015544042,6.083607,0.0016,0.098500006,0.34451,0.06216,0.356,142027210752,0.181,29.523,12943287296,0.315,0.227,0.45,0.2202793529903911,-0.018757948025446166,1.0263519566298853,1.3765822818332791,-0.2290778130332124,0.013989854859610228,0.2309555732143903,0.18470131281221994,0.0025201104082715037,0.0006057380456292723,-0.031199179203312527,2.2997835971460456,231,0.06722926930796083,0.14092028878398402
2016-10-06 00:00:00-04:00,25.72802452286012,25.736257679145115,25.21757982538842,25.546899795532227,3911900,0.0,0.0,0.05280829015544042,6.083607,0.0016,0.098500006,0.34451,0.06216,0.356,142027210752,0.181,29.523,12943287296,0.315,0.227,0.45,0.2202793529903911,-0.018757948025446166,1.0263519566298853,1.3765822818332791,-0.2290778130332124,0.013989854859610228,0.2309555732143903,0.18470131281221994,0.0025201104082715037,0.0006057380456292723,-0.031199179203312527,2.2997835971460456,231,0.06722926930796083,0.14092028878398402
2016-10-07 00:00:00-04:00,25.546906891989718,26.05735016093911,25.530440574845688,25.884458541870117,3702100,0.0,0.0,0.05280829015544042,6.083607,0.0016,0.098500006,0.34451,0.06216,0.356,142027210752,0.181,29.523,12943287296,0.315,0.227,0.45,0.2202793529903911,-0.018757948025446166,1.0263519566298853,1.3765822818332791,-0.2290778130332124,0.013989854859610228,0.2309555732143903,0.18470131281221994,0.0025201104082715037,0.0006057380456292723,-0.031199179203312527,2.2997835971460456,231,0.06722926930796083,0.14092028878398402
2016-10-10 00:00:00-04:00,26.040886991305662,26.040886991305662,25.843295872638183,25.85976219177246,1734500,0.0,0.0,0.05280829015544042,6.083607,0.0016,0.098500006,0.34451,0.06216,0.356,142027210752,0.181,29.523,12943287296,0.315,0.227,0.45,0.2202793529903911,-0.018757948025446166,1.0263519566298853,1.3765822818332791,-0.2290778130332124,0.013989854859610228,0.2309555732143903,0.18470131281221994,0.0025201104082715037,0.0006057380456292723,-0.031199179203312527,2.2997835971460456,231,0.06722926930796083,0.14092028878398402
2016-10-11 00:00:00-04:00,25.78565872818462,25.91738610692441,25.538670285626065,25.621000289916992,2690500,0.0,0.0,0.05280829015544042,6.083607,0.0016,0.098500006,0.34451,0.06216,0.356,142027210752,0.181,29.523,12943287296,0.315,0.227,0.45,0.2202793529903911,-0.018757948025446166,1.0263519566298853,1.3765822818332791,-0.2290778130332124,0.013989854859610228,0.2309555732143903,0.18470131281221994,0.0025201104082715037,0.0006057380456292723,-0.031199179203312527,2.2997835971460456,231,0.06722926930796083,0.14092028878398402
2016-10-12 00:00:00-04:00,25.621005447505727,26.098517684140734,25.604539129269977,26.07381820678711,2422700,0.0,0.0,0.05280829015544042,6.083607,0.0016,0.098500006,0.34451,0.06216,0.356,142027210752,0.181,29.523,12943287296,0.315,0.227,0.45,0.2202793529903911,-0.018757948025446166,1.0263519566298853,1.3765822818332791,-0.2290778130332124,0.013989854859610228,0.2309555732143903,0.18470131281221994,0.0025201104082715037,0.0006057380456292723,-0.031199179203312527,2.2997835971460456,231,0.06722926930796083,0.14092028878398402
2016-10-13 00:00:00-04:00,26.526630576633508,26.839481178112592,26.49369794259502,26.740686416625977,4808200,0.0,0.0,0.05280829015544042,6.083607,0.0016,0.098500006,0.34451,0.06216,0.356,142027210752,0.181,29.523,12943287296,0.315,0.227,0.45,0.2202793529903911,-0.018757948025446166,1.0263519566298853,1.3765822818332791,-0.2290778130332124,0.013989854859610228,0.2309555732143903,0.18470131281221994,0.0025201104082715037,0.0006057380456292723,-0.031199179203312527,2.2997835971460456,231,0.06722926930796083,0.14092028878398402
2016-10-14 00:00:00-04:00,27.10292985836643,27.19349301123891,26.85594144002303,26.946504592895508,3957900,0.0,0.0,0.05280829015544042,6.083607,0.0016,0.098500006,0.34451,0.06216,0.356,142027210752,0.181,29.523,12943287296,0.315,0.227,0.45,0.2202793529903911,-0.018757948025446166,1.0263519566298853,1.3765822818332791,-0.2290778130332124,0.013989854859610228,0.2309555732143903,0.18470131281221994,0.0025201104082715037,0.0006057380456292723,-0.031199179203312527,2.2997835971460456,231,0.06722926930796083,0.14092028878398402
2016-10-17 00:00:00-04:00,26.930042606995162,26.962975238900416,26.650121517057766,26.724218368530273,2707000,0.0,0.0,0.05280829015544042,6.083607,0.0016,0.098500006,0.34451,0.06216,0.356,142027210752,0.181,29.523,12943287296,0.315,0.227,0.45,0.2202793529903911,-0.018757948025446166,1.0263519566298853,1.3765822818332791,-0.2290778130332124,0.013989854859610228,0.2309555732143903,0.18470131281221994,0.0025201104082715037,0.0006057380456292723,-0.031199179203312527,2.2997835971460456,231,0.06722926930796083,0.14092028878398402
2016-10-18 00:00:00-04:00,26.95474132608297,26.979439227567116,26.329033936372106,26.411365509033203,3743200,0.0,0.0,0.05280829015544042,6.083607,0.0016,0.098500006,0.34451,0.06216,0.356,142027210752,0.181,29.523,12943287296,0.315,0.227,0.45,0.2202793529903911,-0.018757948025446166,1.0263519566298853,1.3765822818332791,-0.2290778130332124,0.013989854859610228,0.2309555732143903,0.18470131281221994,0.0025201104082715037,0.0006057380456292723,-0.031199179203312527,2.2997835971460456,231,0.06722926930796083,0.14092028878398402
2016-10-19 00:00:00-04:00,26.436063254148966,26.55132431456437,26.3290337806368,26.543092727661133,3160200,0.0,0.0,0.05280829015544042,6.083607,0.0016,0.098500006,0.34451,0.06216,0.356,142027210752,0.181,29.523,12943287296,0.315,0.227,0.45,0.2202793529903911,-0.018757948025446166,1.0263519566298853,1.3765822818332791,-0.2290778130332124,0.013989854859610228,0.2309555732143903,0.18470131281221994,0.0025201104082715037,0.0006057380456292723,-0.031199179203312527,2.2997835971460456,231,0.06722926930796083,0.14092028878398402
2016-10-20 00:00:00-04:00,26.468997269827007,26.600724651578915,26.320802002463292,26.35373306274414,3100300,0.0,0.0,0.05280829015544042,6.083607,0.0016,0.098500006,0.34451,0.06216,0.356,142027210752,0.181,29.523,12943287296,0.315,0.227,0.45,0.2202793529903911,-0.018757948025446166,1.0263519566298853,1.3765822818332791,-0.2290778130332124,0.013989854859610228,0.2309555732143903,0.18470131281221994,0.0025201104082715037,0.0006057380456292723,-0.031199179203312527,2.2997835971460456,231,0.06722926930796083,0.14092028878398402
2016-10-21 00:00:00-04:00,26.13967999619009,26.31257161406751,26.082049456897618,26.246707916259766,3141000,0.0,0.0,0.05280829015544042,6.083607,0.0016,0.098500006,0.34451,0.06216,0.356,142027210752,0.181,29.523,12943287296,0.315,0.227,0.45,0.2202793529903911,-0.018757948025446166,1.0263519566298853,1.3765822818332791,-0.2290778130332124,0.013989854859610228,0.2309555732143903,0.18470131281221994,0.0025201104082715037,0.0006057380456292723,-0.031199179203312527,2.2997835971460456,231,0.06722926930796083,0.14092028878398402
2016-10-24 00:00:00-04:00,26.386665512567884,26.468997088491605,26.222007071663178,26.31256866455078,1939900,0.0,0.0,0.05280829015544042,6.083607,0.0016,0.098500006,0.34451,0.06216,0.356,142027210752,0.181,29.523,12943287296,0.315,0.227,0.45,0.2202793529903911,-0.018757948025446166,1.0263519566298853,1.3765822818332791,-0.2290778130332124,0.013989854859610228,0.2309555732143903,0.18470131281221994,0.0025201104082715037,0.0006057380456292723,-0.031199179203312527,2.2997835971460456,231,0.06722926930796083,0.14092028878398402
2016-10-25 00:00:00-04:00,26.279640020993345,26.312571084076705,26.147912628031122,26.238475799560547,1876100,0.0,0.0,0.05280829015544042,6.083607,0.0016,0.098500006,0.34451,0.06216,0.356,142027210752,0.181,29.523,12943287296,0.315,0.227,0.45,0.2202793529903911,-0.018757948025446166,1.0263519566298853,1.3765822818332791,-0.2290778130332124,0.013989854859610228,0.2309555732143903,0.18470131281221994,0.0025201104082715037,0.0006057380456292723,-0.031199179203312527,2.2997835971460456,231,0.06722926930796083,0.14092028878398402
2016-10-26 00:00:00-04:00,26.205542481261315,26.444297785897398,26.14791194463586,26.329036712646484,1412700,0.0,0.0,0.05280829015544042,6.083607,0.0016,0.098500006,0.34451,0.06216,0.356,142027210752,0.181,29.523,12943287296,0.315,0.227,0.45,0.2202793529903911,-0.018757948025446166,1.0263519566298853,1.3765822818332791,-0.2290778130332124,0.013989854859610228,0.2309555732143903,0.18470131281221994,0.0025201104082715037,0.0006057380456292723,-0.031199179203312527,2.2997835971460456,231,0.06722926930796083,0.14092028878398402
2016-10-27 00:00:00-04:00,26.370198472331143,26.427829003578942,26.05734634399414,26.05734634399414,1821100,0.0,0.0,0.05280829015544042,6.083607,0.0016,0.098500006,0.34451,0.06216,0.356,142027210752,0.181,29.523,12943287296,0.315,0.227,0.45,0.2202793529903911,-0.018757948025446166,1.0263519566298853,1.3765822818332791,-0.2290778130332124,0.013989854859610228,0.2309555732143903,0.18470131281221994,0.0025201104082715037,0.0006057380456292723,-0.031199179203312527,2.2997835971460456,231,0.06722926930796083,0.14092028878398402
2016-10-28 00:00:00-04:00,26.090280356749254,26.205541425355925,25.70332979160236,25.900920867919922,2512100,0.0,0.0,0.05280829015544042,6.083607,0.0016,0.098500006,0.34451,0.06216,0.356,142027210752,0.181,29.523,12943287296,0.315,0.227,0.45,0.2202793529903911,-0.018757948025446166,1.0263519566298853,1.3765822818332791,-0.2290778130332124,0.013989854859610228,0.2309555732143903,0.18470131281221994,0.0025201104082715037,0.0006057380456292723,-0.031199179203312527,2.2997835971460456,231,0.06722926930796083,0.14092028878398402
2016-10-31 00:00:00-04:00,25.999717708912723,26.016184024845618,25.835057690212423,25.942087173461914,2461900,0.0,0.0,0.05280829015544042,6.083607,0.0016,0.098500006,0.34451,0.06216,0.356,142027210752,0.181,29.523,12943287296,0.315,0.227,0.45,0.2202793529903911,-0.018757948025446166,1.0263519566298853,1.3765822818332791,-0.2290778130332124,0.013989854859610228,0.2309555732143903,0.18470131281221994,0.0025201104082715037,0.0006057380456292723,-0.031199179203312527,2.2997835971460456,231,0.06722926930796083,0.14092028878398402
2016-11-01 00:00:00-04:00,26.12321316150568,26.12321316150568,25.629234652578994,25.744497299194336,2252500,0.0,0.0,0.05280829015544042,6.083607,0.0016,0.098500006,0.34451,0.06216,0.356,142027210752,0.181,29.523,12943287296,0.315,0.227,0.45,0.2202793529903911,-0.018757948025446166,1.0263519566298853,1.3765822818332791,-0.2290778130332124,0.013989854859610228,0.2309555732143903,0.18470131281221994,0.0025201104082715037,0.0006057380456292723,-0.031199179203312527,2.2997835971460456,231,0.06722926930796083,0.14092028878398402
2016-11-02 00:00:00-04:00,25.678630821826374,25.80212504310565,25.571601345153905,25.621000289916992,2028600,0.0,0.0,0.05280829015544042,6.083607,0.0016,0.098500006,0.34451,0.06216,0.356,142027210752,0.181,29.523,12943287296,0.315,0.227,0.45,0.2202793529903911,-0.018757948025446166,1.0263519566298853,1.3765822818332791,-0.2290778130332124,0.013989854859610228,0.2309555732143903,0.18470131281221994,0.0025201104082715037,0.0006057380456292723,-0.031199179203312527,2.2997835971460456,231,0.06722926930796083,0.14092028878398402
2016-11-03 00:00:00-04:00,25.719792985614898,25.958549821967303,25.6703956151094,25.81035614013672,2647800,0.0,0.0,0.05280829015544042,6.083607,0.0016,0.098500006,0.34451,0.06216,0.356,142027210752,0.181,29.523,12943287296,0.315,0.227,0.45,0.2202793529903911,-0.018757948025446166,1.0263519566298853,1.3765822818332791,-0.2290778130332124,0.013989854859610228,0.2309555732143903,0.18470131281221994,0.0025201104082715037,0.0006057380456292723,-0.031199179203312527,2.2997835971460456,231,0.06722926930796083,0.14092028878398402
2016-11-04 00:00:00-04:00,25.810355405230517,25.826821718368198,25.51396805000848,25.612764358520508,2983500,0.0,0.0,0.05280829015544042,6.083607,0.0016,0.098500006,0.34451,0.06216,0.356,142027210752,0.181,29.523,12943287296,0.315,0.227,0.45,0.2202793529903911,-0.018757948025446166,1.0263519566298853,1.3765822818332791,-0.2290778130332124,0.013989854859610228,0.2309555732143903,0.18470131281221994,0.0025201104082715037,0.0006057380456292723,-0.031199179203312527,2.2997835971460456,231,0.06722926930796083,0.14092028878398402
2016-11-07 00:00:00-05:00,25.909157313297907,25.93385678983954,25.703333053061083,25.89269256591797,2053500,0.0,0.0,0.05280829015544042,6.083607,0.0016,0.098500006,0.34451,0.06216,0.356,142027210752,0.181,29.523,12943287296,0.315,0.227,0.45,0.2202793529903911,-0.018757948025446166,1.0263519566298853,1.3765822818332791,-0.2290778130332124,0.013989854859610228,0.2309555732143903,0.18470131281221994,0.0025201104082715037,0.0006057380456292723,-0.031199179203312527,2.2997835971460456,231,0.06722926930796083,0.14092028878398402
2016-11-08 00:00:00-05:00,25.884457165597006,26.38666724927194,25.785660838300263,26.329036712646484,2594300,0.0,0.0,0.05280829015544042,6.083607,0.0016,0.098500006,0.34451,0.06216,0.356,142027210752,0.181,29.523,12943287296,0.315,0.227,0.45,0.2202793529903911,-0.018757948025446166,1.0263519566298853,1.3765822818332791,-0.2290778130332124,0.013989854859610228,0.2309555732143903,0.18470131281221994,0.0025201104082715037,0.0006057380456292723,-0.031199179203312527,2.2997835971460456,231,0.06722926930796083,0.14092028878398402
2016-11-09 00:00:00-05:00,26.26317024855741,26.51016025559815,26.03264812636308,26.411365509033203,3747400,0.0,0.0,0.05280829015544042,6.083607,0.0016,0.098500006,0.34451,0.06216,0.356,142027210752,0.181,29.523,12943287296,0.315,0.227,0.45,0.2202793529903911,-0.018757948025446166,1.0263519566298853,1.3765822818332791,-0.2290778130332124,0.013989854859610228,0.2309555732143903,0.18470131281221994,0.0025201104082715037,0.0006057380456292723,-0.031199179203312527,2.2997835971460456,231,0.06722926930796083,0.14092028878398402
2016-11-10 00:00:00-05:00,26.518396847405572,27.193500167497955,26.45253471747481,27.16880226135254,4208200,0.0,0.0,0.05280829015544042,6.083607,0.0016,0.098500006,0.34451,0.06216,0.356,142027210752,0.181,29.523,12943287296,0.315,0.227,0.45,0.2202793529903911,-0.018757948025446166,1.0263519566298853,1.3765822818332791,-0.2290778130332124,0.013989854859610228,0.2309555732143903,0.18470131281221994,0.0025201104082715037,0.0006057380456292723,-0.031199179203312527,2.2997835971460456,231,0.06722926930796083,0.14092028878398402
2016-11-11 00:00:00-05:00,27.094699724543755,27.391087098696083,27.053535509384442,27.34168815612793,3030500,0.0,0.0,0.05280829015544042,6.083607,0.0016,0.098500006,0.34451,0.06216,0.356,142027210752,0.181,29.523,12943287296,0.315,0.227,0.45,0.2202793529903911,-0.018757948025446166,1.0263519566298853,1.3765822818332791,-0.2290778130332124,0.013989854859610228,0.2309555732143903,0.18470131281221994,0.0025201104082715037,0.0006057380456292723,-0.031199179203312527,2.2997835971460456,231,0.06722926930796083,0.14092028878398402
2016-11-14 00:00:00-05:00,27.40755618735287,27.63807832808342,27.275828801131325,27.498119354248047,3367300,0.0,0.0,0.05280829015544042,6.083607,0.0016,0.098500006,0.34451,0.06216,0.356,142027210752,0.181,29.523,12943287296,0.315,0.227,0.45,0.2202793529903911,-0.018757948025446166,1.0263519566298853,1.3765822818332791,-0.2290778130332124,0.013989854859610228,0.2309555732143903,0.18470131281221994,0.0025201104082715037,0.0006057380456292723,-0.031199179203312527,2.2997835971460456,231,0.06722926930796083,0.14092028878398402
2016-11-15 00:00:00-05:00,27.473420745014447,27.588681825594872,27.366394393406278,27.44872283935547,3129900,0.0,0.0,0.05280829015544042,6.083607,0.0016,0.098500006,0.34451,0.06216,0.356,142027210752,0.181,29.523,12943287296,0.315,0.227,0.45,0.2202793529903911,-0.018757948025446166,1.0263519566298853,1.3765822818332791,-0.2290778130332124,0.013989854859610228,0.2309555732143903,0.18470131281221994,0.0025201104082715037,0.0006057380456292723,-0.031199179203312527,2.2997835971460456,231,0.06722926930796083,0.14092028878398402
2016-11-16 00:00:00-05:00,27.29228661715175,27.39108134089239,26.68304568272456,26.806541442871094,5138600,0.0,0.0,0.05280829015544042,6.083607,0.0016,0.098500006,0.34451,0.06216,0.356,142027210752,0.181,29.523,12943287296,0.315,0.227,0.45,0.2202793529903911,-0.018757948025446166,1.0263519566298853,1.3765822818332791,-0.2290778130332124,0.013989854859610228,0.2309555732143903,0.18470131281221994,0.0025201104082715037,0.0006057380456292723,-0.031199179203312527,2.2997835971460456,231,0.06722926930796083,0.14092028878398402
2016-11-17 00:00:00-05:00,26.880647665559128,27.19349825684968,26.790084495217062,27.111169815063477,3390200,0.0,0.0,0.05280829015544042,6.083607,0.0016,0.098500006,0.34451,0.06216,0.356,142027210752,0.181,29.523,12943287296,0.315,0.227,0.45,0.2202793529903911,-0.018757948025446166,1.0263519566298853,1.3765822818332791,-0.2290778130332124,0.013989854859610228,0.2309555732143903,0.18470131281221994,0.0025201104082715037,0.0006057380456292723,-0.031199179203312527,2.2997835971460456,231,0.06722926930796083,0.14092028878398402
2016-11-18 00:00:00-05:00,27.102933708768116,27.35815689033741,27.061769489967542,27.119400024414062,2779100,0.0,0.0,0.05280829015544042,6.083607,0.0016,0.098500006,0.34451,0.06216,0.356,142027210752,0.181,29.523,12943287296,0.315,0.227,0.45,0.2202793529903911,-0.018757948025446166,1.0263519566298853,1.3765822818332791,-0.2290778130332124,0.013989854859610228,0.2309555732143903,0.18470131281221994,0.0025201104082715037,0.0006057380456292723,-0.031199179203312527,2.2997835971460456,231,0.06722926930796083,0.14092028878398402
2016-11-21 00:00:00-05:00,27.119400024414062,27.242895821444367,26.979441052366393,27.119400024414062,1790700,0.0,0.0,0.05280829015544042,6.083607,0.0016,0.098500006,0.34451,0.06216,0.356,142027210752,0.181,29.523,12943287296,0.315,0.227,0.45,0.2202793529903911,-0.018757948025446166,1.0263519566298853,1.3765822818332791,-0.2290778130332124,0.013989854859610228,0.2309555732143903,0.18470131281221994,0.0025201104082715037,0.0006057380456292723,-0.031199179203312527,2.2997835971460456,231,0.06722926930796083,0.14092028878398402
2016-11-22 00:00:00-05:00,27.19349654497903,27.50635025720372,27.111168108375526,27.382854461669922,2986400,0.0,0.0,0.05280829015544042,6.083607,0.0016,0.098500006,0.34451,0.06216,0.356,142027210752,0.181,29.523,12943287296,0.315,0.227,0.45,0.2202793529903911,-0.018757948025446166,1.0263519566298853,1.3765822818332791,-0.2290778130332124,0.013989854859610228,0.2309555732143903,0.18470131281221994,0.0025201104082715037,0.0006057380456292723,-0.031199179203312527,2.2997835971460456,231,0.06722926930796083,0.14092028878398402
2016-11-23 00:00:00-05:00,27.382855143254154,27.539283573574416,27.325224608071515,27.498119354248047,1933700,0.0,0.0,0.05280829015544042,6.083607,0.0016,0.098500006,0.34451,0.06216,0.356,142027210752,0.181,29.523,12943287296,0.315,0.227,0.45,0.2202793529903911,-0.018757948025446166,1.0263519566298853,1.3765822818332791,-0.2290778130332124,0.013989854859610228,0.2309555732143903,0.18470131281221994,0.0025201104082715037,0.0006057380456292723,-0.031199179203312527,2.2997835971460456,231,0.06722926930796083,0.14092028878398402
2016-11-25 00:00:00-05:00,27.50633778504075,27.5722030169612,27.448707277423914,27.539270401000977,702800,0.0,0.0,0.05280829015544042,6.083607,0.0016,0.098500006,0.34451,0.06216,0.356,142027210752,0.181,29.523,12943287296,0.315,0.227,0.45,0.2202793529903911,-0.018757948025446166,1.0263519566298853,1.3765822818332791,-0.2290778130332124,0.013989854859610228,0.2309555732143903,0.18470131281221994,0.0025201104082715037,0.0006057380456292723,-0.031199179203312527,2.2997835971460456,231,0.06722926930796083,0.14092028878398402
2016-11-28 00:00:00-05:00,27.391089026130086,27.605144844397994,27.391089026130086,27.51458168029785,2120900,0.0,0.0,0.05280829015544042,6.083607,0.0016,0.098500006,0.34451,0.06216,0.356,142027210752,0.181,29.523,12943287296,0.315,0.227,0.45,0.2202793529903911,-0.018757948025446166,1.0263519566298853,1.3765822818332791,-0.2290778130332124,0.013989854859610228,0.2309555732143903,0.18470131281221994,0.0025201104082715037,0.0006057380456292723,-0.031199179203312527,2.2997835971460456,231,0.06722926930796083,0.14092028878398402
2016-11-29 00:00:00-05:00,27.547511018645196,27.654540485301755,27.40755206585659,27.64630889892578,2439600,0.0,0.0,0.05280829015544042,6.083607,0.0016,0.098500006,0.34451,0.06216,0.356,142027210752,0.181,29.523,12943287296,0.315,0.227,0.45,0.2202793529903911,-0.018757948025446166,1.0263519566298853,1.3765822818332791,-0.2290778130332124,0.013989854859610228,0.2309555732143903,0.18470131281221994,0.0025201104082715037,0.0006057380456292723,-0.031199179203312527,2.2997835971460456,231,0.06722926930796083,0.14092028878398402
2016-11-30 00:00:00-05:00,27.66277903951921,27.745110627157796,27.391092651884225,27.415790557861328,5265600,0.0,0.0,0.05280829015544042,6.083607,0.0016,0.098500006,0.34451,0.06216,0.356,142027210752,0.181,29.523,12943287296,0.315,0.227,0.45,0.2202793529903911,-0.018757948025446166,1.0263519566298853,1.3765822818332791,-0.2290778130332124,0.013989854859610228,0.2309555732143903,0.18470131281221994,0.0025201104082715037,0.0006057380456292723,-0.031199179203312527,2.2997835971460456,231,0.06722926930796083,0.14092028878398402
2016-12-01 00:00:00-05:00,27.3993194094817,27.73687100771287,27.3993194094817,27.687475204467773,2490500,0.0,0.0,0.05280829015544042,6.083607,0.0016,0.098500006,0.34451,0.06216,0.356,142027210752,0.181,29.523,12943287296,0.315,0.227,0.45,0.2202793529903911,-0.018757948025446166,1.0263519566298853,1.3765822818332791,-0.2290778130332124,0.013989854859610228,0.2309555732143903,0.18470131281221994,0.0025201104082715037,0.0006057380456292723,-0.031199179203312527,2.2997835971460456,231,0.06722926930796083,0.14092028878398402
2016-12-02 00:00:00-05:00,27.68747537072123,27.745105901938818,27.522815364115946,27.613378524780273,1760000,0.0,0.0,0.05280829015544042,6.083607,0.0016,0.098500006,0.34451,0.06216,0.356,142027210752,0.181,29.523,12943287296,0.315,0.227,0.45,0.2202793529903911,-0.018757948025446166,1.0263519566298853,1.3765822818332791,-0.2290778130332124,0.013989854859610228,0.2309555732143903,0.18470131281221994,0.0025201104082715037,0.0006057380456292723,-0.031199179203312527,2.2997835971460456,231,0.06722926930796083,0.14092028878398402
2016-12-05 00:00:00-05:00,27.72864027502688,27.745106590158695,27.3993202536475,27.432252883911133,3038700,0.0,0.0,0.05280829015544042,6.083607,0.0016,0.098500006,0.34451,0.06216,0.356,142027210752,0.181,29.523,12943287296,0.315,0.227,0.45,0.2202793529903911,-0.018757948025446166,1.0263519566298853,1.3765822818332791,-0.2290778130332124,0.013989854859610228,0.2309555732143903,0.18470131281221994,0.0025201104082715037,0.0006057380456292723,-0.031199179203312527,2.2997835971460456,231,0.06722926930796083,0.14092028878398402
2016-12-06 00:00:00-05:00,27.448707975585645,27.65453211963154,27.440476391699775,27.531036376953125,7083100,0.0,0.0,0.05280829015544042,6.083607,0.0016,0.098500006,0.34451,0.06216,0.356,142027210752,0.181,29.523,12943287296,0.315,0.227,0.45,0.2202793529903911,-0.018757948025446166,1.0263519566298853,1.3765822818332791,-0.2290778130332124,0.013989854859610228,0.2309555732143903,0.18470131281221994,0.0025201104082715037,0.0006057380456292723,-0.031199179203312527,2.2997835971460456,231,0.06722926930796083,0.14092028878398402
2016-12-07 00:00:00-05:00,27.61337821071548,27.909765591108307,27.51458032349896,27.876832962036133,3773800,0.0,0.0,0.05280829015544042,6.083607,0.0016,0.098500006,0.34451,0.06216,0.356,142027210752,0.181,29.523,12943287296,0.315,0.227,0.45,0.2202793529903911,-0.018757948025446166,1.0263519566298853,1.3765822818332791,-0.2290778130332124,0.013989854859610228,0.2309555732143903,0.18470131281221994,0.0025201104082715037,0.0006057380456292723,-0.031199179203312527,2.2997835971460456,231,0.06722926930796083,0.14092028878398402
2016-12-08 00:00:00-05:00,27.91799927567463,28.15675614344428,27.786271890117,28.033260345458984,2477500,0.0,0.0,0.05280829015544042,6.083607,0.0016,0.098500006,0.34451,0.06216,0.356,142027210752,0.181,29.523,12943287296,0.315,0.227,0.45,0.2202793529903911,-0.018757948025446166,1.0263519566298853,1.3765822818332791,-0.2290778130332124,0.013989854859610228,0.2309555732143903,0.18470131281221994,0.0025201104082715037,0.0006057380456292723,-0.031199179203312527,2.2997835971460456,231,0.06722926930796083,0.14092028878398402
2016-12-09 00:00:00-05:00,28.066186596640595,28.222611849983256,27.876828719238045,28.214380264282227,2830700,0.0,0.0,0.05280829015544042,6.083607,0.0016,0.098500006,0.34451,0.06216,0.356,142027210752,0.181,29.523,12943287296,0.315,0.227,0.45,0.2202793529903911,-0.018757948025446166,1.0263519566298853,1.3765822818332791,-0.2290778130332124,0.013989854859610228,0.2309555732143903,0.18470131281221994,0.0025201104082715037,0.0006057380456292723,-0.031199179203312527,2.2997835971460456,231,0.06722926930796083,0.14092028878398402
2016-12-12 00:00:00-05:00,28.230850602709555,28.543701154014872,28.18145165957424,28.42844009399414,3538100,0.0,0.0,0.05280829015544042,6.083607,0.0016,0.098500006,0.34451,0.06216,0.356,142027210752,0.181,29.523,12943287296,0.315,0.227,0.45,0.2202793529903911,-0.018757948025446166,1.0263519566298853,1.3765822818332791,-0.2290778130332124,0.013989854859610228,0.2309555732143903,0.18470131281221994,0.0025201104082715037,0.0006057380456292723,-0.031199179203312527,2.2997835971460456,231,0.06722926930796083,0.14092028878398402
2016-12-13 00:00:00-05:00,28.49431283264215,28.49431283264215,28.288488559815356,28.329652786254883,2446800,0.0,0.0,0.05280829015544042,6.083607,0.0016,0.098500006,0.34451,0.06216,0.356,142027210752,0.181,29.523,12943287296,0.315,0.227,0.45,0.2202793529903911,-0.018757948025446166,1.0263519566298853,1.3765822818332791,-0.2290778130332124,0.013989854859610228,0.2309555732143903,0.18470131281221994,0.0025201104082715037,0.0006057380456292723,-0.031199179203312527,2.2997835971460456,231,0.06722926930796083,0.14092028878398402
2016-12-14 00:00:00-05:00,28.329646079414243,29.12001034620506,28.29671344980752,28.889488220214844,8591600,0.0,0.0,0.05280829015544042,6.083607,0.0016,0.098500006,0.34451,0.06216,0.356,142027210752,0.181,29.523,12943287296,0.315,0.227,0.45,0.2202793529903911,-0.018757948025446166,1.0263519566298853,1.3765822818332791,-0.2290778130332124,0.013989854859610228,0.2309555732143903,0.18470131281221994,0.0025201104082715037,0.0006057380456292723,-0.031199179203312527,2.2997835971460456,231,0.06722926930796083,0.14092028878398402
2016-12-15 00:00:00-05:00,28.97181203514453,29.358762519767865,28.905949927058728,29.20233726501465,4447700,0.0,0.0,0.05280829015544042,6.083607,0.0016,0.098500006,0.34451,0.06216,0.356,142027210752,0.181,29.523,12943287296,0.315,0.227,0.45,0.2202793529903911,-0.018757948025446166,1.0263519566298853,1.3765822818332791,-0.2290778130332124,0.013989854859610228,0.2309555732143903,0.18470131281221994,0.0025201104082715037,0.0006057380456292723,-0.031199179203312527,2.2997835971460456,231,0.06722926930796083,0.14092028878398402
2016-12-16 00:00:00-05:00,29.27643380784286,29.515187480481774,29.202336974092052,29.408161163330078,7491700,0.0,0.0,0.05280829015544042,6.083607,0.0016,0.098500006,0.34451,0.06216,0.356,142027210752,0.181,29.523,12943287296,0.315,0.227,0.45,0.2202793529903911,-0.018757948025446166,1.0263519566298853,1.3765822818332791,-0.2290778130332124,0.013989854859610228,0.2309555732143903,0.18470131281221994,0.0025201104082715037,0.0006057380456292723,-0.031199179203312527,2.2997835971460456,231,0.06722926930796083,0.14092028878398402
2016-12-19 00:00:00-05:00,29.482262701082316,29.52342691737224,29.358766911584144,29.383464813232422,3218900,0.0,0.0,0.05280829015544042,6.083607,0.0016,0.098500006,0.34451,0.06216,0.356,142027210752,0.181,29.523,12943287296,0.315,0.227,0.45,0.2202793529903911,-0.018757948025446166,1.0263519566298853,1.3765822818332791,-0.2290778130332124,0.013989854859610228,0.2309555732143903,0.18470131281221994,0.0025201104082715037,0.0006057380456292723,-0.031199179203312527,2.2997835971460456,231,0.06722926930796083,0.14092028878398402
2016-12-20 00:00:00-05:00,29.42463302612305,29.523427776218522,29.37523408076107,29.424633026123047,1962300,0.0,0.0,0.05280829015544042,6.083607,0.0016,0.098500006,0.34451,0.06216,0.356,142027210752,0.181,29.523,12943287296,0.315,0.227,0.45,0.2202793529903911,-0.018757948025446166,1.0263519566298853,1.3765822818332791,-0.2290778130332124,0.013989854859610228,0.2309555732143903,0.18470131281221994,0.0025201104082715037,0.0006057380456292723,-0.031199179203312527,2.2997835971460456,231,0.06722926930796083,0.14092028878398402
2016-12-21 00:00:00-05:00,29.408165507817255,29.59752341301486,29.366998151385662,29.416397094726562,1897700,0.0,0.0,0.05280829015544042,6.083607,0.0016,0.098500006,0.34451,0.06216,0.356,142027210752,0.181,29.523,12943287296,0.315,0.227,0.45,0.2202793529903911,-0.018757948025446166,1.0263519566298853,1.3765822818332791,-0.2290778130332124,0.013989854859610228,0.2309555732143903,0.18470131281221994,0.0025201104082715037,0.0006057380456292723,-0.031199179203312527,2.2997835971460456,231,0.06722926930796083,0.14092028878398402
2016-12-22 00:00:00-05:00,29.39992347117345,29.490486607802723,29.276430854465183,29.32582664489746,2862500,0.0,0.0,0.05280829015544042,6.083607,0.0016,0.098500006,0.34451,0.06216,0.356,142027210752,0.181,29.523,12943287296,0.315,0.227,0.45,0.2202793529903911,-0.018757948025446166,1.0263519566298853,1.3765822818332791,-0.2290778130332124,0.013989854859610228,0.2309555732143903,0.18470131281221994,0.0025201104082715037,0.0006057380456292723,-0.031199179203312527,2.2997835971460456,231,0.06722926930796083,0.14092028878398402
2016-12-23 00:00:00-05:00,29.35053358066858,29.408164108175946,29.19410517118156,29.30936622619629,2689200,0.0,0.0,0.05280829015544042,6.083607,0.0016,0.098500006,0.34451,0.06216,0.356,142027210752,0.181,29.523,12943287296,0.315,0.227,0.45,0.2202793529903911,-0.018757948025446166,1.0263519566298853,1.3765822818332791,-0.2290778130332124,0.013989854859610228,0.2309555732143903,0.18470131281221994,0.0025201104082715037,0.0006057380456292723,-0.031199179203312527,2.2997835971460456,231,0.06722926930796083,0.14092028878398402
2016-12-27 00:00:00-05:00,29.325833935582416,29.457561310529808,29.23527077643827,29.416397094726562,1239700,0.0,0.0,0.05280829015544042,6.083607,0.0016,0.098500006,0.34451,0.06216,0.356,142027210752,0.181,29.523,12943287296,0.315,0.227,0.45,0.2202793529903911,-0.018757948025446166,1.0263519566298853,1.3765822818332791,-0.2290778130332124,0.013989854859610228,0.2309555732143903,0.18470131281221994,0.0025201104082715037,0.0006057380456292723,-0.031199179203312527,2.2997835971460456,231,0.06722926930796083,0.14092028878398402
2016-12-28 00:00:00-05:00,29.375228831946295,29.48225829079214,29.18587095283622,29.20233726501465,1366900,0.0,0.0,0.05280829015544042,6.083607,0.0016,0.098500006,0.34451,0.06216,0.356,142027210752,0.181,29.523,12943287296,0.315,0.227,0.45,0.2202793529903911,-0.018757948025446166,1.0263519566298853,1.3765822818332791,-0.2290778130332124,0.013989854859610228,0.2309555732143903,0.18470131281221994,0.0025201104082715037,0.0006057380456292723,-0.031199179203312527,2.2997835971460456,231,0.06722926930796083,0.14092028878398402
2016-12-29 00:00:00-05:00,29.227049400815343,29.309377861185578,29.08709039006005,29.235280990600586,1318100,0.0,0.0,0.05280829015544042,6.083607,0.0016,0.098500006,0.34451,0.06216,0.356,142027210752,0.181,29.523,12943287296,0.315,0.227,0.45,0.2202793529903911,-0.018757948025446166,1.0263519566298853,1.3765822818332791,-0.2290778130332124,0.013989854859610228,0.2309555732143903,0.18470131281221994,0.0025201104082715037,0.0006057380456292723,-0.031199179203312527,2.2997835971460456,231,0.06722926930796083,0.14092028878398402
2016-12-30 00:00:00-05:00,29.30937159462327,29.32583791130258,29.144714709087665,29.22704315185547,1561400,0.0,0.0,0.05280829015544042,6.083607,0.0016,0.098500006,0.34451,0.06216,0.356,142027210752,0.181,29.523,12943287296,0.315,0.227,0.45,0.2202793529903911,-0.018757948025446166,1.0263519566298853,1.3765822818332791,-0.2290778130332124,0.013989854859610228,0.2309555732143903,0.18470131281221994,0.0025201104082715037,0.0006057380456292723,-0.031199179203312527,2.2997835971460456,231,0.06722926930796083,0.14092028878398402
2017-01-03 00:00:00-05:00,29.424628491716412,29.457557976254737,29.00474537241581,29.251733779907227,2993300,0.0,0.0,0.05280829015544042,6.083607,0.0016,0.098500006,0.34451,0.06216,0.356,142027210752,0.181,29.523,12943287296,0.315,0.227,0.45,0.2202793529903911,-0.018757948025446166,1.0263519566298853,1.3765822818332791,-0.2290778130332124,0.013989854859610228,0.2309555732143903,0.18470131281221994,0.0025201104082715037,0.0006057380456292723,-0.031199179203312527,2.2997835971460456,231,0.06722926930796083,0.14092028878398402
2017-01-04 00:00:00-05:00,29.334070748671802,29.597525517297314,29.334070748671802,29.515193939208984,2915700,0.0,0.0,0.05280829015544042,6.083607,0.0016,0.098500006,0.34451,0.06216,0.356,142027210752,0.181,29.523,12943287296,0.315,0.227,0.45,0.2202793529903911,-0.018757948025446166,1.0263519566298853,1.3765822818332791,-0.2290778130332124,0.013989854859610228,0.2309555732143903,0.18470131281221994,0.0025201104082715037,0.0006057380456292723,-0.031199179203312527,2.2997835971460456,231,0.06722926930796083,0.14092028878398402
2017-01-05 00:00:00-05:00,29.58106058328436,29.597526899671095,29.26820685319379,29.5069637298584,2348800,0.0,0.0,0.05280829015544042,6.083607,0.0016,0.098500006,0.34451,0.06216,0.356,142027210752,0.181,29.523,12943287296,0.315,0.227,0.45,0.2202793529903911,-0.018757948025446166,1.0263519566298853,1.3765822818332791,-0.2290778130332124,0.013989854859610228,0.2309555732143903,0.18470131281221994,0.0025201104082715037,0.0006057380456292723,-0.031199179203312527,2.2997835971460456,231,0.06722926930796083,0.14092028878398402
2017-01-06 00:00:00-05:00,29.47403317244357,29.786886924563145,29.449335266438766,29.66339111328125,2147000,0.0,0.0,0.05280829015544042,6.083607,0.0016,0.098500006,0.34451,0.06216,0.356,142027210752,0.181,29.523,12943287296,0.315,0.227,0.45,0.2202793529903911,-0.018757948025446166,1.0263519566298853,1.3765822818332791,-0.2290778130332124,0.013989854859610228,0.2309555732143903,0.18470131281221994,0.0025201104082715037,0.0006057380456292723,-0.031199179203312527,2.2997835971460456,231,0.06722926930796083,0.14092028878398402
2017-01-09 00:00:00-05:00,29.622216938261356,29.622216938261356,29.408161163330078,29.408161163330078,1876300,0.0,0.0,0.05280829015544042,6.083607,0.0016,0.098500006,0.34451,0.06216,0.356,142027210752,0.181,29.523,12943287296,0.315,0.227,0.45,0.2202793529903911,-0.018757948025446166,1.0263519566298853,1.3765822818332791,-0.2290778130332124,0.013989854859610228,0.2309555732143903,0.18470131281221994,0.0025201104082715037,0.0006057380456292723,-0.031199179203312527,2.2997835971460456,231,0.06722926930796083,0.14092028878398402
2017-01-10 00:00:00-05:00,29.622218624770454,30.050333339635145,29.48225967562157,29.90213966369629,3641700,0.0,0.0,0.05280829015544042,6.083607,0.0016,0.098500006,0.34451,0.06216,0.356,142027210752,0.181,29.523,12943287296,0.315,0.227,0.45,0.2202793529903911,-0.018757948025446166,1.0263519566298853,1.3765822818332791,-0.2290778130332124,0.013989854859610228,0.2309555732143903,0.18470131281221994,0.0025201104082715037,0.0006057380456292723,-0.031199179203312527,2.2997835971460456,231,0.06722926930796083,0.14092028878398402
2017-01-11 00:00:00-05:00,29.828044050068616,30.124431414112042,29.81981246356883,30.025636672973633,3412000,0.0,0.0,0.05280829015544042,6.083607,0.0016,0.098500006,0.34451,0.06216,0.356,142027210752,0.181,29.523,12943287296,0.315,0.227,0.45,0.2202793529903911,-0.018757948025446166,1.0263519566298853,1.3765822818332791,-0.2290778130332124,0.013989854859610228,0.2309555732143903,0.18470131281221994,0.0025201104082715037,0.0006057380456292723,-0.031199179203312527,2.2997835971460456,231,0.06722926930796083,0.14092028878398402
2017-01-12 00:00:00-05:00,29.88567506275869,29.88567506275869,29.605754007797454,29.803346633911133,2388000,0.0,0.0,0.05280829015544042,6.083607,0.0016,0.098500006,0.34451,0.06216,0.356,142027210752,0.181,29.523,12943287296,0.315,0.227,0.45,0.2202793529903911,-0.018757948025446166,1.0263519566298853,1.3765822818332791,-0.2290778130332124,0.013989854859610228,0.2309555732143903,0.18470131281221994,0.0025201104082715037,0.0006057380456292723,-0.031199179203312527,2.2997835971460456,231,0.06722926930796083,0.14092028878398402
2017-01-13 00:00:00-05:00,29.90213773871475,30.050331405113482,29.819809319883394,29.844507217407227,1208200,0.0,0.0,0.05280829015544042,6.083607,0.0016,0.098500006,0.34451,0.06216,0.356,142027210752,0.181,29.523,12943287296,0.315,0.227,0.45,0.2202793529903911,-0.018757948025446166,1.0263519566298853,1.3765822818332791,-0.2290778130332124,0.013989854859610228,0.2309555732143903,0.18470131281221994,0.0025201104082715037,0.0006057380456292723,-0.031199179203312527,2.2997835971460456,231,0.06722926930796083,0.14092028878398402
2017-01-17 00:00:00-05:00,29.721015738023766,29.86920942581058,29.51519152061189,29.622220993041992,2367800,0.0,0.0,0.05280829015544042,6.083607,0.0016,0.098500006,0.34451,0.06216,0.356,142027210752,0.181,29.523,12943287296,0.315,0.227,0.45,0.2202793529903911,-0.018757948025446166,1.0263519566298853,1.3765822818332791,-0.2290778130332124,0.013989854859610228,0.2309555732143903,0.18470131281221994,0.0025201104082715037,0.0006057380456292723,-0.031199179203312527,2.2997835971460456,231,0.06722926930796083,0.14092028878398402
2017-01-18 00:00:00-05:00,29.737483821431056,29.992706996831686,29.59752485276615,29.926841735839844,2113400,0.0,0.0,0.05280829015544042,6.083607,0.0016,0.098500006,0.34451,0.06216,0.356,142027210752,0.181,29.523,12943287296,0.315,0.227,0.45,0.2202793529903911,-0.018757948025446166,1.0263519566298853,1.3765822818332791,-0.2290778130332124,0.013989854859610228,0.2309555732143903,0.18470131281221994,0.0025201104082715037,0.0006057380456292723,-0.031199179203312527,2.2997835971460456,231,0.06722926930796083,0.14092028878398402
2017-01-19 00:00:00-05:00,29.976239802468136,30.017404019066557,29.795113480680982,29.951541900634766,2310100,0.0,0.0,0.05280829015544042,6.083607,0.0016,0.098500006,0.34451,0.06216,0.356,142027210752,0.181,29.523,12943287296,0.315,0.227,0.45,0.2202793529903911,-0.018757948025446166,1.0263519566298853,1.3765822818332791,-0.2290778130332124,0.013989854859610228,0.2309555732143903,0.18470131281221994,0.0025201104082715037,0.0006057380456292723,-0.031199179203312527,2.2997835971460456,231,0.06722926930796083,0.14092028878398402
2017-01-20 00:00:00-05:00,29.95977142997246,30.17383036658748,29.943305116338365,30.083267211914062,2233700,0.0,0.0,0.05280829015544042,6.083607,0.0016,0.098500006,0.34451,0.06216,0.356,142027210752,0.181,29.523,12943287296,0.315,0.227,0.45,0.2202793529903911,-0.018757948025446166,1.0263519566298853,1.3765822818332791,-0.2290778130332124,0.013989854859610228,0.2309555732143903,0.18470131281221994,0.0025201104082715037,0.0006057380456292723,-0.031199179203312527,2.2997835971460456,231,0.06722926930796083,0.14092028878398402
2017-01-23 00:00:00-05:00,30.066805587685103,30.066805587685103,29.778649765088193,30.000940322875977,3011300,0.0,0.0,0.05280829015544042,6.083607,0.0016,0.098500006,0.34451,0.06216,0.356,142027210752,0.181,29.523,12943287296,0.315,0.227,0.45,0.2202793529903911,-0.018757948025446166,1.0263519566298853,1.3765822818332791,-0.2290778130332124,0.013989854859610228,0.2309555732143903,0.18470131281221994,0.0025201104082715037,0.0006057380456292723,-0.031199179203312527,2.2997835971460456,231,0.06722926930796083,0.14092028878398402
2017-01-24 00:00:00-05:00,30.066793299147992,30.182054324827188,29.869200726106946,30.14089012145996,2946500,0.0,0.0,0.05280829015544042,6.083607,0.0016,0.098500006,0.34451,0.06216,0.356,142027210752,0.181,29.523,12943287296,0.315,0.227,0.45,0.2202793529903911,-0.018757948025446166,1.0263519566298853,1.3765822818332791,-0.2290778130332124,0.013989854859610228,0.2309555732143903,0.18470131281221994,0.0025201104082715037,0.0006057380456292723,-0.031199179203312527,2.2997835971460456,231,0.06722926930796083,0.14092028878398402
2017-01-25 00:00:00-05:00,30.272634902521393,31.2111930989393,30.190303307712412,31.095932006835938,5169800,0.0,0.0,0.05280829015544042,6.083607,0.0016,0.098500006,0.34451,0.06216,0.356,142027210752,0.181,29.523,12943287296,0.315,0.227,0.45,0.2202793529903911,-0.018757948025446166,1.0263519566298853,1.3765822818332791,-0.2290778130332124,0.013989854859610228,0.2309555732143903,0.18470131281221994,0.0025201104082715037,0.0006057380456292723,-0.031199179203312527,2.2997835971460456,231,0.06722926930796083,0.14092028878398402
2017-01-26 00:00:00-05:00,31.178254211048564,31.32644791136873,31.062993142050342,31.31821632385254,2772900,0.0,0.0,0.05280829015544042,6.083607,0.0016,0.098500006,0.34451,0.06216,0.356,142027210752,0.181,29.523,12943287296,0.315,0.227,0.45,0.2202793529903911,-0.018757948025446166,1.0263519566298853,1.3765822818332791,-0.2290778130332124,0.013989854859610228,0.2309555732143903,0.18470131281221994,0.0025201104082715037,0.0006057380456292723,-0.031199179203312527,2.2997835971460456,231,0.06722926930796083,0.14092028878398402
2017-01-27 00:00:00-05:00,31.326444441940303,31.42523918433596,31.178250758032704,31.285280227661133,2140900,0.0,0.0,0.05280829015544042,6.083607,0.0016,0.098500006,0.34451,0.06216,0.356,142027210752,0.181,29.523,12943287296,0.315,0.227,0.45,0.2202793529903911,-0.018757948025446166,1.0263519566298853,1.3765822818332791,-0.2290778130332124,0.013989854859610228,0.2309555732143903,0.18470131281221994,0.0025201104082715037,0.0006057380456292723,-0.031199179203312527,2.2997835971460456,231,0.06722926930796083,0.14092028878398402
2017-01-30 00:00:00-05:00,31.260594016403072,31.260594016403072,30.79954647844478,30.86541175842285,3223100,0.0,0.0,0.05280829015544042,6.083607,0.0016,0.098500006,0.34451,0.06216,0.356,142027210752,0.181,29.523,12943287296,0.315,0.227,0.45,0.2202793529903911,-0.018757948025446166,1.0263519566298853,1.3765822818332791,-0.2290778130332124,0.013989854859610228,0.2309555732143903,0.18470131281221994,0.0025201104082715037,0.0006057380456292723,-0.031199179203312527,2.2997835971460456,231,0.06722926930796083,0.14092028878398402
2017-01-31 00:00:00-05:00,30.873636772949396,30.931267310341934,30.643114623379237,30.824237823486328,3354900,0.0,0.0,0.05280829015544042,6.083607,0.0016,0.098500006,0.34451,0.06216,0.356,142027210752,0.181,29.523,12943287296,0.315,0.227,0.45,0.2202793529903911,-0.018757948025446166,1.0263519566298853,1.3765822818332791,-0.2290778130332124,0.013989854859610228,0.2309555732143903,0.18470131281221994,0.0025201104082715037,0.0006057380456292723,-0.031199179203312527,2.2997835971460456,231,0.06722926930796083,0.14092028878398402
2017-02-01 00:00:00-05:00,30.892157622289034,31.23596272160795,30.80830396833295,30.976011276245117,3494600,0.681,0.0,0.05280829015544042,6.083607,0.0016,0.098500006,0.34451,0.06216,0.356,142027210752,0.181,29.523,12943287296,0.315,0.227,0.45,0.2202793529903911,-0.018757948025446166,1.0263519566298853,1.3765822818332791,-0.2290778130332124,0.013989854859610228,0.2309555732143903,0.18470131281221994,0.0025201104082715037,0.0006057380456292723,-0.031199179203312527,2.2997835971460456,231,0.06722926930796083,0.14092028878398402
2017-02-02 00:00:00-05:00,30.934092276766577,31.23597062549413,30.841851314787306,31.101802825927734,3522600,0.0,0.0,0.05280829015544042,6.083607,0.0016,0.098500006,0.34451,0.06216,0.356,142027210752,0.181,29.523,12943287296,0.315,0.227,0.45,0.2202793529903911,-0.018757948025446166,1.0263519566298853,1.3765822818332791,-0.2290778130332124,0.013989854859610228,0.2309555732143903,0.18470131281221994,0.0025201104082715037,0.0006057380456292723,-0.031199179203312527,2.2997835971460456,231,0.06722926930796083,0.14092028878398402
2017-02-03 00:00:00-05:00,31.370134464179536,31.437219954898662,31.017945234340896,31.13534164428711,4121300,0.0,0.0,0.05280829015544042,6.083607,0.0016,0.098500006,0.34451,0.06216,0.356,142027210752,0.181,29.523,12943287296,0.315,0.227,0.45,0.2202793529903911,-0.018757948025446166,1.0263519566298853,1.3765822818332791,-0.2290778130332124,0.013989854859610228,0.2309555732143903,0.18470131281221994,0.0025201104082715037,0.0006057380456292723,-0.031199179203312527,2.2997835971460456,231,0.06722926930796083,0.14092028878398402
2017-02-06 00:00:00-05:00,30.992781198053102,31.17726306670718,30.96762574280453,31.03470802307129,2124900,0.0,0.0,0.05280829015544042,6.083607,0.0016,0.098500006,0.34451,0.06216,0.356,142027210752,0.181,29.523,12943287296,0.315,0.227,0.45,0.2202793529903911,-0.018757948025446166,1.0263519566298853,1.3765822818332791,-0.2290778130332124,0.013989854859610228,0.2309555732143903,0.18470131281221994,0.0025201104082715037,0.0006057380456292723,-0.031199179203312527,2.2997835971460456,231,0.06722926930796083,0.14092028878398402
2017-02-07 00:00:00-05:00,31.110176860859912,31.16049096899337,30.841841348438074,31.059865951538086,2643400,0.0,0.0,0.05280829015544042,6.083607,0.0016,0.098500006,0.34451,0.06216,0.356,142027210752,0.181,29.523,12943287296,0.315,0.227,0.45,0.2202793529903911,-0.018757948025446166,1.0263519566298853,1.3765822818332791,-0.2290778130332124,0.013989854859610228,0.2309555732143903,0.18470131281221994,0.0025201104082715037,0.0006057380456292723,-0.031199179203312527,2.2997835971460456,231,0.06722926930796083,0.14092028878398402
2017-02-08 00:00:00-05:00,31.034706836808805,31.1101763984815,30.892154997433487,31.00116729736328,2070300,0.0,0.0,0.05280829015544042,6.083607,0.0016,0.098500006,0.34451,0.06216,0.356,142027210752,0.181,29.523,12943287296,0.315,0.227,0.45,0.2202793529903911,-0.018757948025446166,1.0263519566298853,1.3765822818332791,-0.2290778130332124,0.013989854859610228,0.2309555732143903,0.18470131281221994,0.0025201104082715037,0.0006057380456292723,-0.031199179203312527,2.2997835971460456,231,0.06722926930796083,0.14092028878398402
2017-02-09 00:00:00-05:00,31.001171473330952,31.32820521836137,30.92570190149224,31.294662475585938,2149400,0.0,0.0,0.05280829015544042,6.083607,0.0016,0.098500006,0.34451,0.06216,0.356,142027210752,0.181,29.523,12943287296,0.315,0.227,0.45,0.2202793529903911,-0.018757948025446166,1.0263519566298853,1.3765822818332791,-0.2290778130332124,0.013989854859610228,0.2309555732143903,0.18470131281221994,0.0025201104082715037,0.0006057380456292723,-0.031199179203312527,2.2997835971460456,231,0.06722926930796083,0.14092028878398402
2017-02-10 00:00:00-05:00,31.2108010231739,31.63007560672514,31.2108010231739,31.579761505126953,2575300,0.0,0.0,0.05280829015544042,6.083607,0.0016,0.098500006,0.34451,0.06216,0.356,142027210752,0.181,29.523,12943287296,0.315,0.227,0.45,0.2202793529903911,-0.018757948025446166,1.0263519566298853,1.3765822818332791,-0.2290778130332124,0.013989854859610228,0.2309555732143903,0.18470131281221994,0.0025201104082715037,0.0006057380456292723,-0.031199179203312527,2.2997835971460456,231,0.06722926930796083,0.14092028878398402
2017-02-13 00:00:00-05:00,31.630077672659578,31.655233125696103,31.403668998896567,31.529449462890625,2515300,0.0,0.0,0.05280829015544042,6.083607,0.0016,0.098500006,0.34451,0.06216,0.356,142027210752,0.181,29.523,12943287296,0.315,0.227,0.45,0.2202793529903911,-0.018757948025446166,1.0263519566298853,1.3765822818332791,-0.2290778130332124,0.013989854859610228,0.2309555732143903,0.18470131281221994,0.0025201104082715037,0.0006057380456292723,-0.031199179203312527,2.2997835971460456,231,0.06722926930796083,0.14092028878398402
2017-02-14 00:00:00-05:00,31.529457482681753,31.537844768368256,31.269509205020412,31.403676986694336,2320400,0.0,0.0,0.05280829015544042,6.083607,0.0016,0.098500006,0.34451,0.06216,0.356,142027210752,0.181,29.523,12943287296,0.315,0.227,0.45,0.2202793529903911,-0.018757948025446166,1.0263519566298853,1.3765822818332791,-0.2290778130332124,0.013989854859610228,0.2309555732143903,0.18470131281221994,0.0025201104082715037,0.0006057380456292723,-0.031199179203312527,2.2997835971460456,231,0.06722926930796083,0.14092028878398402
2017-02-15 00:00:00-05:00,31.655238705256554,32.23383661876045,31.655238705256554,32.19190979003906,4086900,0.0,0.0,0.05280829015544042,6.083607,0.0016,0.098500006,0.34451,0.06216,0.356,142027210752,0.181,29.523,12943287296,0.315,0.227,0.45,0.2202793529903911,-0.018757948025446166,1.0263519566298853,1.3765822818332791,-0.2290778130332124,0.013989854859610228,0.2309555732143903,0.18470131281221994,0.0025201104082715037,0.0006057380456292723,-0.031199179203312527,2.2997835971460456,231,0.06722926930796083,0.14092028878398402
2017-02-16 00:00:00-05:00,32.20867805229568,32.37638854980469,32.09128166368288,32.37638854980469,2445800,0.0,0.0,0.05280829015544042,6.083607,0.0016,0.098500006,0.34451,0.06216,0.356,142027210752,0.181,29.523,12943287296,0.315,0.227,0.45,0.2202793529903911,-0.018757948025446166,1.0263519566298853,1.3765822818332791,-0.2290778130332124,0.013989854859610228,0.2309555732143903,0.18470131281221994,0.0025201104082715037,0.0006057380456292723,-0.031199179203312527,2.2997835971460456,231,0.06722926930796083,0.14092028878398402
2017-02-17 00:00:00-05:00,32.309306988114805,32.36800518953716,32.16675512717826,32.34284973144531,1977000,0.0,0.0,0.05280829015544042,6.083607,0.0016,0.098500006,0.34451,0.06216,0.356,142027210752,0.181,29.523,12943287296,0.315,0.227,0.45,0.2202793529903911,-0.018757948025446166,1.0263519566298853,1.3765822818332791,-0.2290778130332124,0.013989854859610228,0.2309555732143903,0.18470131281221994,0.0025201104082715037,0.0006057380456292723,-0.031199179203312527,2.2997835971460456,231,0.06722926930796083,0.14092028878398402
2017-02-21 00:00:00-05:00,32.39315785404537,32.67826472198873,32.35961511691992,32.64472198486328,2315800,0.0,0.0,0.05280829015544042,6.083607,0.0016,0.098500006,0.34451,0.06216,0.356,142027210752,0.181,29.523,12943287296,0.315,0.227,0.45,0.2202793529903911,-0.018757948025446166,1.0263519566298853,1.3765822818332791,-0.2290778130332124,0.013989854859610228,0.2309555732143903,0.18470131281221994,0.0025201104082715037,0.0006057380456292723,-0.031199179203312527,2.2997835971460456,231,0.06722926930796083,0.14092028878398402
2017-02-22 00:00:00-05:00,32.48540598096936,32.577643730288344,32.31769545698652,32.56925964355469,2126800,0.0,0.0,0.05280829015544042,6.083607,0.0016,0.098500006,0.34451,0.06216,0.356,142027210752,0.181,29.523,12943287296,0.315,0.227,0.45,0.2202793529903911,-0.018757948025446166,1.0263519566298853,1.3765822818332791,-0.2290778130332124,0.013989854859610228,0.2309555732143903,0.18470131281221994,0.0025201104082715037,0.0006057380456292723,-0.031199179203312527,2.2997835971460456,231,0.06722926930796083,0.14092028878398402
2017-02-23 00:00:00-05:00,32.5441073096493,32.879525191011915,32.48540910044053,32.778900146484375,3470800,0.0,0.0,0.05280829015544042,6.083607,0.0016,0.098500006,0.34451,0.06216,0.356,142027210752,0.181,29.523,12943287296,0.315,0.227,0.45,0.2202793529903911,-0.018757948025446166,1.0263519566298853,1.3765822818332791,-0.2290778130332124,0.013989854859610228,0.2309555732143903,0.18470131281221994,0.0025201104082715037,0.0006057380456292723,-0.031199179203312527,2.2997835971460456,231,0.06722926930796083,0.14092028878398402
2017-02-24 00:00:00-05:00,32.61956180685332,32.87112590123504,32.55247634231899,32.74534225463867,1976300,0.0,0.0,0.05280829015544042,6.083607,0.0016,0.098500006,0.34451,0.06216,0.356,142027210752,0.181,29.523,12943287296,0.315,0.227,0.45,0.2202793529903911,-0.018757948025446166,1.0263519566298853,1.3765822818332791,-0.2290778130332124,0.013989854859610228,0.2309555732143903,0.18470131281221994,0.0025201104082715037,0.0006057380456292723,-0.031199179203312527,2.2997835971460456,231,0.06722926930796083,0.14092028878398402
2017-02-27 00:00:00-05:00,32.79567395588923,32.879527632754005,32.51056697621115,32.61957931518555,1663300,0.0,0.0,0.05280829015544042,6.083607,0.0016,0.098500006,0.34451,0.06216,0.356,142027210752,0.181,29.523,12943287296,0.315,0.227,0.45,0.2202793529903911,-0.018757948025446166,1.0263519566298853,1.3765822818332791,-0.2290778130332124,0.013989854859610228,0.2309555732143903,0.18470131281221994,0.0025201104082715037,0.0006057380456292723,-0.031199179203312527,2.2997835971460456,231,0.06722926930796083,0.14092028878398402
2017-02-28 00:00:00-05:00,32.5273287660542,32.92144476975415,32.50217011135844,32.85436248779297,4195000,0.0,0.0,0.05280829015544042,6.083607,0.0016,0.098500006,0.34451,0.06216,0.356,142027210752,0.181,29.523,12943287296,0.315,0.227,0.45,0.2202793529903911,-0.018757948025446166,1.0263519566298853,1.3765822818332791,-0.2290778130332124,0.013989854859610228,0.2309555732143903,0.18470131281221994,0.0025201104082715037,0.0006057380456292723,-0.031199179203312527,2.2997835971460456,231,0.06722926930796083,0.14092028878398402
2017-03-01 00:00:00-05:00,33.28202517414499,33.46650706931081,33.139473308834795,33.43296432495117,4113800,0.0,0.0,0.05280829015544042,6.083607,0.0016,0.098500006,0.34451,0.06216,0.356,142027210752,0.181,29.523,12943287296,0.315,0.227,0.45,0.2202793529903911,-0.018757948025446166,1.0263519566298853,1.3765822818332791,-0.2290778130332124,0.013989854859610228,0.2309555732143903,0.18470131281221994,0.0025201104082715037,0.0006057380456292723,-0.031199179203312527,2.2997835971460456,231,0.06722926930796083,0.14092028878398402
2017-03-02 00:00:00-05:00,33.39942336557307,33.4916611104393,33.231712849686424,33.27363967895508,2345100,0.0,0.0,0.05280829015544042,6.083607,0.0016,0.098500006,0.34451,0.06216,0.356,142027210752,0.181,29.523,12943287296,0.315,0.227,0.45,0.2202793529903911,-0.018757948025446166,1.0263519566298853,1.3765822818332791,-0.2290778130332124,0.013989854859610228,0.2309555732143903,0.18470131281221994,0.0025201104082715037,0.0006057380456292723,-0.031199179203312527,2.2997835971460456,231,0.06722926930796083,0.14092028878398402
2017-03-03 00:00:00-05:00,33.198164651441914,33.40780196214847,33.1478505453002,33.399417877197266,1859000,0.0,0.0,0.05280829015544042,6.083607,0.0016,0.098500006,0.34451,0.06216,0.356,142027210752,0.181,29.523,12943287296,0.315,0.227,0.45,0.2202793529903911,-0.018757948025446166,1.0263519566298853,1.3765822818332791,-0.2290778130332124,0.013989854859610228,0.2309555732143903,0.18470131281221994,0.0025201104082715037,0.0006057380456292723,-0.031199179203312527,2.2997835971460456,231,0.06722926930796083,0.14092028878398402
2017-03-06 00:00:00-05:00,33.206552991827884,33.31556530303249,33.03884568082008,33.0472297668457,2079700,0.0,0.0,0.05280829015544042,6.083607,0.0016,0.098500006,0.34451,0.06216,0.356,142027210752,0.181,29.523,12943287296,0.315,0.227,0.45,0.2202793529903911,-0.018757948025446166,1.0263519566298853,1.3765822818332791,-0.2290778130332124,0.013989854859610228,0.2309555732143903,0.18470131281221994,0.0025201104082715037,0.0006057380456292723,-0.031199179203312527,2.2997835971460456,231,0.06722926930796083,0.14092028878398402
2017-03-07 00:00:00-05:00,33.0807682787111,33.18139329221178,32.92982915905432,32.97175598144531,2215200,0.0,0.0,0.05280829015544042,6.083607,0.0016,0.098500006,0.34451,0.06216,0.356,142027210752,0.181,29.523,12943287296,0.315,0.227,0.45,0.2202793529903911,-0.018757948025446166,1.0263519566298853,1.3765822818332791,-0.2290778130332124,0.013989854859610228,0.2309555732143903,0.18470131281221994,0.0025201104082715037,0.0006057380456292723,-0.031199179203312527,2.2997835971460456,231,0.06722926930796083,0.14092028878398402
2017-03-08 00:00:00-05:00,33.07237271863587,33.08914408315756,32.904665471040374,32.96336364746094,2479000,0.0,0.0,0.05280829015544042,6.083607,0.0016,0.098500006,0.34451,0.06216,0.356,142027210752,0.181,29.523,12943287296,0.315,0.227,0.45,0.2202793529903911,-0.018757948025446166,1.0263519566298853,1.3765822818332791,-0.2290778130332124,0.013989854859610228,0.2309555732143903,0.18470131281221994,0.0025201104082715037,0.0006057380456292723,-0.031199179203312527,2.2997835971460456,231,0.06722926930796083,0.14092028878398402
2017-03-09 00:00:00-05:00,33.03884775380409,33.03884775380409,32.904679977292496,32.996917724609375,2696600,0.0,0.0,0.05280829015544042,6.083607,0.0016,0.098500006,0.34451,0.06216,0.356,142027210752,0.181,29.523,12943287296,0.315,0.227,0.45,0.2202793529903911,-0.018757948025446166,1.0263519566298853,1.3765822818332791,-0.2290778130332124,0.013989854859610228,0.2309555732143903,0.18470131281221994,0.0025201104082715037,0.0006057380456292723,-0.031199179203312527,2.2997835971460456,231,0.06722926930796083,0.14092028878398402
2017-03-10 00:00:00-05:00,33.15624237060547,33.18139782771622,32.98853185930595,33.15624237060547,3515900,0.0,0.0,0.05280829015544042,6.083607,0.0016,0.098500006,0.34451,0.06216,0.356,142027210752,0.181,29.523,12943287296,0.315,0.227,0.45,0.2202793529903911,-0.018757948025446166,1.0263519566298853,1.3765822818332791,-0.2290778130332124,0.013989854859610228,0.2309555732143903,0.18470131281221994,0.0025201104082715037,0.0006057380456292723,-0.031199179203312527,2.2997835971460456,231,0.06722926930796083,0.14092028878398402
2017-03-13 00:00:00-04:00,33.13947190600816,33.282023765283995,33.08915779159856,33.27363967895508,2786200,0.0,0.0,0.05280829015544042,6.083607,0.0016,0.098500006,0.34451,0.06216,0.356,142027210752,0.181,29.523,12943287296,0.315,0.227,0.45,0.2202793529903911,-0.018757948025446166,1.0263519566298853,1.3765822818332791,-0.2290778130332124,0.013989854859610228,0.2309555732143903,0.18470131281221994,0.0025201104082715037,0.0006057380456292723,-0.031199179203312527,2.2997835971460456,231,0.06722926930796083,0.14092028878398402
2017-03-14 00:00:00-04:00,33.206549561440575,33.441345530457454,33.14785136888925,33.34071731567383,2135100,0.0,0.0,0.05280829015544042,6.083607,0.0016,0.098500006,0.34451,0.06216,0.356,142027210752,0.181,29.523,12943287296,0.315,0.227,0.45,0.2202793529903911,-0.018757948025446166,1.0263519566298853,1.3765822818332791,-0.2290778130332124,0.013989854859610228,0.2309555732143903,0.18470131281221994,0.0025201104082715037,0.0006057380456292723,-0.031199179203312527,2.2997835971460456,231,0.06722926930796083,0.14092028878398402
2017-03-15 00:00:00-04:00,33.42456810836905,33.7180590179765,33.349098560354136,33.67613220214844,2558300,0.0,0.0,0.05280829015544042,6.083607,0.0016,0.098500006,0.34451,0.06216,0.356,142027210752,0.181,29.523,12943287296,0.315,0.227,0.45,0.2202793529903911,-0.018757948025446166,1.0263519566298853,1.3765822818332791,-0.2290778130332124,0.013989854859610228,0.2309555732143903,0.18470131281221994,0.0025201104082715037,0.0006057380456292723,-0.031199179203312527,2.2997835971460456,231,0.06722926930796083,0.14092028878398402
2017-03-16 00:00:00-04:00,33.64260061549788,33.81031113318235,33.53359149799322,33.56713104248047,2148100,0.0,0.0,0.05280829015544042,6.083607,0.0016,0.098500006,0.34451,0.06216,0.356,142027210752,0.181,29.523,12943287296,0.315,0.227,0.45,0.2202793529903911,-0.018757948025446166,1.0263519566298853,1.3765822818332791,-0.2290778130332124,0.013989854859610228,0.2309555732143903,0.18470131281221994,0.0025201104082715037,0.0006057380456292723,-0.031199179203312527,2.2997835971460456,231,0.06722926930796083,0.14092028878398402
2017-03-17 00:00:00-04:00,33.609059691344,33.93609342805721,33.53359012142465,33.80192565917969,3869800,0.0,0.0,0.05280829015544042,6.083607,0.0016,0.098500006,0.34451,0.06216,0.356,142027210752,0.181,29.523,12943287296,0.315,0.227,0.45,0.2202793529903911,-0.018757948025446166,1.0263519566298853,1.3765822818332791,-0.2290778130332124,0.013989854859610228,0.2309555732143903,0.18470131281221994,0.0025201104082715037,0.0006057380456292723,-0.031199179203312527,2.2997835971460456,231,0.06722926930796083,0.14092028878398402
2017-03-20 00:00:00-04:00,34.05348556961645,34.145726498967754,33.516814561185065,33.7264518737793,6642600,0.0,0.0,0.05280829015544042,6.083607,0.0016,0.098500006,0.34451,0.06216,0.356,142027210752,0.181,29.523,12943287296,0.315,0.227,0.45,0.2202793529903911,-0.018757948025446166,1.0263519566298853,1.3765822818332791,-0.2290778130332124,0.013989854859610228,0.2309555732143903,0.18470131281221994,0.0025201104082715037,0.0006057380456292723,-0.031199179203312527,2.2997835971460456,231,0.06722926930796083,0.14092028878398402
2017-03-21 00:00:00-04:00,34.16249902758075,34.16249902758075,33.46650159071066,33.55874252319336,5255800,0.0,0.0,0.05280829015544042,6.083607,0.0016,0.098500006,0.34451,0.06216,0.356,142027210752,0.181,29.523,12943287296,0.315,0.227,0.45,0.2202793529903911,-0.018757948025446166,1.0263519566298853,1.3765822818332791,-0.2290778130332124,0.013989854859610228,0.2309555732143903,0.18470131281221994,0.0025201104082715037,0.0006057380456292723,-0.031199179203312527,2.2997835971460456,231,0.06722926930796083,0.14092028878398402
2017-03-22 00:00:00-04:00,33.659359130858554,33.75998412351041,33.2568559614403,33.37425231933594,2823300,0.0,0.0,0.05280829015544042,6.083607,0.0016,0.098500006,0.34451,0.06216,0.356,142027210752,0.181,29.523,12943287296,0.315,0.227,0.45,0.2202793529903911,-0.018757948025446166,1.0263519566298853,1.3765822818332791,-0.2290778130332124,0.013989854859610228,0.2309555732143903,0.18470131281221994,0.0025201104082715037,0.0006057380456292723,-0.031199179203312527,2.2997835971460456,231,0.06722926930796083,0.14092028878398402
2017-03-23 00:00:00-04:00,33.332331786502664,33.575511830144094,33.17300858488144,33.181392669677734,3769700,0.0,0.0,0.05280829015544042,6.083607,0.0016,0.098500006,0.34451,0.06216,0.356,142027210752,0.181,29.523,12943287296,0.315,0.227,0.45,0.2202793529903911,-0.018757948025446166,1.0263519566298853,1.3765822818332791,-0.2290778130332124,0.013989854859610228,0.2309555732143903,0.18470131281221994,0.0025201104082715037,0.0006057380456292723,-0.031199179203312527,2.2997835971460456,231,0.06722926930796083,0.14092028878398402
2017-03-24 00:00:00-04:00,33.23170687890377,33.42457281793674,32.99691091932373,33.147850036621094,2557900,0.0,0.0,0.05280829015544042,6.083607,0.0016,0.098500006,0.34451,0.06216,0.356,142027210752,0.181,29.523,12943287296,0.315,0.227,0.45,0.2202793529903911,-0.018757948025446166,1.0263519566298853,1.3765822818332791,-0.2290778130332124,0.013989854859610228,0.2309555732143903,0.18470131281221994,0.0025201104082715037,0.0006057380456292723,-0.031199179203312527,2.2997835971460456,231,0.06722926930796083,0.14092028878398402
2017-03-27 00:00:00-04:00,32.804048248996985,33.156240624054945,32.75373733742568,33.105926513671875,2048700,0.0,0.0,0.05280829015544042,6.083607,0.0016,0.098500006,0.34451,0.06216,0.356,142027210752,0.181,29.523,12943287296,0.315,0.227,0.45,0.2202793529903911,-0.018757948025446166,1.0263519566298853,1.3765822818332791,-0.2290778130332124,0.013989854859610228,0.2309555732143903,0.18470131281221994,0.0025201104082715037,0.0006057380456292723,-0.031199179203312527,2.2997835971460456,231,0.06722926930796083,0.14092028878398402
2017-03-28 00:00:00-04:00,33.03045915874956,33.4665052148256,32.9885323300294,33.41619110107422,4823500,0.0,0.0,0.05280829015544042,6.083607,0.0016,0.098500006,0.34451,0.06216,0.356,142027210752,0.181,29.523,12943287296,0.315,0.227,0.45,0.2202793529903911,-0.018757948025446166,1.0263519566298853,1.3765822818332791,-0.2290778130332124,0.013989854859610228,0.2309555732143903,0.18470131281221994,0.0025201104082715037,0.0006057380456292723,-0.031199179203312527,2.2997835971460456,231,0.06722926930796083,0.14092028878398402
2017-03-29 00:00:00-04:00,33.31556280948779,33.31556280948779,32.94660227454924,33.022071838378906,2758800,0.0,0.0,0.05280829015544042,6.083607,0.0016,0.098500006,0.34451,0.06216,0.356,142027210752,0.181,29.523,12943287296,0.315,0.227,0.45,0.2202793529903911,-0.018757948025446166,1.0263519566298853,1.3765822818332791,-0.2290778130332124,0.013989854859610228,0.2309555732143903,0.18470131281221994,0.0025201104082715037,0.0006057380456292723,-0.031199179203312527,2.2997835971460456,231,0.06722926930796083,0.14092028878398402
2017-03-30 00:00:00-04:00,32.99691420724777,33.18978336431033,32.94660329567647,33.105926513671875,2369500,0.0,0.0,0.05280829015544042,6.083607,0.0016,0.098500006,0.34451,0.06216,0.356,142027210752,0.181,29.523,12943287296,0.315,0.227,0.45,0.2202793529903911,-0.018757948025446166,1.0263519566298853,1.3765822818332791,-0.2290778130332124,0.013989854859610228,0.2309555732143903,0.18470131281221994,0.0025201104082715037,0.0006057380456292723,-0.031199179203312527,2.2997835971460456,231,0.06722926930796083,0.14092028878398402
2017-03-31 00:00:00-04:00,33.022072990913614,33.022072990913614,32.644725158595115,32.85436248779297,3413200,0.0,0.0,0.05280829015544042,6.083607,0.0016,0.098500006,0.34451,0.06216,0.356,142027210752,0.181,29.523,12943287296,0.315,0.227,0.45,0.2202793529903911,-0.018757948025446166,1.0263519566298853,1.3765822818332791,-0.2290778130332124,0.013989854859610228,0.2309555732143903,0.18470131281221994,0.0025201104082715037,0.0006057380456292723,-0.031199179203312527,2.2997835971460456,231,0.06722926930796083,0.14092028878398402
2017-04-03 00:00:00-04:00,32.90467762046942,33.0136867318939,32.64472617261713,32.93821716308594,3749500,0.0,0.0,0.05280829015544042,6.083607,0.0016,0.098500006,0.34451,0.06216,0.356,142027210752,0.181,29.523,12943287296,0.315,0.227,0.45,0.2202793529903911,-0.018757948025446166,1.0263519566298853,1.3765822818332791,-0.2290778130332124,0.013989854859610228,0.2309555732143903,0.18470131281221994,0.0025201104082715037,0.0006057380456292723,-0.031199179203312527,2.2997835971460456,231,0.06722926930796083,0.14092028878398402
2017-04-04 00:00:00-04:00,32.954990497333206,32.99691732721086,32.73696906268215,32.92144775390625,2876700,0.0,0.0,0.05280829015544042,6.083607,0.0016,0.098500006,0.34451,0.06216,0.356,142027210752,0.181,29.523,12943287296,0.315,0.227,0.45,0.2202793529903911,-0.018757948025446166,1.0263519566298853,1.3765822818332791,-0.2290778130332124,0.013989854859610228,0.2309555732143903,0.18470131281221994,0.0025201104082715037,0.0006057380456292723,-0.031199179203312527,2.2997835971460456,231,0.06722926930796083,0.14092028878398402
2017-04-05 00:00:00-04:00,33.08076973035405,33.18139474827034,32.87951649570983,32.91305923461914,2324900,0.0,0.0,0.05280829015544042,6.083607,0.0016,0.098500006,0.34451,0.06216,0.356,142027210752,0.181,29.523,12943287296,0.315,0.227,0.45,0.2202793529903911,-0.018757948025446166,1.0263519566298853,1.3765822818332791,-0.2290778130332124,0.013989854859610228,0.2309555732143903,0.18470131281221994,0.0025201104082715037,0.0006057380456292723,-0.031199179203312527,2.2997835971460456,231,0.06722926930796083,0.14092028878398402
2017-04-06 00:00:00-04:00,32.9382146893953,33.08915381567556,32.70342191465341,32.91305923461914,5279500,0.0,0.0,0.05280829015544042,6.083607,0.0016,0.098500006,0.34451,0.06216,0.356,142027210752,0.181,29.523,12943287296,0.315,0.227,0.45,0.2202793529903911,-0.018757948025446166,1.0263519566298853,1.3765822818332791,-0.2290778130332124,0.013989854859610228,0.2309555732143903,0.18470131281221994,0.0025201104082715037,0.0006057380456292723,-0.031199179203312527,2.2997835971460456,231,0.06722926930796083,0.14092028878398402
2017-04-07 00:00:00-04:00,32.78728305027382,33.08077728453387,32.75374350251722,32.94660949707031,3375700,0.0,0.0,0.05280829015544042,6.083607,0.0016,0.098500006,0.34451,0.06216,0.356,142027210752,0.181,29.523,12943287296,0.315,0.227,0.45,0.2202793529903911,-0.018757948025446166,1.0263519566298853,1.3765822818332791,-0.2290778130332124,0.013989854859610228,0.2309555732143903,0.18470131281221994,0.0025201104082715037,0.0006057380456292723,-0.031199179203312527,2.2997835971460456,231,0.06722926930796083,0.14092028878398402
2017-04-10 00:00:00-04:00,33.173012291142975,33.27363731399813,33.10592681003167,33.21493911743164,2023600,0.0,0.0,0.05280829015544042,6.083607,0.0016,0.098500006,0.34451,0.06216,0.356,142027210752,0.181,29.523,12943287296,0.315,0.227,0.45,0.2202793529903911,-0.018757948025446166,1.0263519566298853,1.3765822818332791,-0.2290778130332124,0.013989854859610228,0.2309555732143903,0.18470131281221994,0.0025201104082715037,0.0006057380456292723,-0.031199179203312527,2.2997835971460456,231,0.06722926930796083,0.14092028878398402
2017-04-11 00:00:00-04:00,33.08915380322636,33.1394679115714,32.89628785278785,33.131080627441406,2513500,0.0,0.0,0.05280829015544042,6.083607,0.0016,0.098500006,0.34451,0.06216,0.356,142027210752,0.181,29.523,12943287296,0.315,0.227,0.45,0.2202793529903911,-0.018757948025446166,1.0263519566298853,1.3765822818332791,-0.2290778130332124,0.013989854859610228,0.2309555732143903,0.18470131281221994,0.0025201104082715037,0.0006057380456292723,-0.031199179203312527,2.2997835971460456,231,0.06722926930796083,0.14092028878398402
2017-04-12 00:00:00-04:00,32.971759904514336,33.00530264594274,32.64472617261713,32.93821716308594,2459700,0.0,0.0,0.05280829015544042,6.083607,0.0016,0.098500006,0.34451,0.06216,0.356,142027210752,0.181,29.523,12943287296,0.315,0.227,0.45,0.2202793529903911,-0.018757948025446166,1.0263519566298853,1.3765822818332791,-0.2290778130332124,0.013989854859610228,0.2309555732143903,0.18470131281221994,0.0025201104082715037,0.0006057380456292723,-0.031199179203312527,2.2997835971460456,231,0.06722926930796083,0.14092028878398402
2017-04-13 00:00:00-04:00,32.94660949707031,33.131088205574976,32.79567033632226,32.94660949707031,2706800,0.0,0.0,0.05280829015544042,6.083607,0.0016,0.098500006,0.34451,0.06216,0.356,142027210752,0.181,29.523,12943287296,0.315,0.227,0.45,0.2202793529903911,-0.018757948025446166,1.0263519566298853,1.3765822818332791,-0.2290778130332124,0.013989854859610228,0.2309555732143903,0.18470131281221994,0.0025201104082715037,0.0006057380456292723,-0.031199179203312527,2.2997835971460456,231,0.06722926930796083,0.14092028878398402
2017-04-17 00:00:00-04:00,33.03884021917375,33.19816341781823,32.87112973707823,33.17300796508789,2713700,0.0,0.0,0.05280829015544042,6.083607,0.0016,0.098500006,0.34451,0.06216,0.356,142027210752,0.181,29.523,12943287296,0.315,0.227,0.45,0.2202793529903911,-0.018757948025446166,1.0263519566298853,1.3765822818332791,-0.2290778130332124,0.013989854859610228,0.2309555732143903,0.18470131281221994,0.0025201104082715037,0.0006057380456292723,-0.031199179203312527,2.2997835971460456,231,0.06722926930796083,0.14092028878398402
2017-04-18 00:00:00-04:00,32.87113750076027,33.20655534536072,32.37639322107338,32.71181106567383,7093900,0.0,0.0,0.05280829015544042,6.083607,0.0016,0.098500006,0.34451,0.06216,0.356,142027210752,0.181,29.523,12943287296,0.315,0.227,0.45,0.2202793529903911,-0.018757948025446166,1.0263519566298853,1.3765822818332791,-0.2290778130332124,0.013989854859610228,0.2309555732143903,0.18470131281221994,0.0025201104082715037,0.0006057380456292723,-0.031199179203312527,2.2997835971460456,231,0.06722926930796083,0.14092028878398402
2017-04-19 00:00:00-04:00,32.812438389147204,32.94660616303364,32.53571555617466,32.59441375732422,3923600,0.0,0.0,0.05280829015544042,6.083607,0.0016,0.098500006,0.34451,0.06216,0.356,142027210752,0.181,29.523,12943287296,0.315,0.227,0.45,0.2202793529903911,-0.018757948025446166,1.0263519566298853,1.3765822818332791,-0.2290778130332124,0.013989854859610228,0.2309555732143903,0.18470131281221994,0.0025201104082715037,0.0006057380456292723,-0.031199179203312527,2.2997835971460456,231,0.06722926930796083,0.14092028878398402
2017-04-20 00:00:00-04:00,32.64472646256553,33.139470707187144,32.57764097911287,33.0472297668457,2996400,0.0,0.0,0.05280829015544042,6.083607,0.0016,0.098500006,0.34451,0.06216,0.356,142027210752,0.181,29.523,12943287296,0.315,0.227,0.45,0.2202793529903911,-0.018757948025446166,1.0263519566298853,1.3765822818332791,-0.2290778130332124,0.013989854859610228,0.2309555732143903,0.18470131281221994,0.0025201104082715037,0.0006057380456292723,-0.031199179203312527,2.2997835971460456,231,0.06722926930796083,0.14092028878398402
2017-04-21 00:00:00-04:00,33.038843207986794,33.08915411799879,32.8375899715038,33.022071838378906,3248600,0.0,0.0,0.05280829015544042,6.083607,0.0016,0.098500006,0.34451,0.06216,0.356,142027210752,0.181,29.523,12943287296,0.315,0.227,0.45,0.2202793529903911,-0.018757948025446166,1.0263519566298853,1.3765822818332791,-0.2290778130332124,0.013989854859610228,0.2309555732143903,0.18470131281221994,0.0025201104082715037,0.0006057380456292723,-0.031199179203312527,2.2997835971460456,231,0.06722926930796083,0.14092028878398402
2017-04-24 00:00:00-04:00,33.48327950846638,33.52520634084588,33.10593161942638,33.298797607421875,1653600,0.0,0.0,0.05280829015544042,6.083607,0.0016,0.098500006,0.34451,0.06216,0.356,142027210752,0.181,29.523,12943287296,0.315,0.227,0.45,0.2202793529903911,-0.018757948025446166,1.0263519566298853,1.3765822818332791,-0.2290778130332124,0.013989854859610228,0.2309555732143903,0.18470131281221994,0.0025201104082715037,0.0006057380456292723,-0.031199179203312527,2.2997835971460456,231,0.06722926930796083,0.14092028878398402
2017-04-25 00:00:00-04:00,33.391026583817045,33.508422951905835,33.37425521711705,33.47488021850586,1961900,0.0,0.0,0.05280829015544042,6.083607,0.0016,0.098500006,0.34451,0.06216,0.356,142027210752,0.181,29.523,12943287296,0.315,0.227,0.45,0.2202793529903911,-0.018757948025446166,1.0263519566298853,1.3765822818332791,-0.2290778130332124,0.013989854859610228,0.2309555732143903,0.18470131281221994,0.0025201104082715037,0.0006057380456292723,-0.031199179203312527,2.2997835971460456,231,0.06722926930796083,0.14092028878398402
2017-04-26 00:00:00-04:00,33.43296276156443,33.726456962768644,33.39942321758533,33.525203704833984,1664600,0.0,0.0,0.05280829015544042,6.083607,0.0016,0.098500006,0.34451,0.06216,0.356,142027210752,0.181,29.523,12943287296,0.315,0.227,0.45,0.2202793529903911,-0.018757948025446166,1.0263519566298853,1.3765822818332791,-0.2290778130332124,0.013989854859610228,0.2309555732143903,0.18470131281221994,0.0025201104082715037,0.0006057380456292723,-0.031199179203312527,2.2997835971460456,231,0.06722926930796083,0.14092028878398402
2017-04-27 00:00:00-04:00,33.60067233232633,33.743227385775896,33.45812047768869,33.62582778930664,1991700,0.0,0.0,0.05280829015544042,6.083607,0.0016,0.098500006,0.34451,0.06216,0.356,142027210752,0.181,29.523,12943287296,0.315,0.227,0.45,0.2202793529903911,-0.018757948025446166,1.0263519566298853,1.3765822818332791,-0.2290778130332124,0.013989854859610228,0.2309555732143903,0.18470131281221994,0.0025201104082715037,0.0006057380456292723,-0.031199179203312527,2.2997835971460456,231,0.06722926930796083,0.14092028878398402
2017-04-28 00:00:00-04:00,33.63421990971786,33.63421990971786,33.28202746729973,33.307186126708984,1574200,0.0,0.0,0.05280829015544042,6.083607,0.0016,0.098500006,0.34451,0.06216,0.356,142027210752,0.181,29.523,12943287296,0.315,0.227,0.45,0.2202793529903911,-0.018757948025446166,1.0263519566298853,1.3765822818332791,-0.2290778130332124,0.013989854859610228,0.2309555732143903,0.18470131281221994,0.0025201104082715037,0.0006057380456292723,-0.031199179203312527,2.2997835971460456,231,0.06722926930796083,0.14092028878398402
2017-05-01 00:00:00-04:00,33.39942376466902,33.45812196610894,33.19817050343782,33.3491096496582,1840800,0.0,0.0,0.05280829015544042,6.083607,0.0016,0.098500006,0.34451,0.06216,0.356,142027210752,0.181,29.523,12943287296,0.315,0.227,0.45,0.2202793529903911,-0.018757948025446166,1.0263519566298853,1.3765822818332791,-0.2290778130332124,0.013989854859610228,0.2309555732143903,0.18470131281221994,0.0025201104082715037,0.0006057380456292723,-0.031199179203312527,2.2997835971460456,231,0.06722926930796083,0.14092028878398402
2017-05-02 00:00:00-04:00,33.382650786485144,33.432961700262716,32.94660474047864,33.0472297668457,2620600,0.0,0.0,0.05280829015544042,6.083607,0.0016,0.098500006,0.34451,0.06216,0.356,142027210752,0.181,29.523,12943287296,0.315,0.227,0.45,0.2202793529903911,-0.018757948025446166,1.0263519566298853,1.3765822818332791,-0.2290778130332124,0.013989854859610228,0.2309555732143903,0.18470131281221994,0.0025201104082715037,0.0006057380456292723,-0.031199179203312527,2.2997835971460456,231,0.06722926930796083,0.14092028878398402
2017-05-03 00:00:00-04:00,33.04723313921815,33.650989756655946,33.01369039406888,33.58390426635742,3249400,0.0,0.0,0.05280829015544042,6.083607,0.0016,0.098500006,0.34451,0.06216,0.356,142027210752,0.181,29.523,12943287296,0.315,0.227,0.45,0.2202793529903911,-0.018757948025446166,1.0263519566298853,1.3765822818332791,-0.2290778130332124,0.013989854859610228,0.2309555732143903,0.18470131281221994,0.0025201104082715037,0.0006057380456292723,-0.031199179203312527,2.2997835971460456,231,0.06722926930796083,0.14092028878398402
2017-05-04 00:00:00-04:00,33.69291447019306,33.86062498658209,33.48327712440978,33.852237701416016,2969900,0.0,0.0,0.05280829015544042,6.083607,0.0016,0.098500006,0.34451,0.06216,0.356,142027210752,0.181,29.523,12943287296,0.315,0.227,0.45,0.2202793529903911,-0.018757948025446166,1.0263519566298853,1.3765822818332791,-0.2290778130332124,0.013989854859610228,0.2309555732143903,0.18470131281221994,0.0025201104082715037,0.0006057380456292723,-0.031199179203312527,2.2997835971460456,231,0.06722926930796083,0.14092028878398402
2017-05-05 00:00:00-04:00,33.885768113561156,34.17925901133276,33.81029856858976,34.16249084472656,3556800,0.0,0.0,0.05280829015544042,6.083607,0.0016,0.098500006,0.34451,0.06216,0.356,142027210752,0.181,29.523,12943287296,0.315,0.227,0.45,0.2202793529903911,-0.018757948025446166,1.0263519566298853,1.3765822818332791,-0.2290778130332124,0.013989854859610228,0.2309555732143903,0.18470131281221994,0.0025201104082715037,0.0006057380456292723,-0.031199179203312527,2.2997835971460456,231,0.06722926930796083,0.14092028878398402
2017-05-08 00:00:00-04:00,34.17088360060028,34.3302068142824,33.95286219246623,34.0283317565918,2531300,0.0,0.0,0.05280829015544042,6.083607,0.0016,0.098500006,0.34451,0.06216,0.356,142027210752,0.181,29.523,12943287296,0.315,0.227,0.45,0.2202793529903911,-0.018757948025446166,1.0263519566298853,1.3765822818332791,-0.2290778130332124,0.013989854859610228,0.2309555732143903,0.18470131281221994,0.0025201104082715037,0.0006057380456292723,-0.031199179203312527,2.2997835971460456,231,0.06722926930796083,0.14092028878398402
2017-05-09 00:00:00-04:00,33.978020877637455,34.145731391505386,33.73484079246956,33.81031036376953,2667300,0.0,0.0,0.05280829015544042,6.083607,0.0016,0.098500006,0.34451,0.06216,0.356,142027210752,0.181,29.523,12943287296,0.315,0.227,0.45,0.2202793529903911,-0.018757948025446166,1.0263519566298853,1.3765822818332791,-0.2290778130332124,0.013989854859610228,0.2309555732143903,0.18470131281221994,0.0025201104082715037,0.0006057380456292723,-0.031199179203312527,2.2997835971460456,231,0.06722926930796083,0.14092028878398402
2017-05-10 00:00:00-04:00,33.71806131142621,34.028326807041864,33.667750408534864,33.98639678955078,2246000,0.0,0.0,0.05280829015544042,6.083607,0.0016,0.098500006,0.34451,0.06216,0.356,142027210752,0.181,29.523,12943287296,0.315,0.227,0.45,0.2202793529903911,-0.018757948025446166,1.0263519566298853,1.3765822818332791,-0.2290778130332124,0.013989854859610228,0.2309555732143903,0.18470131281221994,0.0025201104082715037,0.0006057380456292723,-0.031199179203312527,2.2997835971460456,231,0.06722926930796083,0.14092028878398402
2017-05-11 00:00:00-04:00,33.835465420671014,33.852236791740445,33.533590337857184,33.734840393066406,2190100,0.0,0.0,0.05280829015544042,6.083607,0.0016,0.098500006,0.34451,0.06216,0.356,142027210752,0.181,29.523,12943287296,0.315,0.227,0.45,0.2202793529903911,-0.018757948025446166,1.0263519566298853,1.3765822818332791,-0.2290778130332124,0.013989854859610228,0.2309555732143903,0.18470131281221994,0.0025201104082715037,0.0006057380456292723,-0.031199179203312527,2.2997835971460456,231,0.06722926930796083,0.14092028878398402
2017-05-12 00:00:00-04:00,33.625828734395306,33.79353924953886,33.466505504355545,33.525203704833984,1988900,0.0,0.0,0.05280829015544042,6.083607,0.0016,0.098500006,0.34451,0.06216,0.356,142027210752,0.181,29.523,12943287296,0.315,0.227,0.45,0.2202793529903911,-0.018757948025446166,1.0263519566298853,1.3765822818332791,-0.2290778130332124,0.013989854859610228,0.2309555732143903,0.18470131281221994,0.0025201104082715037,0.0006057380456292723,-0.031199179203312527,2.2997835971460456,231,0.06722926930796083,0.14092028878398402
2017-05-15 00:00:00-04:00,33.66775368215784,33.8186928031306,33.575512752806524,33.7264518737793,2128700,0.0,0.0,0.05280829015544042,6.083607,0.0016,0.098500006,0.34451,0.06216,0.356,142027210752,0.181,29.523,12943287296,0.315,0.227,0.45,0.2202793529903911,-0.018757948025446166,1.0263519566298853,1.3765822818332791,-0.2290778130332124,0.013989854859610228,0.2309555732143903,0.18470131281221994,0.0025201104082715037,0.0006057380456292723,-0.031199179203312527,2.2997835971460456,231,0.06722926930796083,0.14092028878398402
2017-05-16 00:00:00-04:00,33.751613330788935,33.810311532850555,33.592290096451976,33.642601013183594,2756600,0.0,0.0,0.05280829015544042,6.083607,0.0016,0.098500006,0.34451,0.06216,0.356,142027210752,0.181,29.523,12943287296,0.315,0.227,0.45,0.2202793529903911,-0.018757948025446166,1.0263519566298853,1.3765822818332791,-0.2290778130332124,0.013989854859610228,0.2309555732143903,0.18470131281221994,0.0025201104082715037,0.0006057380456292723,-0.031199179203312527,2.2997835971460456,231,0.06722926930796083,0.14092028878398402
2017-05-17 00:00:00-04:00,33.64260204392941,34.548236958590685,32.49379022705326,34.51469421386719,4289200,0.0,0.0,0.05280829015544042,6.083607,0.0016,0.098500006,0.34451,0.06216,0.356,142027210752,0.181,29.523,12943287296,0.315,0.227,0.45,0.2202793529903911,-0.018757948025446166,1.0263519566298853,1.3765822818332791,-0.2290778130332124,0.013989854859610228,0.2309555732143903,0.18470131281221994,0.0025201104082715037,0.0006057380456292723,-0.031199179203312527,2.2997835971460456,231,0.06722926930796083,0.14092028878398402
2017-05-18 00:00:00-04:00,34.707554676499626,34.92557928370662,34.590158287455104,34.85849380493164,4466100,0.0,0.0,0.05280829015544042,6.083607,0.0016,0.098500006,0.34451,0.06216,0.356,142027210752,0.181,29.523,12943287296,0.315,0.227,0.45,0.2202793529903911,-0.018757948025446166,1.0263519566298853,1.3765822818332791,-0.2290778130332124,0.013989854859610228,0.2309555732143903,0.18470131281221994,0.0025201104082715037,0.0006057380456292723,-0.031199179203312527,2.2997835971460456,231,0.06722926930796083,0.14092028878398402
2017-05-19 00:00:00-04:00,34.892036471505136,35.00104877488114,34.42244771749531,34.46437454223633,4780500,0.0,0.0,0.05280829015544042,6.083607,0.0016,0.098500006,0.34451,0.06216,0.356,142027210752,0.181,29.523,12943287296,0.315,0.227,0.45,0.2202793529903911,-0.018757948025446166,1.0263519566298853,1.3765822818332791,-0.2290778130332124,0.013989854859610228,0.2309555732143903,0.18470131281221994,0.0025201104082715037,0.0006057380456292723,-0.031199179203312527,2.2997835971460456,231,0.06722926930796083,0.14092028878398402
2017-05-22 00:00:00-04:00,34.59853428167093,35.042967477590636,34.59853428167093,34.816558837890625,2875100,0.0,0.0,0.05280829015544042,6.083607,0.0016,0.098500006,0.34451,0.06216,0.356,142027210752,0.181,29.523,12943287296,0.315,0.227,0.45,0.2202793529903911,-0.018757948025446166,1.0263519566298853,1.3765822818332791,-0.2290778130332124,0.013989854859610228,0.2309555732143903,0.18470131281221994,0.0025201104082715037,0.0006057380456292723,-0.031199179203312527,2.2997835971460456,231,0.06722926930796083,0.14092028878398402
2017-05-23 00:00:00-04:00,34.83334412361848,34.92558507281769,34.6907890569982,34.84172821044922,3944200,0.0,0.0,0.05280829015544042,6.083607,0.0016,0.098500006,0.34451,0.06216,0.356,142027210752,0.181,29.523,12943287296,0.315,0.227,0.45,0.2202793529903911,-0.018757948025446166,1.0263519566298853,1.3765822818332791,-0.2290778130332124,0.013989854859610228,0.2309555732143903,0.18470131281221994,0.0025201104082715037,0.0006057380456292723,-0.031199179203312527,2.2997835971460456,231,0.06722926930796083,0.14092028878398402
2017-05-24 00:00:00-04:00,34.85850075779016,35.093293582710864,34.824958011712255,35.068138122558594,2230200,0.0,0.0,0.05280829015544042,6.083607,0.0016,0.098500006,0.34451,0.06216,0.356,142027210752,0.181,29.523,12943287296,0.315,0.227,0.45,0.2202793529903911,-0.018757948025446166,1.0263519566298853,1.3765822818332791,-0.2290778130332124,0.013989854859610228,0.2309555732143903,0.18470131281221994,0.0025201104082715037,0.0006057380456292723,-0.031199179203312527,2.2997835971460456,231,0.06722926930796083,0.14092028878398402
2017-05-25 00:00:00-04:00,35.160381016294096,35.512570273121746,35.084911432857815,35.44548797607422,1905500,0.0,0.0,0.05280829015544042,6.083607,0.0016,0.098500006,0.34451,0.06216,0.356,142027210752,0.181,29.523,12943287296,0.315,0.227,0.45,0.2202793529903911,-0.018757948025446166,1.0263519566298853,1.3765822818332791,-0.2290778130332124,0.013989854859610228,0.2309555732143903,0.18470131281221994,0.0025201104082715037,0.0006057380456292723,-0.031199179203312527,2.2997835971460456,231,0.06722926930796083,0.14092028878398402
2017-05-26 00:00:00-04:00,35.487398197167714,35.588023195034864,35.328075017310475,35.47062683105469,2430900,0.0,0.0,0.05280829015544042,6.083607,0.0016,0.098500006,0.34451,0.06216,0.356,142027210752,0.181,29.523,12943287296,0.315,0.227,0.45,0.2202793529903911,-0.018757948025446166,1.0263519566298853,1.3765822818332791,-0.2290778130332124,0.013989854859610228,0.2309555732143903,0.18470131281221994,0.0025201104082715037,0.0006057380456292723,-0.031199179203312527,2.2997835971460456,231,0.06722926930796083,0.14092028878398402
2017-05-30 00:00:00-04:00,35.33647133605032,35.49579776988461,35.30292859221025,35.40355682373047,1496500,0.0,0.0,0.05280829015544042,6.083607,0.0016,0.098500006,0.34451,0.06216,0.356,142027210752,0.181,29.523,12943287296,0.315,0.227,0.45,0.2202793529903911,-0.018757948025446166,1.0263519566298853,1.3765822818332791,-0.2290778130332124,0.013989854859610228,0.2309555732143903,0.18470131281221994,0.0025201104082715037,0.0006057380456292723,-0.031199179203312527,2.2997835971460456,231,0.06722926930796083,0.14092028878398402
2017-05-31 00:00:00-04:00,35.43709581920274,35.60480633699014,35.36162624613901,35.57965087890625,4754900,0.0,0.0,0.05280829015544042,6.083607,0.0016,0.098500006,0.34451,0.06216,0.356,142027210752,0.181,29.523,12943287296,0.315,0.227,0.45,0.2202793529903911,-0.018757948025446166,1.0263519566298853,1.3765822818332791,-0.2290778130332124,0.013989854859610228,0.2309555732143903,0.18470131281221994,0.0025201104082715037,0.0006057380456292723,-0.031199179203312527,2.2997835971460456,231,0.06722926930796083,0.14092028878398402
2017-06-01 00:00:00-04:00,35.62995213578871,35.85635757446289,35.48739712753029,35.85635757446289,2359800,0.0,0.0,0.05280829015544042,6.083607,0.0016,0.098500006,0.34451,0.06216,0.356,142027210752,0.181,29.523,12943287296,0.315,0.227,0.45,0.2202793529903911,-0.018757948025446166,1.0263519566298853,1.3765822818332791,-0.2290778130332124,0.013989854859610228,0.2309555732143903,0.18470131281221994,0.0025201104082715037,0.0006057380456292723,-0.031199179203312527,2.2997835971460456,231,0.06722926930796083,0.14092028878398402
2017-06-02 00:00:00-04:00,35.88153377564794,36.175024820328986,35.7976769065873,36.12471389770508,2515500,0.0,0.0,0.05280829015544042,6.083607,0.0016,0.098500006,0.34451,0.06216,0.356,142027210752,0.181,29.523,12943287296,0.315,0.227,0.45,0.2202793529903911,-0.018757948025446166,1.0263519566298853,1.3765822818332791,-0.2290778130332124,0.013989854859610228,0.2309555732143903,0.18470131281221994,0.0025201104082715037,0.0006057380456292723,-0.031199179203312527,2.2997835971460456,231,0.06722926930796083,0.14092028878398402
2017-06-05 00:00:00-04:00,36.09116167502447,36.24210080089492,35.96537800386189,36.107933044433594,1911800,0.0,0.0,0.05280829015544042,6.083607,0.0016,0.098500006,0.34451,0.06216,0.356,142027210752,0.181,29.523,12943287296,0.315,0.227,0.45,0.2202793529903911,-0.018757948025446166,1.0263519566298853,1.3765822818332791,-0.2290778130332124,0.013989854859610228,0.2309555732143903,0.18470131281221994,0.0025201104082715037,0.0006057380456292723,-0.031199179203312527,2.2997835971460456,231,0.06722926930796083,0.14092028878398402
2017-06-06 00:00:00-04:00,35.982159163011055,36.27565021049228,35.931845041094626,36.024085998535156,2488600,0.0,0.0,0.05280829015544042,6.083607,0.0016,0.098500006,0.34451,0.06216,0.356,142027210752,0.181,29.523,12943287296,0.315,0.227,0.45,0.2202793529903911,-0.018757948025446166,1.0263519566298853,1.3765822818332791,-0.2290778130332124,0.013989854859610228,0.2309555732143903,0.18470131281221994,0.0025201104082715037,0.0006057380456292723,-0.031199179203312527,2.2997835971460456,231,0.06722926930796083,0.14092028878398402
2017-06-07 00:00:00-04:00,36.23371507864392,36.250486448775966,35.99892229441873,36.01569366455078,2042200,0.0,0.0,0.05280829015544042,6.083607,0.0016,0.098500006,0.34451,0.06216,0.356,142027210752,0.181,29.523,12943287296,0.315,0.227,0.45,0.2202793529903911,-0.018757948025446166,1.0263519566298853,1.3765822818332791,-0.2290778130332124,0.013989854859610228,0.2309555732143903,0.18470131281221994,0.0025201104082715037,0.0006057380456292723,-0.031199179203312527,2.2997835971460456,231,0.06722926930796083,0.14092028878398402
2017-06-08 00:00:00-04:00,36.01569211208925,36.1666312379597,35.88990844092667,36.107933044433594,3612800,0.0,0.0,0.05280829015544042,6.083607,0.0016,0.098500006,0.34451,0.06216,0.356,142027210752,0.181,29.523,12943287296,0.315,0.227,0.45,0.2202793529903911,-0.018757948025446166,1.0263519566298853,1.3765822818332791,-0.2290778130332124,0.013989854859610228,0.2309555732143903,0.18470131281221994,0.0025201104082715037,0.0006057380456292723,-0.031199179203312527,2.2997835971460456,231,0.06722926930796083,0.14092028878398402
2017-06-09 00:00:00-04:00,36.15824669485738,36.4936677108434,36.07439304026681,36.46012496948242,2433000,0.0,0.0,0.05280829015544042,6.083607,0.0016,0.098500006,0.34451,0.06216,0.356,142027210752,0.181,29.523,12943287296,0.315,0.227,0.45,0.2202793529903911,-0.018757948025446166,1.0263519566298853,1.3765822818332791,-0.2290778130332124,0.013989854859610228,0.2309555732143903,0.18470131281221994,0.0025201104082715037,0.0006057380456292723,-0.031199179203312527,2.2997835971460456,231,0.06722926930796083,0.14092028878398402
2017-06-12 00:00:00-04:00,36.42658487081104,36.644609506662846,36.216947520313894,36.627838134765625,2727500,0.0,0.0,0.05280829015544042,6.083607,0.0016,0.098500006,0.34451,0.06216,0.356,142027210752,0.181,29.523,12943287296,0.315,0.227,0.45,0.2202793529903911,-0.018757948025446166,1.0263519566298853,1.3765822818332791,-0.2290778130332124,0.013989854859610228,0.2309555732143903,0.18470131281221994,0.0025201104082715037,0.0006057380456292723,-0.031199179203312527,2.2997835971460456,231,0.06722926930796083,0.14092028878398402
2017-06-13 00:00:00-04:00,36.60267267848007,36.74522450245096,36.51043175764656,36.569129943847656,2686600,0.0,0.0,0.05280829015544042,6.083607,0.0016,0.098500006,0.34451,0.06216,0.356,142027210752,0.181,29.523,12943287296,0.315,0.227,0.45,0.2202793529903911,-0.018757948025446166,1.0263519566298853,1.3765822818332791,-0.2290778130332124,0.013989854859610228,0.2309555732143903,0.18470131281221994,0.0025201104082715037,0.0006057380456292723,-0.031199179203312527,2.2997835971460456,231,0.06722926930796083,0.14092028878398402
2017-06-14 00:00:00-04:00,36.50205068223537,37.33221591210623,36.45173977054196,37.23997497558594,3245600,0.0,0.0,0.05280829015544042,6.083607,0.0016,0.098500006,0.34451,0.06216,0.356,142027210752,0.181,29.523,12943287296,0.315,0.227,0.45,0.2202793529903911,-0.018757948025446166,1.0263519566298853,1.3765822818332791,-0.2290778130332124,0.013989854859610228,0.2309555732143903,0.18470131281221994,0.0025201104082715037,0.0006057380456292723,-0.031199179203312527,2.2997835971460456,231,0.06722926930796083,0.14092028878398402
2017-06-15 00:00:00-04:00,37.214818671405546,37.51669692993164,37.13096182247513,37.51669692993164,2363000,0.0,0.0,0.05280829015544042,6.083607,0.0016,0.098500006,0.34451,0.06216,0.356,142027210752,0.181,29.523,12943287296,0.315,0.227,0.45,0.2202793529903911,-0.018757948025446166,1.0263519566298853,1.3765822818332791,-0.2290778130332124,0.013989854859610228,0.2309555732143903,0.18470131281221994,0.0025201104082715037,0.0006057380456292723,-0.031199179203312527,2.2997835971460456,231,0.06722926930796083,0.14092028878398402
2017-06-16 00:00:00-04:00,37.53347312382451,37.634101364050665,37.34060712827629,37.5921745300293,3083900,0.0,0.0,0.05280829015544042,6.083607,0.0016,0.098500006,0.34451,0.06216,0.356,142027210752,0.181,29.523,12943287296,0.315,0.227,0.45,0.2202793529903911,-0.018757948025446166,1.0263519566298853,1.3765822818332791,-0.2290778130332124,0.013989854859610228,0.2309555732143903,0.18470131281221994,0.0025201104082715037,0.0006057380456292723,-0.031199179203312527,2.2997835971460456,231,0.06722926930796083,0.14092028878398402
2017-06-19 00:00:00-04:00,37.75987005924318,37.75987005924318,37.239970442554714,37.483150482177734,4931800,0.0,0.0,0.05280829015544042,6.083607,0.0016,0.098500006,0.34451,0.06216,0.356,142027210752,0.181,29.523,12943287296,0.315,0.227,0.45,0.2202793529903911,-0.018757948025446166,1.0263519566298853,1.3765822818332791,-0.2290778130332124,0.013989854859610228,0.2309555732143903,0.18470131281221994,0.0025201104082715037,0.0006057380456292723,-0.031199179203312527,2.2997835971460456,231,0.06722926930796083,0.14092028878398402
2017-06-20 00:00:00-04:00,37.49992641497842,37.583780067008625,37.206432235249146,37.23997497558594,1915100,0.0,0.0,0.05280829015544042,6.083607,0.0016,0.098500006,0.34451,0.06216,0.356,142027210752,0.181,29.523,12943287296,0.315,0.227,0.45,0.2202793529903911,-0.018757948025446166,1.0263519566298853,1.3765822818332791,-0.2290778130332124,0.013989854859610228,0.2309555732143903,0.18470131281221994,0.0025201104082715037,0.0006057380456292723,-0.031199179203312527,2.2997835971460456,231,0.06722926930796083,0.14092028878398402
2017-06-21 00:00:00-04:00,37.36576804724112,37.36576804724112,37.19805750220181,37.29029846191406,2748500,0.0,0.0,0.05280829015544042,6.083607,0.0016,0.098500006,0.34451,0.06216,0.356,142027210752,0.181,29.523,12943287296,0.315,0.227,0.45,0.2202793529903911,-0.018757948025446166,1.0263519566298853,1.3765822818332791,-0.2290778130332124,0.013989854859610228,0.2309555732143903,0.18470131281221994,0.0025201104082715037,0.0006057380456292723,-0.031199179203312527,2.2997835971460456,231,0.06722926930796083,0.14092028878398402
2017-06-22 00:00:00-04:00,37.12257302122172,37.2483534804216,36.88778027166622,36.97163391113281,2472200,0.0,0.0,0.05280829015544042,6.083607,0.0016,0.098500006,0.34451,0.06216,0.356,142027210752,0.181,29.523,12943287296,0.315,0.227,0.45,0.2202793529903911,-0.018757948025446166,1.0263519566298853,1.3765822818332791,-0.2290778130332124,0.013989854859610228,0.2309555732143903,0.18470131281221994,0.0025201104082715037,0.0006057380456292723,-0.031199179203312527,2.2997835971460456,231,0.06722926930796083,0.14092028878398402
2017-06-23 00:00:00-04:00,37.021951717334,37.29867131430251,36.84585393874136,37.223201751708984,14861500,0.0,0.0,0.05280829015544042,6.083607,0.0016,0.098500006,0.34451,0.06216,0.356,142027210752,0.181,29.523,12943287296,0.315,0.227,0.45,0.2202793529903911,-0.018757948025446166,1.0263519566298853,1.3765822818332791,-0.2290778130332124,0.013989854859610228,0.2309555732143903,0.18470131281221994,0.0025201104082715037,0.0006057380456292723,-0.031199179203312527,2.2997835971460456,231,0.06722926930796083,0.14092028878398402
2017-06-26 00:00:00-04:00,37.28190775369011,37.45800237035427,37.15612725556384,37.36576461791992,2355300,0.0,0.0,0.05280829015544042,6.083607,0.0016,0.098500006,0.34451,0.06216,0.356,142027210752,0.181,29.523,12943287296,0.315,0.227,0.45,0.2202793529903911,-0.018757948025446166,1.0263519566298853,1.3765822818332791,-0.2290778130332124,0.013989854859610228,0.2309555732143903,0.18470131281221994,0.0025201104082715037,0.0006057380456292723,-0.031199179203312527,2.2997835971460456,231,0.06722926930796083,0.14092028878398402
2017-06-27 00:00:00-04:00,37.34060450378485,37.491543654702916,37.2315953827535,37.424461364746094,2587700,0.0,0.0,0.05280829015544042,6.083607,0.0016,0.098500006,0.34451,0.06216,0.356,142027210752,0.181,29.523,12943287296,0.315,0.227,0.45,0.2202793529903911,-0.018757948025446166,1.0263519566298853,1.3765822818332791,-0.2290778130332124,0.013989854859610228,0.2309555732143903,0.18470131281221994,0.0025201104082715037,0.0006057380456292723,-0.031199179203312527,2.2997835971460456,231,0.06722926930796083,0.14092028878398402
2017-06-28 00:00:00-04:00,37.59216256705795,37.61731801970306,37.27351297203723,37.34059524536133,2294800,0.0,0.0,0.05280829015544042,6.083607,0.0016,0.098500006,0.34451,0.06216,0.356,142027210752,0.181,29.523,12943287296,0.315,0.227,0.45,0.2202793529903911,-0.018757948025446166,1.0263519566298853,1.3765822818332791,-0.2290778130332124,0.013989854859610228,0.2309555732143903,0.18470131281221994,0.0025201104082715037,0.0006057380456292723,-0.031199179203312527,2.2997835971460456,231,0.06722926930796083,0.14092028878398402
2017-06-29 00:00:00-04:00,37.48316279126204,37.51670553853094,36.88779342189505,37.0219612121582,2081600,0.0,0.0,0.05280829015544042,6.083607,0.0016,0.098500006,0.34451,0.06216,0.356,142027210752,0.181,29.523,12943287296,0.315,0.227,0.45,0.2202793529903911,-0.018757948025446166,1.0263519566298853,1.3765822818332791,-0.2290778130332124,0.013989854859610228,0.2309555732143903,0.18470131281221994,0.0025201104082715037,0.0006057380456292723,-0.031199179203312527,2.2997835971460456,231,0.06722926930796083,0.14092028878398402
2017-06-30 00:00:00-04:00,37.18965529303273,37.32382303546605,36.95486254347723,36.97163391113281,2449000,0.0,0.0,0.05280829015544042,6.083607,0.0016,0.098500006,0.34451,0.06216,0.356,142027210752,0.181,29.523,12943287296,0.315,0.227,0.45,0.2202793529903911,-0.018757948025446166,1.0263519566298853,1.3765822818332791,-0.2290778130332124,0.013989854859610228,0.2309555732143903,0.18470131281221994,0.0025201104082715037,0.0006057380456292723,-0.031199179203312527,2.2997835971460456,231,0.06722926930796083,0.14092028878398402
2017-07-03 00:00:00-04:00,37.0722596456724,37.57539108877809,37.0722596456724,37.1561164855957,1208200,0.0,0.0,0.05280829015544042,6.083607,0.0016,0.098500006,0.34451,0.06216,0.356,142027210752,0.181,29.523,12943287296,0.315,0.227,0.45,0.2202793529903911,-0.018757948025446166,1.0263519566298853,1.3765822818332791,-0.2290778130332124,0.013989854859610228,0.2309555732143903,0.18470131281221994,0.0025201104082715037,0.0006057380456292723,-0.031199179203312527,2.2997835971460456,231,0.06722926930796083,0.14092028878398402
2017-07-05 00:00:00-04:00,37.25673915239543,37.56700144357732,37.030330497053676,37.5334587097168,2891200,0.0,0.0,0.05280829015544042,6.083607,0.0016,0.098500006,0.34451,0.06216,0.356,142027210752,0.181,29.523,12943287296,0.315,0.227,0.45,0.2202793529903911,-0.018757948025446166,1.0263519566298853,1.3765822818332791,-0.2290778130332124,0.013989854859610228,0.2309555732143903,0.18470131281221994,0.0025201104082715037,0.0006057380456292723,-0.031199179203312527,2.2997835971460456,231,0.06722926930796083,0.14092028878398402
2017-07-06 00:00:00-04:00,37.52508373788471,37.60893739408705,37.214821371361715,37.25674819946289,4703300,0.0,0.0,0.05280829015544042,6.083607,0.0016,0.098500006,0.34451,0.06216,0.356,142027210752,0.181,29.523,12943287296,0.315,0.227,0.45,0.2202793529903911,-0.018757948025446166,1.0263519566298853,1.3765822818332791,-0.2290778130332124,0.013989854859610228,0.2309555732143903,0.18470131281221994,0.0025201104082715037,0.0006057380456292723,-0.031199179203312527,2.2997835971460456,231,0.06722926930796083,0.14092028878398402
2017-07-07 00:00:00-04:00,37.29028760751055,37.87726954607138,37.256744868503745,37.72633361816406,2192000,0.0,0.0,0.05280829015544042,6.083607,0.0016,0.098500006,0.34451,0.06216,0.356,142027210752,0.181,29.523,12943287296,0.315,0.227,0.45,0.2202793529903911,-0.018757948025446166,1.0263519566298853,1.3765822818332791,-0.2290778130332124,0.013989854859610228,0.2309555732143903,0.18470131281221994,0.0025201104082715037,0.0006057380456292723,-0.031199179203312527,2.2997835971460456,231,0.06722926930796083,0.14092028878398402
2017-07-10 00:00:00-04:00,37.53347267292621,37.82696690517478,37.53347267292621,37.73472595214844,3246100,0.0,0.0,0.05280829015544042,6.083607,0.0016,0.098500006,0.34451,0.06216,0.356,142027210752,0.181,29.523,12943287296,0.315,0.227,0.45,0.2202793529903911,-0.018757948025446166,1.0263519566298853,1.3765822818332791,-0.2290778130332124,0.013989854859610228,0.2309555732143903,0.18470131281221994,0.0025201104082715037,0.0006057380456292723,-0.031199179203312527,2.2997835971460456,231,0.06722926930796083,0.14092028878398402
2017-07-11 00:00:00-04:00,37.75987099406245,37.8269564682309,37.35736774548617,37.38252639770508,2248900,0.0,0.0,0.05280829015544042,6.083607,0.0016,0.098500006,0.34451,0.06216,0.356,142027210752,0.181,29.523,12943287296,0.315,0.227,0.45,0.2202793529903911,-0.018757948025446166,1.0263519566298853,1.3765822818332791,-0.2290778130332124,0.013989854859610228,0.2309555732143903,0.18470131281221994,0.0025201104082715037,0.0006057380456292723,-0.031199179203312527,2.2997835971460456,231,0.06722926930796083,0.14092028878398402
2017-07-12 00:00:00-04:00,37.457998403344625,37.692794399509594,37.31544654746943,37.61732482910156,2784200,0.0,0.0,0.05280829015544042,6.083607,0.0016,0.098500006,0.34451,0.06216,0.356,142027210752,0.181,29.523,12943287296,0.315,0.227,0.45,0.2202793529903911,-0.018757948025446166,1.0263519566298853,1.3765822818332791,-0.2290778130332124,0.013989854859610228,0.2309555732143903,0.18470131281221994,0.0025201104082715037,0.0006057380456292723,-0.031199179203312527,2.2997835971460456,231,0.06722926930796083,0.14092028878398402
2017-07-13 00:00:00-04:00,38.84998533478174,38.84998533478174,37.62570109174788,37.90242385864258,4589800,0.0,0.0,0.05280829015544042,6.083607,0.0016,0.098500006,0.34451,0.06216,0.356,142027210752,0.181,29.523,12943287296,0.315,0.227,0.45,0.2202793529903911,-0.018757948025446166,1.0263519566298853,1.3765822818332791,-0.2290778130332124,0.013989854859610228,0.2309555732143903,0.18470131281221994,0.0025201104082715037,0.0006057380456292723,-0.031199179203312527,2.2997835971460456,231,0.06722926930796083,0.14092028878398402
2017-07-14 00:00:00-04:00,37.80180610643781,38.263007607626065,37.734720623233464,38.2210807800293,2982200,0.0,0.0,0.05280829015544042,6.083607,0.0016,0.098500006,0.34451,0.06216,0.356,142027210752,0.181,29.523,12943287296,0.315,0.227,0.45,0.2202793529903911,-0.018757948025446166,1.0263519566298853,1.3765822818332791,-0.2290778130332124,0.013989854859610228,0.2309555732143903,0.18470131281221994,0.0025201104082715037,0.0006057380456292723,-0.031199179203312527,2.2997835971460456,231,0.06722926930796083,0.14092028878398402
2017-07-17 00:00:00-04:00,38.22106900940725,38.22106900940725,37.87726081208254,38.112056732177734,5069700,0.0,0.0,0.05280829015544042,6.083607,0.0016,0.098500006,0.34451,0.06216,0.356,142027210752,0.181,29.523,12943287296,0.315,0.227,0.45,0.2202793529903911,-0.018757948025446166,1.0263519566298853,1.3765822818332791,-0.2290778130332124,0.013989854859610228,0.2309555732143903,0.18470131281221994,0.0025201104082715037,0.0006057380456292723,-0.031199179203312527,2.2997835971460456,231,0.06722926930796083,0.14092028878398402
2017-07-18 00:00:00-04:00,37.94436303179753,38.522961007118795,37.93597894468229,38.019832611083984,4987600,0.0,0.0,0.05280829015544042,6.083607,0.0016,0.098500006,0.34451,0.06216,0.356,142027210752,0.181,29.523,12943287296,0.315,0.227,0.45,0.2202793529903911,-0.018757948025446166,1.0263519566298853,1.3765822818332791,-0.2290778130332124,0.013989854859610228,0.2309555732143903,0.18470131281221994,0.0025201104082715037,0.0006057380456292723,-0.031199179203312527,2.2997835971460456,231,0.06722926930796083,0.14092028878398402
2017-07-19 00:00:00-04:00,38.137223712534556,38.296546936035156,37.96951320427441,38.296546936035156,2349200,0.0,0.0,0.05280829015544042,6.083607,0.0016,0.098500006,0.34451,0.06216,0.356,142027210752,0.181,29.523,12943287296,0.315,0.227,0.45,0.2202793529903911,-0.018757948025446166,1.0263519566298853,1.3765822818332791,-0.2290778130332124,0.013989854859610228,0.2309555732143903,0.18470131281221994,0.0025201104082715037,0.0006057380456292723,-0.031199179203312527,2.2997835971460456,231,0.06722926930796083,0.14092028878398402
2017-07-20 00:00:00-04:00,38.29654674211711,39.01769968481578,38.1959217171953,38.975772857666016,3142000,0.0,0.0,0.05280829015544042,6.083607,0.0016,0.098500006,0.34451,0.06216,0.356,142027210752,0.181,29.523,12943287296,0.315,0.227,0.45,0.2202793529903911,-0.018757948025446166,1.0263519566298853,1.3765822818332791,-0.2290778130332124,0.013989854859610228,0.2309555732143903,0.18470131281221994,0.0025201104082715037,0.0006057380456292723,-0.031199179203312527,2.2997835971460456,231,0.06722926930796083,0.14092028878398402
2017-07-21 00:00:00-04:00,38.89191251153539,38.95899478367031,38.74935748518029,38.87514114379883,2876800,0.0,0.0,0.05280829015544042,6.083607,0.0016,0.098500006,0.34451,0.06216,0.356,142027210752,0.181,29.523,12943287296,0.315,0.227,0.45,0.2202793529903911,-0.018757948025446166,1.0263519566298853,1.3765822818332791,-0.2290778130332124,0.013989854859610228,0.2309555732143903,0.18470131281221994,0.0025201104082715037,0.0006057380456292723,-0.031199179203312527,2.2997835971460456,231,0.06722926930796083,0.14092028878398402
2017-07-24 00:00:00-04:00,38.925458611012935,39.31119373636595,38.875147698132174,39.22733688354492,1940500,0.0,0.0,0.05280829015544042,6.083607,0.0016,0.098500006,0.34451,0.06216,0.356,142027210752,0.181,29.523,12943287296,0.315,0.227,0.45,0.2202793529903911,-0.018757948025446166,1.0263519566298853,1.3765822818332791,-0.2290778130332124,0.013989854859610228,0.2309555732143903,0.18470131281221994,0.0025201104082715037,0.0006057380456292723,-0.031199179203312527,2.2997835971460456,231,0.06722926930796083,0.14092028878398402
2017-07-25 00:00:00-04:00,39.512447913103706,39.56276203005229,39.14348731858401,39.33635330200195,1766000,0.0,0.0,0.05280829015544042,6.083607,0.0016,0.098500006,0.34451,0.06216,0.356,142027210752,0.181,29.523,12943287296,0.315,0.227,0.45,0.2202793529903911,-0.018757948025446166,1.0263519566298853,1.3765822818332791,-0.2290778130332124,0.013989854859610228,0.2309555732143903,0.18470131281221994,0.0025201104082715037,0.0006057380456292723,-0.031199179203312527,2.2997835971460456,231,0.06722926930796083,0.14092028878398402
2017-07-26 00:00:00-04:00,39.38666593726999,39.41182139539187,38.900305754833234,39.00093078613281,2226600,0.0,0.0,0.05280829015544042,6.083607,0.0016,0.098500006,0.34451,0.06216,0.356,142027210752,0.181,29.523,12943287296,0.315,0.227,0.45,0.2202793529903911,-0.018757948025446166,1.0263519566298853,1.3765822818332791,-0.2290778130332124,0.013989854859610228,0.2309555732143903,0.18470131281221994,0.0025201104082715037,0.0006057380456292723,-0.031199179203312527,2.2997835971460456,231,0.06722926930796083,0.14092028878398402
2017-07-27 00:00:00-04:00,38.992549223443675,39.04286334175602,38.640359991694076,38.808067321777344,2915700,0.0,0.0,0.05280829015544042,6.083607,0.0016,0.098500006,0.34451,0.06216,0.356,142027210752,0.181,29.523,12943287296,0.315,0.227,0.45,0.2202793529903911,-0.018757948025446166,1.0263519566298853,1.3765822818332791,-0.2290778130332124,0.013989854859610228,0.2309555732143903,0.18470131281221994,0.0025201104082715037,0.0006057380456292723,-0.031199179203312527,2.2997835971460456,231,0.06722926930796083,0.14092028878398402
2017-07-28 00:00:00-04:00,38.850001095148386,39.646620586211256,38.850001095148386,39.596309661865234,3113000,0.0,0.0,0.05280829015544042,6.083607,0.0016,0.098500006,0.34451,0.06216,0.356,142027210752,0.181,29.523,12943287296,0.315,0.227,0.45,0.2202793529903911,-0.018757948025446166,1.0263519566298853,1.3765822818332791,-0.2290778130332124,0.013989854859610228,0.2309555732143903,0.18470131281221994,0.0025201104082715037,0.0006057380456292723,-0.031199179203312527,2.2997835971460456,231,0.06722926930796083,0.14092028878398402
2017-07-31 00:00:00-04:00,39.66339157383592,39.73047707072658,39.44537010656639,39.52083969116211,2744000,0.0,0.0,0.05280829015544042,6.083607,0.0016,0.098500006,0.34451,0.06216,0.356,142027210752,0.181,29.523,12943287296,0.315,0.227,0.45,0.2202793529903911,-0.018757948025446166,1.0263519566298853,1.3765822818332791,-0.2290778130332124,0.013989854859610228,0.2309555732143903,0.18470131281221994,0.0025201104082715037,0.0006057380456292723,-0.031199179203312527,2.2997835971460456,231,0.06722926930796083,0.14092028878398402
2017-08-01 00:00:00-04:00,39.62982940673828,39.64660077274296,39.428579412304096,39.62982940673828,2310400,0.0,0.0,0.05280829015544042,6.083607,0.0016,0.098500006,0.34451,0.06216,0.356,142027210752,0.181,29.523,12943287296,0.315,0.227,0.45,0.2202793529903911,-0.018757948025446166,1.0263519566298853,1.3765822818332791,-0.2290778130332124,0.013989854859610228,0.2309555732143903,0.18470131281221994,0.0025201104082715037,0.0006057380456292723,-0.031199179203312527,2.2997835971460456,231,0.06722926930796083,0.14092028878398402
2017-08-02 00:00:00-04:00,39.68016333498367,39.84787388003311,39.52084007653361,39.596309661865234,2492000,0.0,0.0,0.05280829015544042,6.083607,0.0016,0.098500006,0.34451,0.06216,0.356,142027210752,0.181,29.523,12943287296,0.315,0.227,0.45,0.2202793529903911,-0.018757948025446166,1.0263519566298853,1.3765822818332791,-0.2290778130332124,0.013989854859610228,0.2309555732143903,0.18470131281221994,0.0025201104082715037,0.0006057380456292723,-0.031199179203312527,2.2997835971460456,231,0.06722926930796083,0.14092028878398402
2017-08-03 00:00:00-04:00,39.604690156943356,39.98203804937066,39.48729374570204,39.92333984375,3017200,0.0,0.0,0.05280829015544042,6.083607,0.0016,0.098500006,0.34451,0.06216,0.356,142027210752,0.181,29.523,12943287296,0.315,0.227,0.45,0.2202793529903911,-0.018757948025446166,1.0263519566298853,1.3765822818332791,-0.2290778130332124,0.013989854859610228,0.2309555732143903,0.18470131281221994,0.0025201104082715037,0.0006057380456292723,-0.031199179203312527,2.2997835971460456,231,0.06722926930796083,0.14092028878398402
2017-08-04 00:00:00-04:00,40.04072581193246,40.04072581193246,39.84785987250723,40.00718307495117,1817600,0.0,0.0,0.05280829015544042,6.083607,0.0016,0.098500006,0.34451,0.06216,0.356,142027210752,0.181,29.523,12943287296,0.315,0.227,0.45,0.2202793529903911,-0.018757948025446166,1.0263519566298853,1.3765822818332791,-0.2290778130332124,0.013989854859610228,0.2309555732143903,0.18470131281221994,0.0025201104082715037,0.0006057380456292723,-0.031199179203312527,2.2997835971460456,231,0.06722926930796083,0.14092028878398402
2017-08-07 00:00:00-04:00,40.023958366996034,40.040729737130775,39.85624786446036,39.9736442565918,1965100,0.0,0.0,0.05280829015544042,6.083607,0.0016,0.098500006,0.34451,0.06216,0.356,142027210752,0.181,29.523,12943287296,0.315,0.227,0.45,0.2202793529903911,-0.018757948025446166,1.0263519566298853,1.3765822818332791,-0.2290778130332124,0.013989854859610228,0.2309555732143903,0.18470131281221994,0.0025201104082715037,0.0006057380456292723,-0.031199179203312527,2.2997835971460456,231,0.06722926930796083,0.14092028878398402
2017-08-08 00:00:00-04:00,39.898179229539664,40.057502452954374,39.831093746747015,39.948490142822266,2378300,0.0,0.0,0.05280829015544042,6.083607,0.0016,0.098500006,0.34451,0.06216,0.356,142027210752,0.181,29.523,12943287296,0.315,0.227,0.45,0.2202793529903911,-0.018757948025446166,1.0263519566298853,1.3765822818332791,-0.2290778130332124,0.013989854859610228,0.2309555732143903,0.18470131281221994,0.0025201104082715037,0.0006057380456292723,-0.031199179203312527,2.2997835971460456,231,0.06722926930796083,0.14092028878398402
2017-08-09 00:00:00-04:00,39.92333617228853,40.283912658691406,39.906564800966066,40.283912658691406,2786200,0.0,0.0,0.05280829015544042,6.083607,0.0016,0.098500006,0.34451,0.06216,0.356,142027210752,0.181,29.523,12943287296,0.315,0.227,0.45,0.2202793529903911,-0.018757948025446166,1.0263519566298853,1.3765822818332791,-0.2290778130332124,0.013989854859610228,0.2309555732143903,0.18470131281221994,0.0025201104082715037,0.0006057380456292723,-0.031199179203312527,2.2997835971460456,231,0.06722926930796083,0.14092028878398402
2017-08-10 00:00:00-04:00,40.107811285895046,40.200049014376404,39.873015325837464,40.00718307495117,2485500,0.0,0.0,0.05280829015544042,6.083607,0.0016,0.098500006,0.34451,0.06216,0.356,142027210752,0.181,29.523,12943287296,0.315,0.227,0.45,0.2202793529903911,-0.018757948025446166,1.0263519566298853,1.3765822818332791,-0.2290778130332124,0.013989854859610228,0.2309555732143903,0.18470131281221994,0.0025201104082715037,0.0006057380456292723,-0.031199179203312527,2.2997835971460456,231,0.06722926930796083,0.14092028878398402
2017-08-11 00:00:00-04:00,39.9988021156617,40.20005215565242,39.554368812959744,39.60468292236328,2943200,0.0,0.0,0.05280829015544042,6.083607,0.0016,0.098500006,0.34451,0.06216,0.356,142027210752,0.181,29.523,12943287296,0.315,0.227,0.45,0.2202793529903911,-0.018757948025446166,1.0263519566298853,1.3765822818332791,-0.2290778130332124,0.013989854859610228,0.2309555732143903,0.18470131281221994,0.0025201104082715037,0.0006057380456292723,-0.031199179203312527,2.2997835971460456,231,0.06722926930796083,0.14092028878398402
2017-08-14 00:00:00-04:00,39.83948571258899,40.091053124007345,39.74724795372311,40.05751037597656,1481000,0.0,0.0,0.05280829015544042,6.083607,0.0016,0.098500006,0.34451,0.06216,0.356,142027210752,0.181,29.523,12943287296,0.315,0.227,0.45,0.2202793529903911,-0.018757948025446166,1.0263519566298853,1.3765822818332791,-0.2290778130332124,0.013989854859610228,0.2309555732143903,0.18470131281221994,0.0025201104082715037,0.0006057380456292723,-0.031199179203312527,2.2997835971460456,231,0.06722926930796083,0.14092028878398402
2017-08-15 00:00:00-04:00,40.07426564974324,40.132963835808255,39.8143142551616,39.90655517578125,2158100,0.0,0.0,0.05280829015544042,6.083607,0.0016,0.098500006,0.34451,0.06216,0.356,142027210752,0.181,29.523,12943287296,0.315,0.227,0.45,0.2202793529903911,-0.018757948025446166,1.0263519566298853,1.3765822818332791,-0.2290778130332124,0.013989854859610228,0.2309555732143903,0.18470131281221994,0.0025201104082715037,0.0006057380456292723,-0.031199179203312527,2.2997835971460456,231,0.06722926930796083,0.14092028878398402
2017-08-16 00:00:00-04:00,40.20844136832493,41.046990705729776,39.95687720686585,40.84573745727539,3892300,0.0,0.0,0.05280829015544042,6.083607,0.0016,0.098500006,0.34451,0.06216,0.356,142027210752,0.181,29.523,12943287296,0.315,0.227,0.45,0.2202793529903911,-0.018757948025446166,1.0263519566298853,1.3765822818332791,-0.2290778130332124,0.013989854859610228,0.2309555732143903,0.18470131281221994,0.0025201104082715037,0.0006057380456292723,-0.031199179203312527,2.2997835971460456,231,0.06722926930796083,0.14092028878398402
2017-08-17 00:00:00-04:00,40.88766544700159,41.072147330096094,40.61932990730701,40.67802810668945,3891300,0.0,0.0,0.05280829015544042,6.083607,0.0016,0.098500006,0.34451,0.06216,0.356,142027210752,0.181,29.523,12943287296,0.315,0.227,0.45,0.2202793529903911,-0.018757948025446166,1.0263519566298853,1.3765822818332791,-0.2290778130332124,0.013989854859610228,0.2309555732143903,0.18470131281221994,0.0025201104082715037,0.0006057380456292723,-0.031199179203312527,2.2997835971460456,231,0.06722926930796083,0.14092028878398402
2017-08-18 00:00:00-04:00,40.61093789717637,41.00505704368259,40.50192560581716,40.778648376464844,3466100,0.0,0.0,0.05280829015544042,6.083607,0.0016,0.098500006,0.34451,0.06216,0.356,142027210752,0.181,29.523,12943287296,0.315,0.227,0.45,0.2202793529903911,-0.018757948025446166,1.0263519566298853,1.3765822818332791,-0.2290778130332124,0.013989854859610228,0.2309555732143903,0.18470131281221994,0.0025201104082715037,0.0006057380456292723,-0.031199179203312527,2.2997835971460456,231,0.06722926930796083,0.14092028878398402
2017-08-21 00:00:00-04:00,40.77865713267406,40.89605353374058,40.334223787306826,40.8289680480957,2615000,0.0,0.0,0.05280829015544042,6.083607,0.0016,0.098500006,0.34451,0.06216,0.356,142027210752,0.181,29.523,12943287296,0.315,0.227,0.45,0.2202793529903911,-0.018757948025446166,1.0263519566298853,1.3765822818332791,-0.2290778130332124,0.013989854859610228,0.2309555732143903,0.18470131281221994,0.0025201104082715037,0.0006057380456292723,-0.031199179203312527,2.2997835971460456,231,0.06722926930796083,0.14092028878398402
2017-08-22 00:00:00-04:00,40.845730657775796,41.07213932504277,40.74510564970536,40.99666976928711,2501000,0.0,0.0,0.05280829015544042,6.083607,0.0016,0.098500006,0.34451,0.06216,0.356,142027210752,0.181,29.523,12943287296,0.315,0.227,0.45,0.2202793529903911,-0.018757948025446166,1.0263519566298853,1.3765822818332791,-0.2290778130332124,0.013989854859610228,0.2309555732143903,0.18470131281221994,0.0025201104082715037,0.0006057380456292723,-0.031199179203312527,2.2997835971460456,231,0.06722926930796083,0.14092028878398402
2017-08-23 00:00:00-04:00,40.86251992473686,41.097312779352094,40.86251992473686,40.94637680053711,1721300,0.0,0.0,0.05280829015544042,6.083607,0.0016,0.098500006,0.34451,0.06216,0.356,142027210752,0.181,29.523,12943287296,0.315,0.227,0.45,0.2202793529903911,-0.018757948025446166,1.0263519566298853,1.3765822818332791,-0.2290778130332124,0.013989854859610228,0.2309555732143903,0.18470131281221994,0.0025201104082715037,0.0006057380456292723,-0.031199179203312527,2.2997835971460456,231,0.06722926930796083,0.14092028878398402
2017-08-24 00:00:00-04:00,41.03860524919902,41.03860524919902,40.45162324591639,40.46839141845703,2619000,0.0,0.0,0.05280829015544042,6.083607,0.0016,0.098500006,0.34451,0.06216,0.356,142027210752,0.181,29.523,12943287296,0.315,0.227,0.45,0.2202793529903911,-0.018757948025446166,1.0263519566298853,1.3765822818332791,-0.2290778130332124,0.013989854859610228,0.2309555732143903,0.18470131281221994,0.0025201104082715037,0.0006057380456292723,-0.031199179203312527,2.2997835971460456,231,0.06722926930796083,0.14092028878398402
2017-08-25 00:00:00-04:00,40.61094418300955,40.870895626083,40.56901735640076,40.58578872680664,2406400,0.0,0.0,0.05280829015544042,6.083607,0.0016,0.098500006,0.34451,0.06216,0.356,142027210752,0.181,29.523,12943287296,0.315,0.227,0.45,0.2202793529903911,-0.018757948025446166,1.0263519566298853,1.3765822818332791,-0.2290778130332124,0.013989854859610228,0.2309555732143903,0.18470131281221994,0.0025201104082715037,0.0006057380456292723,-0.031199179203312527,2.2997835971460456,231,0.06722926930796083,0.14092028878398402
2017-08-28 00:00:00-04:00,39.7891722296139,40.040736426035956,39.39505296263821,39.671775817871094,6050100,0.0,0.0,0.05280829015544042,6.083607,0.0016,0.098500006,0.34451,0.06216,0.356,142027210752,0.181,29.523,12943287296,0.315,0.227,0.45,0.2202793529903911,-0.018757948025446166,1.0263519566298853,1.3765822818332791,-0.2290778130332124,0.013989854859610228,0.2309555732143903,0.18470131281221994,0.0025201104082715037,0.0006057380456292723,-0.031199179203312527,2.2997835971460456,231,0.06722926930796083,0.14092028878398402
2017-08-29 00:00:00-04:00,39.53760214414672,39.9484895240457,39.52921485952161,39.94010543823242,3208800,0.0,0.0,0.05280829015544042,6.083607,0.0016,0.098500006,0.34451,0.06216,0.356,142027210752,0.181,29.523,12943287296,0.315,0.227,0.45,0.2202793529903911,-0.018757948025446166,1.0263519566298853,1.3765822818332791,-0.2290778130332124,0.013989854859610228,0.2309555732143903,0.18470131281221994,0.0025201104082715037,0.0006057380456292723,-0.031199179203312527,2.2997835971460456,231,0.06722926930796083,0.14092028878398402
2017-08-30 00:00:00-04:00,39.91494763203734,40.06588677038097,38.90869097482899,39.05124282836914,5079100,0.0,0.0,0.05280829015544042,6.083607,0.0016,0.098500006,0.34451,0.06216,0.356,142027210752,0.181,29.523,12943287296,0.315,0.227,0.45,0.2202793529903911,-0.018757948025446166,1.0263519566298853,1.3765822818332791,-0.2290778130332124,0.013989854859610228,0.2309555732143903,0.18470131281221994,0.0025201104082715037,0.0006057380456292723,-0.031199179203312527,2.2997835971460456,231,0.06722926930796083,0.14092028878398402
2017-08-31 00:00:00-04:00,39.009315598910575,39.24410838999875,38.891919203366484,38.975772857666016,4557200,0.0,0.0,0.05280829015544042,6.083607,0.0016,0.098500006,0.34451,0.06216,0.356,142027210752,0.181,29.523,12943287296,0.315,0.227,0.45,0.2202793529903911,-0.018757948025446166,1.0263519566298853,1.3765822818332791,-0.2290778130332124,0.013989854859610228,0.2309555732143903,0.18470131281221994,0.0025201104082715037,0.0006057380456292723,-0.031199179203312527,2.2997835971460456,231,0.06722926930796083,0.14092028878398402
2017-09-01 00:00:00-04:00,39.0093073930503,39.143475130993615,38.27138323495647,38.28815460205078,6624400,0.0,0.0,0.05280829015544042,6.083607,0.0016,0.098500006,0.34451,0.06216,0.356,142027210752,0.181,29.523,12943287296,0.315,0.227,0.45,0.2202793529903911,-0.018757948025446166,1.0263519566298853,1.3765822818332791,-0.2290778130332124,0.013989854859610228,0.2309555732143903,0.18470131281221994,0.0025201104082715037,0.0006057380456292723,-0.031199179203312527,2.2997835971460456,231,0.06722926930796083,0.14092028878398402
2017-09-05 00:00:00-04:00,37.96951211689219,38.01144214186533,36.87939864263808,36.98841094970703,7658500,0.0,0.0,0.05280829015544042,6.083607,0.0016,0.098500006,0.34451,0.06216,0.356,142027210752,0.181,29.523,12943287296,0.315,0.227,0.45,0.2202793529903911,-0.018757948025446166,1.0263519566298853,1.3765822818332791,-0.2290778130332124,0.013989854859610228,0.2309555732143903,0.18470131281221994,0.0025201104082715037,0.0006057380456292723,-0.031199179203312527,2.2997835971460456,231,0.06722926930796083,0.14092028878398402
2017-09-06 00:00:00-04:00,37.06387405496302,38.18753007378355,36.996788585750465,37.68439865112305,5991400,0.0,0.0,0.05280829015544042,6.083607,0.0016,0.098500006,0.34451,0.06216,0.356,142027210752,0.181,29.523,12943287296,0.315,0.227,0.45,0.2202793529903911,-0.018757948025446166,1.0263519566298853,1.3765822818332791,-0.2290778130332124,0.013989854859610228,0.2309555732143903,0.18470131281221994,0.0025201104082715037,0.0006057380456292723,-0.031199179203312527,2.2997835971460456,231,0.06722926930796083,0.14092028878398402
2017-09-07 00:00:00-04:00,37.66763028600252,37.66763028600252,36.55236146135011,36.66975784301758,5818000,0.0,0.0,0.05280829015544042,6.083607,0.0016,0.098500006,0.34451,0.06216,0.356,142027210752,0.181,29.523,12943287296,0.315,0.227,0.45,0.2202793529903911,-0.018757948025446166,1.0263519566298853,1.3765822818332791,-0.2290778130332124,0.013989854859610228,0.2309555732143903,0.18470131281221994,0.0025201104082715037,0.0006057380456292723,-0.031199179203312527,2.2997835971460456,231,0.06722926930796083,0.14092028878398402
2017-09-08 00:00:00-04:00,36.560750080589976,38.16237919800033,36.560750080589976,38.07852554321289,7058900,0.0,0.0,0.05280829015544042,6.083607,0.0016,0.098500006,0.34451,0.06216,0.356,142027210752,0.181,29.523,12943287296,0.315,0.227,0.45,0.2202793529903911,-0.018757948025446166,1.0263519566298853,1.3765822818332791,-0.2290778130332124,0.013989854859610228,0.2309555732143903,0.18470131281221994,0.0025201104082715037,0.0006057380456292723,-0.031199179203312527,2.2997835971460456,231,0.06722926930796083,0.14092028878398402
2017-09-11 00:00:00-04:00,38.98415457423469,39.873014698575574,38.774517269616716,38.925453186035156,7352400,0.0,0.0,0.05280829015544042,6.083607,0.0016,0.098500006,0.34451,0.06216,0.356,142027210752,0.181,29.523,12943287296,0.315,0.227,0.45,0.2202793529903911,-0.018757948025446166,1.0263519566298853,1.3765822818332791,-0.2290778130332124,0.013989854859610228,0.2309555732143903,0.18470131281221994,0.0025201104082715037,0.0006057380456292723,-0.031199179203312527,2.2997835971460456,231,0.06722926930796083,0.14092028878398402
2017-09-12 00:00:00-04:00,38.82483913968285,39.09317470946734,38.5397321969353,39.059635162353516,4302700,0.0,0.0,0.05280829015544042,6.083607,0.0016,0.098500006,0.34451,0.06216,0.356,142027210752,0.181,29.523,12943287296,0.315,0.227,0.45,0.2202793529903911,-0.018757948025446166,1.0263519566298853,1.3765822818332791,-0.2290778130332124,0.013989854859610228,0.2309555732143903,0.18470131281221994,0.0025201104082715037,0.0006057380456292723,-0.031199179203312527,2.2997835971460456,231,0.06722926930796083,0.14092028878398402
2017-09-13 00:00:00-04:00,38.76613576760077,38.88353216388528,38.35524838060503,38.69066619873047,3098600,0.0,0.0,0.05280829015544042,6.083607,0.0016,0.098500006,0.34451,0.06216,0.356,142027210752,0.181,29.523,12943287296,0.315,0.227,0.45,0.2202793529903911,-0.018757948025446166,1.0263519566298853,1.3765822818332791,-0.2290778130332124,0.013989854859610228,0.2309555732143903,0.18470131281221994,0.0025201104082715037,0.0006057380456292723,-0.031199179203312527,2.2997835971460456,231,0.06722926930796083,0.14092028878398402
2017-09-14 00:00:00-04:00,38.648737006909066,38.648737006909066,38.09529460198865,38.63196563720703,3167800,0.0,0.0,0.05280829015544042,6.083607,0.0016,0.098500006,0.34451,0.06216,0.356,142027210752,0.181,29.523,12943287296,0.315,0.227,0.45,0.2202793529903911,-0.018757948025446166,1.0263519566298853,1.3765822818332791,-0.2290778130332124,0.013989854859610228,0.2309555732143903,0.18470131281221994,0.0025201104082715037,0.0006057380456292723,-0.031199179203312527,2.2997835971460456,231,0.06722926930796083,0.14092028878398402
2017-09-15 00:00:00-04:00,38.63196894269446,38.95061859667455,38.53972800084665,38.59004211425781,3690400,0.0,0.0,0.05280829015544042,6.083607,0.0016,0.098500006,0.34451,0.06216,0.356,142027210752,0.181,29.523,12943287296,0.315,0.227,0.45,0.2202793529903911,-0.018757948025446166,1.0263519566298853,1.3765822818332791,-0.2290778130332124,0.013989854859610228,0.2309555732143903,0.18470131281221994,0.0025201104082715037,0.0006057380456292723,-0.031199179203312527,2.2997835971460456,231,0.06722926930796083,0.14092028878398402
2017-09-18 00:00:00-04:00,38.7158218398911,38.84999280635484,38.48941633101329,38.833221435546875,3153100,0.0,0.0,0.05280829015544042,6.083607,0.0016,0.098500006,0.34451,0.06216,0.356,142027210752,0.181,29.523,12943287296,0.315,0.227,0.45,0.2202793529903911,-0.018757948025446166,1.0263519566298853,1.3765822818332791,-0.2290778130332124,0.013989854859610228,0.2309555732143903,0.18470131281221994,0.0025201104082715037,0.0006057380456292723,-0.031199179203312527,2.2997835971460456,231,0.06722926930796083,0.14092028878398402
2017-09-19 00:00:00-04:00,39.52921485952161,40.50193195326503,39.52921485952161,39.94010543823242,6611400,0.0,0.0,0.05280829015544042,6.083607,0.0016,0.098500006,0.34451,0.06216,0.356,142027210752,0.181,29.523,12943287296,0.315,0.227,0.45,0.2202793529903911,-0.018757948025446166,1.0263519566298853,1.3765822818332791,-0.2290778130332124,0.013989854859610228,0.2309555732143903,0.18470131281221994,0.0025201104082715037,0.0006057380456292723,-0.031199179203312527,2.2997835971460456,231,0.06722926930796083,0.14092028878398402
2017-09-20 00:00:00-04:00,39.9736473432052,40.2587542598872,39.831095484270215,39.99880599975586,5060800,0.0,0.0,0.05280829015544042,6.083607,0.0016,0.098500006,0.34451,0.06216,0.356,142027210752,0.181,29.523,12943287296,0.315,0.227,0.45,0.2202793529903911,-0.018757948025446166,1.0263519566298853,1.3765822818332791,-0.2290778130332124,0.013989854859610228,0.2309555732143903,0.18470131281221994,0.0025201104082715037,0.0006057380456292723,-0.031199179203312527,2.2997835971460456,231,0.06722926930796083,0.14092028878398402
2017-09-21 00:00:00-04:00,39.948490034573474,40.35938061853533,39.8981791214272,39.982032775878906,3923300,0.0,0.0,0.05280829015544042,6.083607,0.0016,0.098500006,0.34451,0.06216,0.356,142027210752,0.181,29.523,12943287296,0.315,0.227,0.45,0.2202793529903911,-0.018757948025446166,1.0263519566298853,1.3765822818332791,-0.2290778130332124,0.013989854859610228,0.2309555732143903,0.18470131281221994,0.0025201104082715037,0.0006057380456292723,-0.031199179203312527,2.2997835971460456,231,0.06722926930796083,0.14092028878398402
2017-09-22 00:00:00-04:00,39.923330657483106,40.267135725072045,39.764004251334285,40.23359298706055,3044100,0.0,0.0,0.05280829015544042,6.083607,0.0016,0.098500006,0.34451,0.06216,0.356,142027210752,0.181,29.523,12943287296,0.315,0.227,0.45,0.2202793529903911,-0.018757948025446166,1.0263519566298853,1.3765822818332791,-0.2290778130332124,0.013989854859610228,0.2309555732143903,0.18470131281221994,0.0025201104082715037,0.0006057380456292723,-0.031199179203312527,2.2997835971460456,231,0.06722926930796083,0.14092028878398402
2017-09-25 00:00:00-04:00,40.191675634386534,40.30068795920488,39.923340064689306,40.25037384033203,4710000,0.0,0.0,0.05280829015544042,6.083607,0.0016,0.098500006,0.34451,0.06216,0.356,142027210752,0.181,29.523,12943287296,0.315,0.227,0.45,0.2202793529903911,-0.018757948025446166,1.0263519566298853,1.3765822818332791,-0.2290778130332124,0.013989854859610228,0.2309555732143903,0.18470131281221994,0.0025201104082715037,0.0006057380456292723,-0.031199179203312527,2.2997835971460456,231,0.06722926930796083,0.14092028878398402
2017-09-26 00:00:00-04:00,40.17489448993604,40.493544101002925,40.0826535605105,40.12458038330078,2941600,0.0,0.0,0.05280829015544042,6.083607,0.0016,0.098500006,0.34451,0.06216,0.356,142027210752,0.181,29.523,12943287296,0.315,0.227,0.45,0.2202793529903911,-0.018757948025446166,1.0263519566298853,1.3765822818332791,-0.2290778130332124,0.013989854859610228,0.2309555732143903,0.18470131281221994,0.0025201104082715037,0.0006057380456292723,-0.031199179203312527,2.2997835971460456,231,0.06722926930796083,0.14092028878398402
2017-09-27 00:00:00-04:00,40.3593754156318,40.501927249585094,39.923329431309405,40.00718307495117,2857100,0.0,0.0,0.05280829015544042,6.083607,0.0016,0.098500006,0.34451,0.06216,0.356,142027210752,0.181,29.523,12943287296,0.315,0.227,0.45,0.2202793529903911,-0.018757948025446166,1.0263519566298853,1.3765822818332791,-0.2290778130332124,0.013989854859610228,0.2309555732143903,0.18470131281221994,0.0025201104082715037,0.0006057380456292723,-0.031199179203312527,2.2997835971460456,231,0.06722926930796083,0.14092028878398402
2017-09-28 00:00:00-04:00,39.99042408238727,40.31746107094654,39.8897990391142,40.300689697265625,4015000,0.0,0.0,0.05280829015544042,6.083607,0.0016,0.098500006,0.34451,0.06216,0.356,142027210752,0.181,29.523,12943287296,0.315,0.227,0.45,0.2202793529903911,-0.018757948025446166,1.0263519566298853,1.3765822818332791,-0.2290778130332124,0.013989854859610228,0.2309555732143903,0.18470131281221994,0.0025201104082715037,0.0006057380456292723,-0.031199179203312527,2.2997835971460456,231,0.06722926930796083,0.14092028878398402
2017-09-29 00:00:00-04:00,40.216826201329205,40.61932950690341,40.132972545555724,40.60255813598633,1974600,0.0,0.0,0.05280829015544042,6.083607,0.0016,0.098500006,0.34451,0.06216,0.356,142027210752,0.181,29.523,12943287296,0.315,0.227,0.45,0.2202793529903911,-0.018757948025446166,1.0263519566298853,1.3765822818332791,-0.2290778130332124,0.013989854859610228,0.2309555732143903,0.18470131281221994,0.0025201104082715037,0.0006057380456292723,-0.031199179203312527,2.2997835971460456,231,0.06722926930796083,0.14092028878398402
2017-10-02 00:00:00-04:00,40.57740738538382,41.24824630581469,40.552251925496506,41.114078521728516,3457100,0.0,0.0,0.05280829015544042,6.083607,0.0016,0.098500006,0.34451,0.06216,0.356,142027210752,0.181,29.523,12943287296,0.315,0.227,0.45,0.2202793529903911,-0.018757948025446166,1.0263519566298853,1.3765822818332791,-0.2290778130332124,0.013989854859610228,0.2309555732143903,0.18470131281221994,0.0025201104082715037,0.0006057380456292723,-0.031199179203312527,2.2997835971460456,231,0.06722926930796083,0.14092028878398402
2017-10-03 00:00:00-04:00,41.02183365503224,41.172772797574225,40.91282454005013,41.14761734008789,2542800,0.0,0.0,0.05280829015544042,6.083607,0.0016,0.098500006,0.34451,0.06216,0.356,142027210752,0.181,29.523,12943287296,0.315,0.227,0.45,0.2202793529903911,-0.018757948025446166,1.0263519566298853,1.3765822818332791,-0.2290778130332124,0.013989854859610228,0.2309555732143903,0.18470131281221994,0.0025201104082715037,0.0006057380456292723,-0.031199179203312527,2.2997835971460456,231,0.06722926930796083,0.14092028878398402
2017-10-04 00:00:00-04:00,41.0973042407885,41.34048433186592,41.038606039330105,41.23147201538086,3555400,0.0,0.0,0.05280829015544042,6.083607,0.0016,0.098500006,0.34451,0.06216,0.356,142027210752,0.181,29.523,12943287296,0.315,0.227,0.45,0.2202793529903911,-0.018757948025446166,1.0263519566298853,1.3765822818332791,-0.2290778130332124,0.013989854859610228,0.2309555732143903,0.18470131281221994,0.0025201104082715037,0.0006057380456292723,-0.031199179203312527,2.2997835971460456,231,0.06722926930796083,0.14092028878398402
2017-10-05 00:00:00-04:00,41.26501188144818,41.3069387083076,41.08053320350437,41.13084411621094,2757500,0.0,0.0,0.05280829015544042,6.083607,0.0016,0.098500006,0.34451,0.06216,0.356,142027210752,0.181,29.523,12943287296,0.315,0.227,0.45,0.2202793529903911,-0.018757948025446166,1.0263519566298853,1.3765822818332791,-0.2290778130332124,0.013989854859610228,0.2309555732143903,0.18470131281221994,0.0025201104082715037,0.0006057380456292723,-0.031199179203312527,2.2997835971460456,231,0.06722926930796083,0.14092028878398402
2017-10-06 00:00:00-04:00,41.17277605547551,41.43272753238091,41.03860827357871,41.32371520996094,1815200,0.0,0.0,0.05280829015544042,6.083607,0.0016,0.098500006,0.34451,0.06216,0.356,142027210752,0.181,29.523,12943287296,0.315,0.227,0.45,0.2202793529903911,-0.018757948025446166,1.0263519566298853,1.3765822818332791,-0.2290778130332124,0.013989854859610228,0.2309555732143903,0.18470131281221994,0.0025201104082715037,0.0006057380456292723,-0.031199179203312527,2.2997835971460456,231,0.06722926930796083,0.14092028878398402
2017-10-09 00:00:00-04:00,41.37402569035803,41.71783080116896,41.23147063529343,41.46626663208008,2292200,0.0,0.0,0.05280829015544042,6.083607,0.0016,0.098500006,0.34451,0.06216,0.356,142027210752,0.181,29.523,12943287296,0.315,0.227,0.45,0.2202793529903911,-0.018757948025446166,1.0263519566298853,1.3765822818332791,-0.2290778130332124,0.013989854859610228,0.2309555732143903,0.18470131281221994,0.0025201104082715037,0.0006057380456292723,-0.031199179203312527,2.2997835971460456,231,0.06722926930796083,0.14092028878398402
2017-10-10 00:00:00-04:00,41.45787574566408,41.61720215800216,41.223082968085876,41.39917755126953,2197500,0.0,0.0,0.05280829015544042,6.083607,0.0016,0.098500006,0.34451,0.06216,0.356,142027210752,0.181,29.523,12943287296,0.315,0.227,0.45,0.2202793529903911,-0.018757948025446166,1.0263519566298853,1.3765822818332791,-0.2290778130332124,0.013989854859610228,0.2309555732143903,0.18470131281221994,0.0025201104082715037,0.0006057380456292723,-0.031199179203312527,2.2997835971460456,231,0.06722926930796083,0.14092028878398402
2017-10-11 00:00:00-04:00,41.33209620687052,41.390794402593514,41.05537339948061,41.298553466796875,2336600,0.0,0.0,0.05280829015544042,6.083607,0.0016,0.098500006,0.34451,0.06216,0.356,142027210752,0.181,29.523,12943287296,0.315,0.227,0.45,0.2202793529903911,-0.018757948025446166,1.0263519566298853,1.3765822818332791,-0.2290778130332124,0.013989854859610228,0.2309555732143903,0.18470131281221994,0.0025201104082715037,0.0006057380456292723,-0.031199179203312527,2.2997835971460456,231,0.06722926930796083,0.14092028878398402
2017-10-12 00:00:00-04:00,41.35724523688356,41.43271479091774,40.83734564176545,40.8792724609375,3064800,0.0,0.0,0.05280829015544042,6.083607,0.0016,0.098500006,0.34451,0.06216,0.356,142027210752,0.181,29.523,12943287296,0.315,0.227,0.45,0.2202793529903911,-0.018757948025446166,1.0263519566298853,1.3765822818332791,-0.2290778130332124,0.013989854859610228,0.2309555732143903,0.18470131281221994,0.0025201104082715037,0.0006057380456292723,-0.031199179203312527,2.2997835971460456,231,0.06722926930796083,0.14092028878398402
2017-10-13 00:00:00-04:00,40.95474987533752,41.22308540811323,40.78703936764974,40.81219482421875,3216300,0.0,0.0,0.05280829015544042,6.083607,0.0016,0.098500006,0.34451,0.06216,0.356,142027210752,0.181,29.523,12943287296,0.315,0.227,0.45,0.2202793529903911,-0.018757948025446166,1.0263519566298853,1.3765822818332791,-0.2290778130332124,0.013989854859610228,0.2309555732143903,0.18470131281221994,0.0025201104082715037,0.0006057380456292723,-0.031199179203312527,2.2997835971460456,231,0.06722926930796083,0.14092028878398402
2017-10-16 00:00:00-04:00,40.81218833446974,41.189536117060335,40.81218833446974,41.072139739990234,3142500,0.0,0.0,0.05280829015544042,6.083607,0.0016,0.098500006,0.34451,0.06216,0.356,142027210752,0.181,29.523,12943287296,0.315,0.227,0.45,0.2202793529903911,-0.018757948025446166,1.0263519566298853,1.3765822818332791,-0.2290778130332124,0.013989854859610228,0.2309555732143903,0.18470131281221994,0.0025201104082715037,0.0006057380456292723,-0.031199179203312527,2.2997835971460456,231,0.06722926930796083,0.14092028878398402
2017-10-17 00:00:00-04:00,41.088914741004054,41.48303392642525,40.317450938439286,40.71156692504883,5517400,0.0,0.0,0.05280829015544042,6.083607,0.0016,0.098500006,0.34451,0.06216,0.356,142027210752,0.181,29.523,12943287296,0.315,0.227,0.45,0.2202793529903911,-0.018757948025446166,1.0263519566298853,1.3765822818332791,-0.2290778130332124,0.013989854859610228,0.2309555732143903,0.18470131281221994,0.0025201104082715037,0.0006057380456292723,-0.031199179203312527,2.2997835971460456,231,0.06722926930796083,0.14092028878398402
2017-10-18 00:00:00-04:00,40.97152340574445,41.07214843613668,40.15812947980948,40.32583999633789,4103900,0.0,0.0,0.05280829015544042,6.083607,0.0016,0.098500006,0.34451,0.06216,0.356,142027210752,0.181,29.523,12943287296,0.315,0.227,0.45,0.2202793529903911,-0.018757948025446166,1.0263519566298853,1.3765822818332791,-0.2290778130332124,0.013989854859610228,0.2309555732143903,0.18470131281221994,0.0025201104082715037,0.0006057380456292723,-0.031199179203312527,2.2997835971460456,231,0.06722926930796083,0.14092028878398402
2017-10-19 00:00:00-04:00,40.283912871885185,40.83735533320732,40.18328464341788,40.8289680480957,2502700,0.0,0.0,0.05280829015544042,6.083607,0.0016,0.098500006,0.34451,0.06216,0.356,142027210752,0.181,29.523,12943287296,0.315,0.227,0.45,0.2202793529903911,-0.018757948025446166,1.0263519566298853,1.3765822818332791,-0.2290778130332124,0.013989854859610228,0.2309555732143903,0.18470131281221994,0.0025201104082715037,0.0006057380456292723,-0.031199179203312527,2.2997835971460456,231,0.06722926930796083,0.14092028878398402
2017-10-20 00:00:00-04:00,41.063768557012985,41.10569539073774,40.68642065586544,41.01345443725586,3089700,0.0,0.0,0.05280829015544042,6.083607,0.0016,0.098500006,0.34451,0.06216,0.356,142027210752,0.181,29.523,12943287296,0.315,0.227,0.45,0.2202793529903911,-0.018757948025446166,1.0263519566298853,1.3765822818332791,-0.2290778130332124,0.013989854859610228,0.2309555732143903,0.18470131281221994,0.0025201104082715037,0.0006057380456292723,-0.031199179203312527,2.2997835971460456,231,0.06722926930796083,0.14092028878398402
2017-10-23 00:00:00-04:00,41.07214056303939,41.139226036315996,40.88765871034017,41.00505828857422,3002900,0.0,0.0,0.05280829015544042,6.083607,0.0016,0.098500006,0.34451,0.06216,0.356,142027210752,0.181,29.523,12943287296,0.315,0.227,0.45,0.2202793529903911,-0.018757948025446166,1.0263519566298853,1.3765822818332791,-0.2290778130332124,0.013989854859610228,0.2309555732143903,0.18470131281221994,0.0025201104082715037,0.0006057380456292723,-0.031199179203312527,2.2997835971460456,231,0.06722926930796083,0.14092028878398402
2017-10-24 00:00:00-04:00,41.08053897481619,41.32371588428893,40.95475527775503,41.114078521728516,3221400,0.0,0.0,0.05280829015544042,6.083607,0.0016,0.098500006,0.34451,0.06216,0.356,142027210752,0.181,29.523,12943287296,0.315,0.227,0.45,0.2202793529903911,-0.018757948025446166,1.0263519566298853,1.3765822818332791,-0.2290778130332124,0.013989854859610228,0.2309555732143903,0.18470131281221994,0.0025201104082715037,0.0006057380456292723,-0.031199179203312527,2.2997835971460456,231,0.06722926930796083,0.14092028878398402
2017-10-25 00:00:00-04:00,41.00506285145306,41.09730058925509,40.71995595592481,40.76188278198242,2827900,0.0,0.0,0.05280829015544042,6.083607,0.0016,0.098500006,0.34451,0.06216,0.356,142027210752,0.181,29.523,12943287296,0.315,0.227,0.45,0.2202793529903911,-0.018757948025446166,1.0263519566298853,1.3765822818332791,-0.2290778130332124,0.013989854859610228,0.2309555732143903,0.18470131281221994,0.0025201104082715037,0.0006057380456292723,-0.031199179203312527,2.2997835971460456,231,0.06722926930796083,0.14092028878398402
2017-10-26 00:00:00-04:00,40.979895229702706,41.29854479587606,40.81218476335825,41.214691162109375,2883100,0.0,0.0,0.05280829015544042,6.083607,0.0016,0.098500006,0.34451,0.06216,0.356,142027210752,0.181,29.523,12943287296,0.315,0.227,0.45,0.2202793529903911,-0.018757948025446166,1.0263519566298853,1.3765822818332791,-0.2290778130332124,0.013989854859610228,0.2309555732143903,0.18470131281221994,0.0025201104082715037,0.0006057380456292723,-0.031199179203312527,2.2997835971460456,231,0.06722926930796083,0.14092028878398402
2017-10-27 00:00:00-04:00,41.04698510996638,41.18953694246202,40.80380506755584,41.00505828857422,2683200,0.0,0.0,0.05280829015544042,6.083607,0.0016,0.098500006,0.34451,0.06216,0.356,142027210752,0.181,29.523,12943287296,0.315,0.227,0.45,0.2202793529903911,-0.018757948025446166,1.0263519566298853,1.3765822818332791,-0.2290778130332124,0.013989854859610228,0.2309555732143903,0.18470131281221994,0.0025201104082715037,0.0006057380456292723,-0.031199179203312527,2.2997835971460456,231,0.06722926930796083,0.14092028878398402
2017-10-30 00:00:00-04:00,40.9128186029062,41.181154106527025,40.80380630493164,40.80380630493164,2385100,0.0,0.0,0.05280829015544042,6.083607,0.0016,0.098500006,0.34451,0.06216,0.356,142027210752,0.181,29.523,12943287296,0.315,0.227,0.45,0.2202793529903911,-0.018757948025446166,1.0263519566298853,1.3765822818332791,-0.2290778130332124,0.013989854859610228,0.2309555732143903,0.18470131281221994,0.0025201104082715037,0.0006057380456292723,-0.031199179203312527,2.2997835971460456,231,0.06722926930796083,0.14092028878398402
2017-10-31 00:00:00-04:00,40.837352240986384,41.03021819939348,40.745111304615214,40.79542541503906,2690000,0.0,0.0,0.05280829015544042,6.083607,0.0016,0.098500006,0.34451,0.06216,0.356,142027210752,0.181,29.523,12943287296,0.315,0.227,0.45,0.2202793529903911,-0.018757948025446166,1.0263519566298853,1.3765822818332791,-0.2290778130332124,0.013989854859610228,0.2309555732143903,0.18470131281221994,0.0025201104082715037,0.0006057380456292723,-0.031199179203312527,2.2997835971460456,231,0.06722926930796083,0.14092028878398402
2017-11-01 00:00:00-04:00,40.96312661828724,41.0302120888615,40.828958875950036,40.921199798583984,1873500,0.0,0.0,0.05280829015544042,6.083607,0.0016,0.098500006,0.34451,0.06216,0.356,142027210752,0.181,29.523,12943287296,0.315,0.227,0.45,0.2202793529903911,-0.018757948025446166,1.0263519566298853,1.3765822818332791,-0.2290778130332124,0.013989854859610228,0.2309555732143903,0.18470131281221994,0.0025201104082715037,0.0006057380456292723,-0.031199179203312527,2.2997835971460456,231,0.06722926930796083,0.14092028878398402
2017-11-02 00:00:00-04:00,40.98830419403066,42.044875252918374,40.95476144325638,41.348880767822266,3538300,0.0,0.0,0.05280829015544042,6.083607,0.0016,0.098500006,0.34451,0.06216,0.356,142027210752,0.181,29.523,12943287296,0.315,0.227,0.45,0.2202793529903911,-0.018757948025446166,1.0263519566298853,1.3765822818332791,-0.2290778130332124,0.013989854859610228,0.2309555732143903,0.18470131281221994,0.0025201104082715037,0.0006057380456292723,-0.031199179203312527,2.2997835971460456,231,0.06722926930796083,0.14092028878398402
2017-11-03 00:00:00-04:00,41.23985550126945,42.1538743811017,41.21470004547969,42.05324935913086,3884800,0.0,0.0,0.05280829015544042,6.083607,0.0016,0.098500006,0.34451,0.06216,0.356,142027210752,0.181,29.523,12943287296,0.315,0.227,0.45,0.2202793529903911,-0.018757948025446166,1.0263519566298853,1.3765822818332791,-0.2290778130332124,0.013989854859610228,0.2309555732143903,0.18470131281221994,0.0025201104082715037,0.0006057380456292723,-0.031199179203312527,2.2997835971460456,231,0.06722926930796083,0.14092028878398402
2017-11-06 00:00:00-05:00,41.76813980187892,42.26288399334636,41.7094416095702,42.10355758666992,3272600,0.0,0.0,0.05280829015544042,6.083607,0.0016,0.098500006,0.34451,0.06216,0.356,142027210752,0.181,29.523,12943287296,0.315,0.227,0.45,0.2202793529903911,-0.018757948025446166,1.0263519566298853,1.3765822818332791,-0.2290778130332124,0.013989854859610228,0.2309555732143903,0.18470131281221994,0.0025201104082715037,0.0006057380456292723,-0.031199179203312527,2.2997835971460456,231,0.06722926930796083,0.14092028878398402
2017-11-07 00:00:00-05:00,42.187413085446785,42.76601090494151,42.170641716920805,42.33835220336914,1831000,0.0,0.0,0.05280829015544042,6.083607,0.0016,0.098500006,0.34451,0.06216,0.356,142027210752,0.181,29.523,12943287296,0.315,0.227,0.45,0.2202793529903911,-0.018757948025446166,1.0263519566298853,1.3765822818332791,-0.2290778130332124,0.013989854859610228,0.2309555732143903,0.18470131281221994,0.0025201104082715037,0.0006057380456292723,-0.031199179203312527,2.2997835971460456,231,0.06722926930796083,0.14092028878398402
2017-11-08 00:00:00-05:00,42.26289138326425,42.531226937541746,42.16226315130108,42.388671875,1778800,0.0,0.0,0.05280829015544042,6.083607,0.0016,0.098500006,0.34451,0.06216,0.356,142027210752,0.181,29.523,12943287296,0.315,0.227,0.45,0.2202793529903911,-0.018757948025446166,1.0263519566298853,1.3765822818332791,-0.2290778130332124,0.013989854859610228,0.2309555732143903,0.18470131281221994,0.0025201104082715037,0.0006057380456292723,-0.031199179203312527,2.2997835971460456,231,0.06722926930796083,0.14092028878398402
2017-11-09 00:00:00-05:00,42.25450828790725,42.53961524245042,42.04487091541411,42.46414566040039,1939300,0.0,0.0,0.05280829015544042,6.083607,0.0016,0.098500006,0.34451,0.06216,0.356,142027210752,0.181,29.523,12943287296,0.315,0.227,0.45,0.2202793529903911,-0.018757948025446166,1.0263519566298853,1.3765822818332791,-0.2290778130332124,0.013989854859610228,0.2309555732143903,0.18470131281221994,0.0025201104082715037,0.0006057380456292723,-0.031199179203312527,2.2997835971460456,231,0.06722926930796083,0.14092028878398402
2017-11-10 00:00:00-05:00,42.32996491930996,42.648614523677715,42.0784007890455,42.556373596191406,1292300,0.0,0.0,0.05280829015544042,6.083607,0.0016,0.098500006,0.34451,0.06216,0.356,142027210752,0.181,29.523,12943287296,0.315,0.227,0.45,0.2202793529903911,-0.018757948025446166,1.0263519566298853,1.3765822818332791,-0.2290778130332124,0.013989854859610228,0.2309555732143903,0.18470131281221994,0.0025201104082715037,0.0006057380456292723,-0.031199179203312527,2.2997835971460456,231,0.06722926930796083,0.14092028878398402
2017-11-13 00:00:00-05:00,42.38867106394713,42.94211353390658,42.26289057461802,42.84987258911133,3418900,0.0,0.0,0.05280829015544042,6.083607,0.0016,0.098500006,0.34451,0.06216,0.356,142027210752,0.181,29.523,12943287296,0.315,0.227,0.45,0.2202793529903911,-0.018757948025446166,1.0263519566298853,1.3765822818332791,-0.2290778130332124,0.013989854859610228,0.2309555732143903,0.18470131281221994,0.0025201104082715037,0.0006057380456292723,-0.031199179203312527,2.2997835971460456,231,0.06722926930796083,0.14092028878398402
2017-11-14 00:00:00-05:00,42.5983054203694,43.21883333344696,42.53122313720017,43.00080871582031,2894800,0.0,0.0,0.05280829015544042,6.083607,0.0016,0.098500006,0.34451,0.06216,0.356,142027210752,0.181,29.523,12943287296,0.315,0.227,0.45,0.2202793529903911,-0.018757948025446166,1.0263519566298853,1.3765822818332791,-0.2290778130332124,0.013989854859610228,0.2309555732143903,0.18470131281221994,0.0025201104082715037,0.0006057380456292723,-0.031199179203312527,2.2997835971460456,231,0.06722926930796083,0.14092028878398402
2017-11-15 00:00:00-05:00,42.90856681796094,43.51232334704174,42.72408814426207,43.311073303222656,3130400,0.0,0.0,0.05280829015544042,6.083607,0.0016,0.098500006,0.34451,0.06216,0.356,142027210752,0.181,29.523,12943287296,0.315,0.227,0.45,0.2202793529903911,-0.018757948025446166,1.0263519566298853,1.3765822818332791,-0.2290778130332124,0.013989854859610228,0.2309555732143903,0.18470131281221994,0.0025201104082715037,0.0006057380456292723,-0.031199179203312527,2.2997835971460456,231,0.06722926930796083,0.14092028878398402
2017-11-16 00:00:00-05:00,43.60456834595702,43.671653832688285,43.126595448839,43.24399185180664,2940100,0.0,0.0,0.05280829015544042,6.083607,0.0016,0.098500006,0.34451,0.06216,0.356,142027210752,0.181,29.523,12943287296,0.315,0.227,0.45,0.2202793529903911,-0.018757948025446166,1.0263519566298853,1.3765822818332791,-0.2290778130332124,0.013989854859610228,0.2309555732143903,0.18470131281221994,0.0025201104082715037,0.0006057380456292723,-0.031199179203312527,2.2997835971460456,231,0.06722926930796083,0.14092028878398402
2017-11-17 00:00:00-05:00,43.09304705617074,43.336227115473676,43.03434886238198,43.22721481323242,2240700,0.0,0.0,0.05280829015544042,6.083607,0.0016,0.098500006,0.34451,0.06216,0.356,142027210752,0.181,29.523,12943287296,0.315,0.227,0.45,0.2202793529903911,-0.018757948025446166,1.0263519566298853,1.3765822818332791,-0.2290778130332124,0.013989854859610228,0.2309555732143903,0.18470131281221994,0.0025201104082715037,0.0006057380456292723,-0.031199179203312527,2.2997835971460456,231,0.06722926930796083,0.14092028878398402
2017-11-20 00:00:00-05:00,43.31107287893408,43.520710205165486,43.22721602915446,43.4536247253418,2015200,0.0,0.0,0.05280829015544042,6.083607,0.0016,0.098500006,0.34451,0.06216,0.356,142027210752,0.181,29.523,12943287296,0.315,0.227,0.45,0.2202793529903911,-0.018757948025446166,1.0263519566298853,1.3765822818332791,-0.2290778130332124,0.013989854859610228,0.2309555732143903,0.18470131281221994,0.0025201104082715037,0.0006057380456292723,-0.031199179203312527,2.2997835971460456,231,0.06722926930796083,0.14092028878398402
2017-11-21 00:00:00-05:00,43.60456054532154,43.82258194057109,43.3949232350075,43.495548248291016,4230000,0.0,0.0,0.05280829015544042,6.083607,0.0016,0.098500006,0.34451,0.06216,0.356,142027210752,0.181,29.523,12943287296,0.315,0.227,0.45,0.2202793529903911,-0.018757948025446166,1.0263519566298853,1.3765822818332791,-0.2290778130332124,0.013989854859610228,0.2309555732143903,0.18470131281221994,0.0025201104082715037,0.0006057380456292723,-0.031199179203312527,2.2997835971460456,231,0.06722926930796083,0.14092028878398402
2017-11-22 00:00:00-05:00,43.50393408472899,43.50393408472899,43.168513119860854,43.33622360229492,2078700,0.0,0.0,0.05280829015544042,6.083607,0.0016,0.098500006,0.34451,0.06216,0.356,142027210752,0.181,29.523,12943287296,0.315,0.227,0.45,0.2202793529903911,-0.018757948025446166,1.0263519566298853,1.3765822818332791,-0.2290778130332124,0.013989854859610228,0.2309555732143903,0.18470131281221994,0.0025201104082715037,0.0006057380456292723,-0.031199179203312527,2.2997835971460456,231,0.06722926930796083,0.14092028878398402
2017-11-24 00:00:00-05:00,43.487177569535746,43.562647152466944,43.27754019459492,43.478790283203125,1726300,0.0,0.0,0.05280829015544042,6.083607,0.0016,0.098500006,0.34451,0.06216,0.356,142027210752,0.181,29.523,12943287296,0.315,0.227,0.45,0.2202793529903911,-0.018757948025446166,1.0263519566298853,1.3765822818332791,-0.2290778130332124,0.013989854859610228,0.2309555732143903,0.18470131281221994,0.0025201104082715037,0.0006057380456292723,-0.031199179203312527,2.2997835971460456,231,0.06722926930796083,0.14092028878398402
2017-11-27 00:00:00-05:00,43.54586502440988,43.805816456710694,43.48716682982771,43.66326141357422,2086800,0.0,0.0,0.05280829015544042,6.083607,0.0016,0.098500006,0.34451,0.06216,0.356,142027210752,0.181,29.523,12943287296,0.315,0.227,0.45,0.2202793529903911,-0.018757948025446166,1.0263519566298853,1.3765822818332791,-0.2290778130332124,0.013989854859610228,0.2309555732143903,0.18470131281221994,0.0025201104082715037,0.0006057380456292723,-0.031199179203312527,2.2997835971460456,231,0.06722926930796083,0.14092028878398402
2017-11-28 00:00:00-05:00,43.64648827029525,44.292171583273564,43.62133281615699,44.258628845214844,3747800,0.0,0.0,0.05280829015544042,6.083607,0.0016,0.098500006,0.34451,0.06216,0.356,142027210752,0.181,29.523,12943287296,0.315,0.227,0.45,0.2202793529903911,-0.018757948025446166,1.0263519566298853,1.3765822818332791,-0.2290778130332124,0.013989854859610228,0.2309555732143903,0.18470131281221994,0.0025201104082715037,0.0006057380456292723,-0.031199179203312527,2.2997835971460456,231,0.06722926930796083,0.14092028878398402
2017-11-29 00:00:00-05:00,44.37602669492982,44.68629223400077,43.93998388101434,43.981910705566406,3706100,0.0,0.0,0.05280829015544042,6.083607,0.0016,0.098500006,0.34451,0.06216,0.356,142027210752,0.181,29.523,12943287296,0.315,0.227,0.45,0.2202793529903911,-0.018757948025446166,1.0263519566298853,1.3765822818332791,-0.2290778130332124,0.013989854859610228,0.2309555732143903,0.18470131281221994,0.0025201104082715037,0.0006057380456292723,-0.031199179203312527,2.2997835971460456,231,0.06722926930796083,0.14092028878398402
2017-11-30 00:00:00-05:00,44.22509460932524,45.03848531251371,44.03222544176502,44.59405517578125,5779000,0.0,0.0,0.05280829015544042,6.083607,0.0016,0.098500006,0.34451,0.06216,0.356,142027210752,0.181,29.523,12943287296,0.315,0.227,0.45,0.2202793529903911,-0.018757948025446166,1.0263519566298853,1.3765822818332791,-0.2290778130332124,0.013989854859610228,0.2309555732143903,0.18470131281221994,0.0025201104082715037,0.0006057380456292723,-0.031199179203312527,2.2997835971460456,231,0.06722926930796083,0.14092028878398402
2017-12-01 00:00:00-05:00,44.71983777958115,45.281664301222165,44.06576712003809,44.94624328613281,3301900,0.0,0.0,0.05280829015544042,6.083607,0.0016,0.098500006,0.34451,0.06216,0.356,142027210752,0.181,29.523,12943287296,0.315,0.227,0.45,0.2202793529903911,-0.018757948025446166,1.0263519566298853,1.3765822818332791,-0.2290778130332124,0.013989854859610228,0.2309555732143903,0.18470131281221994,0.0025201104082715037,0.0006057380456292723,-0.031199179203312527,2.2997835971460456,231,0.06722926930796083,0.14092028878398402
2017-12-04 00:00:00-05:00,45.44099062409202,45.73448483202076,45.315210133961486,45.58354568481445,3373600,0.0,0.0,0.05280829015544042,6.083607,0.0016,0.098500006,0.34451,0.06216,0.356,142027210752,0.181,29.523,12943287296,0.315,0.227,0.45,0.2202793529903911,-0.018757948025446166,1.0263519566298853,1.3765822818332791,-0.2290778130332124,0.013989854859610228,0.2309555732143903,0.18470131281221994,0.0025201104082715037,0.0006057380456292723,-0.031199179203312527,2.2997835971460456,231,0.06722926930796083,0.14092028878398402
2017-12-05 00:00:00-05:00,45.70093216434602,45.91056946785219,45.39905393548731,45.491294860839844,3880700,0.0,0.0,0.05280829015544042,6.083607,0.0016,0.098500006,0.34451,0.06216,0.356,142027210752,0.181,29.523,12943287296,0.315,0.227,0.45,0.2202793529903911,-0.018757948025446166,1.0263519566298853,1.3765822818332791,-0.2290778130332124,0.013989854859610228,0.2309555732143903,0.18470131281221994,0.0025201104082715037,0.0006057380456292723,-0.031199179203312527,2.2997835971460456,231,0.06722926930796083,0.14092028878398402
2017-12-06 00:00:00-05:00,45.50808119771921,45.84349907436954,45.34875794622123,45.77641677856445,1935100,0.0,0.0,0.05280829015544042,6.083607,0.0016,0.098500006,0.34451,0.06216,0.356,142027210752,0.181,29.523,12943287296,0.315,0.227,0.45,0.2202793529903911,-0.018757948025446166,1.0263519566298853,1.3765822818332791,-0.2290778130332124,0.013989854859610228,0.2309555732143903,0.18470131281221994,0.0025201104082715037,0.0006057380456292723,-0.031199179203312527,2.2997835971460456,231,0.06722926930796083,0.14092028878398402
2017-12-07 00:00:00-05:00,45.71770477294922,45.98604027281299,45.61707976020317,45.71770477294922,1993200,0.0,0.0,0.05280829015544042,6.083607,0.0016,0.098500006,0.34451,0.06216,0.356,142027210752,0.181,29.523,12943287296,0.315,0.227,0.45,0.2202793529903911,-0.018757948025446166,1.0263519566298853,1.3765822818332791,-0.2290778130332124,0.013989854859610228,0.2309555732143903,0.18470131281221994,0.0025201104082715037,0.0006057380456292723,-0.031199179203312527,2.2997835971460456,231,0.06722926930796083,0.14092028878398402
2017-12-08 00:00:00-05:00,45.92735737728511,46.111839294433594,45.75964683431491,46.111839294433594,1609700,0.0,0.0,0.05280829015544042,6.083607,0.0016,0.098500006,0.34451,0.06216,0.356,142027210752,0.181,29.523,12943287296,0.315,0.227,0.45,0.2202793529903911,-0.018757948025446166,1.0263519566298853,1.3765822818332791,-0.2290778130332124,0.013989854859610228,0.2309555732143903,0.18470131281221994,0.0025201104082715037,0.0006057380456292723,-0.031199179203312527,2.2997835971460456,231,0.06722926930796083,0.14092028878398402
2017-12-11 00:00:00-05:00,46.019588470458984,46.11182940925917,45.65901199995563,46.019588470458984,2571600,0.0,0.0,0.05280829015544042,6.083607,0.0016,0.098500006,0.34451,0.06216,0.356,142027210752,0.181,29.523,12943287296,0.315,0.227,0.45,0.2202793529903911,-0.018757948025446166,1.0263519566298853,1.3765822818332791,-0.2290778130332124,0.013989854859610228,0.2309555732143903,0.18470131281221994,0.0025201104082715037,0.0006057380456292723,-0.031199179203312527,2.2997835971460456,231,0.06722926930796083,0.14092028878398402
2017-12-12 00:00:00-05:00,46.271150022921354,46.79943697065858,46.14536635004669,46.245994567871094,4154700,0.0,0.0,0.05280829015544042,6.083607,0.0016,0.098500006,0.34451,0.06216,0.356,142027210752,0.181,29.523,12943287296,0.315,0.227,0.45,0.2202793529903911,-0.018757948025446166,1.0263519566298853,1.3765822818332791,-0.2290778130332124,0.013989854859610228,0.2309555732143903,0.18470131281221994,0.0025201104082715037,0.0006057380456292723,-0.031199179203312527,2.2997835971460456,231,0.06722926930796083,0.14092028878398402
2017-12-13 00:00:00-05:00,46.321473673003304,47.15163584877322,46.24600409349582,46.841373443603516,3407800,0.0,0.0,0.05280829015544042,6.083607,0.0016,0.098500006,0.34451,0.06216,0.356,142027210752,0.181,29.523,12943287296,0.315,0.227,0.45,0.2202793529903911,-0.018757948025446166,1.0263519566298853,1.3765822818332791,-0.2290778130332124,0.013989854859610228,0.2309555732143903,0.18470131281221994,0.0025201104082715037,0.0006057380456292723,-0.031199179203312527,2.2997835971460456,231,0.06722926930796083,0.14092028878398402
2017-12-14 00:00:00-05:00,47.109701940210726,47.11808602609134,46.12021346808148,46.23760986328125,3069100,0.0,0.0,0.05280829015544042,6.083607,0.0016,0.098500006,0.34451,0.06216,0.356,142027210752,0.181,29.523,12943287296,0.315,0.227,0.45,0.2202793529903911,-0.018757948025446166,1.0263519566298853,1.3765822818332791,-0.2290778130332124,0.013989854859610228,0.2309555732143903,0.18470131281221994,0.0025201104082715037,0.0006057380456292723,-0.031199179203312527,2.2997835971460456,231,0.06722926930796083,0.14092028878398402
2017-12-15 00:00:00-05:00,46.396937998502366,46.791054025689476,46.28792568515564,46.50594711303711,5616800,0.0,0.0,0.05280829015544042,6.083607,0.0016,0.098500006,0.34451,0.06216,0.356,142027210752,0.181,29.523,12943287296,0.315,0.227,0.45,0.2202793529903911,-0.018757948025446166,1.0263519566298853,1.3765822818332791,-0.2290778130332124,0.013989854859610228,0.2309555732143903,0.18470131281221994,0.0025201104082715037,0.0006057380456292723,-0.031199179203312527,2.2997835971460456,231,0.06722926930796083,0.14092028878398402
2017-12-18 00:00:00-05:00,46.547877812989235,46.774286544703415,46.20407267197413,46.28792953491211,2511200,0.0,0.0,0.05280829015544042,6.083607,0.0016,0.098500006,0.34451,0.06216,0.356,142027210752,0.181,29.523,12943287296,0.315,0.227,0.45,0.2202793529903911,-0.018757948025446166,1.0263519566298853,1.3765822818332791,-0.2290778130332124,0.013989854859610228,0.2309555732143903,0.18470131281221994,0.0025201104082715037,0.0006057380456292723,-0.031199179203312527,2.2997835971460456,231,0.06722926930796083,0.14092028878398402
2017-12-19 00:00:00-05:00,46.54786168721826,46.88328262514441,46.38015441706632,46.782657623291016,2613700,0.0,0.0,0.05280829015544042,6.083607,0.0016,0.098500006,0.34451,0.06216,0.356,142027210752,0.181,29.523,12943287296,0.315,0.227,0.45,0.2202793529903911,-0.018757948025446166,1.0263519566298853,1.3765822818332791,-0.2290778130332124,0.013989854859610228,0.2309555732143903,0.18470131281221994,0.0025201104082715037,0.0006057380456292723,-0.031199179203312527,2.2997835971460456,231,0.06722926930796083,0.14092028878398402
2017-12-20 00:00:00-05:00,46.90844858175886,47.19355548320673,46.78266810097447,47.101314544677734,2691200,0.0,0.0,0.05280829015544042,6.083607,0.0016,0.098500006,0.34451,0.06216,0.356,142027210752,0.181,29.523,12943287296,0.315,0.227,0.45,0.2202793529903911,-0.018757948025446166,1.0263519566298853,1.3765822818332791,-0.2290778130332124,0.013989854859610228,0.2309555732143903,0.18470131281221994,0.0025201104082715037,0.0006057380456292723,-0.031199179203312527,2.2997835971460456,231,0.06722926930796083,0.14092028878398402
2017-12-21 00:00:00-05:00,47.386423051432196,47.94825278750012,46.66527328692721,46.791053771972656,2610800,0.0,0.0,0.05280829015544042,6.083607,0.0016,0.098500006,0.34451,0.06216,0.356,142027210752,0.181,29.523,12943287296,0.315,0.227,0.45,0.2202793529903911,-0.018757948025446166,1.0263519566298853,1.3765822818332791,-0.2290778130332124,0.013989854859610228,0.2309555732143903,0.18470131281221994,0.0025201104082715037,0.0006057380456292723,-0.031199179203312527,2.2997835971460456,231,0.06722926930796083,0.14092028878398402
2017-12-22 00:00:00-05:00,46.91682908591006,47.109695020955535,46.65687767842544,47.03422546386719,1714800,0.0,0.0,0.05280829015544042,6.083607,0.0016,0.098500006,0.34451,0.06216,0.356,142027210752,0.181,29.523,12943287296,0.315,0.227,0.45,0.2202793529903911,-0.018757948025446166,1.0263519566298853,1.3765822818332791,-0.2290778130332124,0.013989854859610228,0.2309555732143903,0.18470131281221994,0.0025201104082715037,0.0006057380456292723,-0.031199179203312527,2.2997835971460456,231,0.06722926930796083,0.14092028878398402
2017-12-26 00:00:00-05:00,46.98391547074548,47.210324161821845,46.9503759304025,47.14324188232422,1235000,0.0,0.0,0.05280829015544042,6.083607,0.0016,0.098500006,0.34451,0.06216,0.356,142027210752,0.181,29.523,12943287296,0.315,0.227,0.45,0.2202793529903911,-0.018757948025446166,1.0263519566298853,1.3765822818332791,-0.2290778130332124,0.013989854859610228,0.2309555732143903,0.18470131281221994,0.0025201104082715037,0.0006057380456292723,-0.031199179203312527,2.2997835971460456,231,0.06722926930796083,0.14092028878398402
2017-12-27 00:00:00-05:00,47.2103327022345,47.53736647112399,47.143250410601595,47.26064682006836,1865600,0.0,0.0,0.05280829015544042,6.083607,0.0016,0.098500006,0.34451,0.06216,0.356,142027210752,0.181,29.523,12943287296,0.315,0.227,0.45,0.2202793529903911,-0.018757948025446166,1.0263519566298853,1.3765822818332791,-0.2290778130332124,0.013989854859610228,0.2309555732143903,0.18470131281221994,0.0025201104082715037,0.0006057380456292723,-0.031199179203312527,2.2997835971460456,231,0.06722926930796083,0.14092028878398402
2017-12-28 00:00:00-05:00,47.40318875801368,47.54574379593802,47.076155057638196,47.386417388916016,1314700,0.0,0.0,0.05280829015544042,6.083607,0.0016,0.098500006,0.34451,0.06216,0.356,142027210752,0.181,29.523,12943287296,0.315,0.227,0.45,0.2202793529903911,-0.018757948025446166,1.0263519566298853,1.3765822818332791,-0.2290778130332124,0.013989854859610228,0.2309555732143903,0.18470131281221994,0.0025201104082715037,0.0006057380456292723,-0.031199179203312527,2.2997835971460456,231,0.06722926930796083,0.14092028878398402
2017-12-29 00:00:00-05:00,47.394810886466836,47.49543591543347,47.22710037231445,47.22710037231445,1375200,0.0,0.0,0.05280829015544042,6.083607,0.0016,0.098500006,0.34451,0.06216,0.356,142027210752,0.181,29.523,12943287296,0.315,0.227,0.45,0.2202793529903911,-0.018757948025446166,1.0263519566298853,1.3765822818332791,-0.2290778130332124,0.013989854859610228,0.2309555732143903,0.18470131281221994,0.0025201104082715037,0.0006057380456292723,-0.031199179203312527,2.2997835971460456,231,0.06722926930796083,0.14092028878398402
2018-01-02 00:00:00-05:00,47.34449544142977,47.34449544142977,46.17891235900108,46.42209243774414,2715500,0.0,0.0,0.05280829015544042,6.083607,0.0016,0.098500006,0.34451,0.06216,0.356,142027210752,0.181,29.523,12943287296,0.315,0.227,0.45,0.2202793529903911,-0.018757948025446166,1.0263519566298853,1.3765822818332791,-0.2290778130332124,0.013989854859610228,0.2309555732143903,0.18470131281221994,0.0025201104082715037,0.0006057380456292723,-0.031199179203312527,2.2997835971460456,231,0.06722926930796083,0.14092028878398402
2018-01-03 00:00:00-05:00,46.38854341089807,46.589796634717004,46.00281153062423,46.39693069458008,3247300,0.0,0.0,0.05280829015544042,6.083607,0.0016,0.098500006,0.34451,0.06216,0.356,142027210752,0.181,29.523,12943287296,0.315,0.227,0.45,0.2202793529903911,-0.018757948025446166,1.0263519566298853,1.3765822818332791,-0.2290778130332124,0.013989854859610228,0.2309555732143903,0.18470131281221994,0.0025201104082715037,0.0006057380456292723,-0.031199179203312527,2.2997835971460456,231,0.06722926930796083,0.14092028878398402
2018-01-04 00:00:00-05:00,46.480786922751804,46.791049261194836,46.20406412446709,46.388545989990234,2573300,0.0,0.0,0.05280829015544042,6.083607,0.0016,0.098500006,0.34451,0.06216,0.356,142027210752,0.181,29.523,12943287296,0.315,0.227,0.45,0.2202793529903911,-0.018757948025446166,1.0263519566298853,1.3765822818332791,-0.2290778130332124,0.013989854859610228,0.2309555732143903,0.18470131281221994,0.0025201104082715037,0.0006057380456292723,-0.031199179203312527,2.2997835971460456,231,0.06722926930796083,0.14092028878398402
2018-01-05 00:00:00-05:00,46.48917048274227,46.614954153052395,46.01119765366236,46.564640045166016,3264800,0.0,0.0,0.05280829015544042,6.083607,0.0016,0.098500006,0.34451,0.06216,0.356,142027210752,0.181,29.523,12943287296,0.315,0.227,0.45,0.2202793529903911,-0.018757948025446166,1.0263519566298853,1.3765822818332791,-0.2290778130332124,0.013989854859610228,0.2309555732143903,0.18470131281221994,0.0025201104082715037,0.0006057380456292723,-0.031199179203312527,2.2997835971460456,231,0.06722926930796083,0.14092028878398402
2018-01-08 00:00:00-05:00,46.63172952777349,46.80782412228399,46.38854945031885,46.70719909667969,3075600,0.0,0.0,0.05280829015544042,6.083607,0.0016,0.098500006,0.34451,0.06216,0.356,142027210752,0.181,29.523,12943287296,0.315,0.227,0.45,0.2202793529903911,-0.018757948025446166,1.0263519566298853,1.3765822818332791,-0.2290778130332124,0.013989854859610228,0.2309555732143903,0.18470131281221994,0.0025201104082715037,0.0006057380456292723,-0.031199179203312527,2.2997835971460456,231,0.06722926930796083,0.14092028878398402
2018-01-09 00:00:00-05:00,46.799439471508094,47.43673555772647,46.76589673044085,47.101314544677734,3823600,0.0,0.0,0.05280829015544042,6.083607,0.0016,0.098500006,0.34451,0.06216,0.356,142027210752,0.181,29.523,12943287296,0.315,0.227,0.45,0.2202793529903911,-0.018757948025446166,1.0263519566298853,1.3765822818332791,-0.2290778130332124,0.013989854859610228,0.2309555732143903,0.18470131281221994,0.0025201104082715037,0.0006057380456292723,-0.031199179203312527,2.2997835971460456,231,0.06722926930796083,0.14092028878398402
2018-01-10 00:00:00-05:00,47.009083187979485,47.12647959884339,46.48918022727894,46.690433502197266,3212700,0.0,0.0,0.05280829015544042,6.083607,0.0016,0.098500006,0.34451,0.06216,0.356,142027210752,0.181,29.523,12943287296,0.315,0.227,0.45,0.2202793529903911,-0.018757948025446166,1.0263519566298853,1.3765822818332791,-0.2290778130332124,0.013989854859610228,0.2309555732143903,0.18470131281221994,0.0025201104082715037,0.0006057380456292723,-0.031199179203312527,2.2997835971460456,231,0.06722926930796083,0.14092028878398402
2018-01-11 00:00:00-05:00,46.82459560178606,46.99230611072406,46.539488696235026,46.67365646362305,2087100,0.0,0.0,0.05280829015544042,6.083607,0.0016,0.098500006,0.34451,0.06216,0.356,142027210752,0.181,29.523,12943287296,0.315,0.227,0.45,0.2202793529903911,-0.018757948025446166,1.0263519566298853,1.3765822818332791,-0.2290778130332124,0.013989854859610228,0.2309555732143903,0.18470131281221994,0.0025201104082715037,0.0006057380456292723,-0.031199179203312527,2.2997835971460456,231,0.06722926930796083,0.14092028878398402
2018-01-12 00:00:00-05:00,46.807818437544185,47.04261120170963,46.430470638841506,46.908443450927734,2659800,0.0,0.0,0.05280829015544042,6.083607,0.0016,0.098500006,0.34451,0.06216,0.356,142027210752,0.181,29.523,12943287296,0.315,0.227,0.45,0.2202793529903911,-0.018757948025446166,1.0263519566298853,1.3765822818332791,-0.2290778130332124,0.013989854859610228,0.2309555732143903,0.18470131281221994,0.0025201104082715037,0.0006057380456292723,-0.031199179203312527,2.2997835971460456,231,0.06722926930796083,0.14092028878398402
2018-01-16 00:00:00-05:00,47.02584600547109,47.40319062922342,46.85813550668578,47.1851692199707,3800300,0.0,0.0,0.05280829015544042,6.083607,0.0016,0.098500006,0.34451,0.06216,0.356,142027210752,0.181,29.523,12943287296,0.315,0.227,0.45,0.2202793529903911,-0.018757948025446166,1.0263519566298853,1.3765822818332791,-0.2290778130332124,0.013989854859610228,0.2309555732143903,0.18470131281221994,0.0025201104082715037,0.0006057380456292723,-0.031199179203312527,2.2997835971460456,231,0.06722926930796083,0.14092028878398402
2018-01-17 00:00:00-05:00,47.361268929838985,48.13273602821772,47.151631583372556,47.99018096923828,3169500,0.0,0.0,0.05280829015544042,6.083607,0.0016,0.098500006,0.34451,0.06216,0.356,142027210752,0.181,29.523,12943287296,0.315,0.227,0.45,0.2202793529903911,-0.018757948025446166,1.0263519566298853,1.3765822818332791,-0.2290778130332124,0.013989854859610228,0.2309555732143903,0.18470131281221994,0.0025201104082715037,0.0006057380456292723,-0.031199179203312527,2.2997835971460456,231,0.06722926930796083,0.14092028878398402
2018-01-18 00:00:00-05:00,47.998569995120505,48.16627731932599,47.721847152319555,48.040496826171875,2042900,0.0,0.0,0.05280829015544042,6.083607,0.0016,0.098500006,0.34451,0.06216,0.356,142027210752,0.181,29.523,12943287296,0.315,0.227,0.45,0.2202793529903911,-0.018757948025446166,1.0263519566298853,1.3765822818332791,-0.2290778130332124,0.013989854859610228,0.2309555732143903,0.18470131281221994,0.0025201104082715037,0.0006057380456292723,-0.031199179203312527,2.2997835971460456,231,0.06722926930796083,0.14092028878398402
2018-01-19 00:00:00-05:00,48.22496630156697,48.51007317653865,48.08241446348691,48.35074996948242,3847600,0.0,0.0,0.05280829015544042,6.083607,0.0016,0.098500006,0.34451,0.06216,0.356,142027210752,0.181,29.523,12943287296,0.315,0.227,0.45,0.2202793529903911,-0.018757948025446166,1.0263519566298853,1.3765822818332791,-0.2290778130332124,0.013989854859610228,0.2309555732143903,0.18470131281221994,0.0025201104082715037,0.0006057380456292723,-0.031199179203312527,2.2997835971460456,231,0.06722926930796083,0.14092028878398402
2018-01-22 00:00:00-05:00,48.510081252778875,48.845502290521885,48.459770336285885,48.82034683227539,2632800,0.0,0.0,0.05280829015544042,6.083607,0.0016,0.098500006,0.34451,0.06216,0.356,142027210752,0.181,29.523,12943287296,0.315,0.227,0.45,0.2202793529903911,-0.018757948025446166,1.0263519566298853,1.3765822818332791,-0.2290778130332124,0.013989854859610228,0.2309555732143903,0.18470131281221994,0.0025201104082715037,0.0006057380456292723,-0.031199179203312527,2.2997835971460456,231,0.06722926930796083,0.14092028878398402
2018-01-23 00:00:00-05:00,48.77840764953249,48.84549312401644,47.23548012213932,47.8392333984375,4611300,0.0,0.0,0.05280829015544042,6.083607,0.0016,0.098500006,0.34451,0.06216,0.356,142027210752,0.181,29.523,12943287296,0.315,0.227,0.45,0.2202793529903911,-0.018757948025446166,1.0263519566298853,1.3765822818332791,-0.2290778130332124,0.013989854859610228,0.2309555732143903,0.18470131281221994,0.0025201104082715037,0.0006057380456292723,-0.031199179203312527,2.2997835971460456,231,0.06722926930796083,0.14092028878398402
2018-01-24 00:00:00-05:00,48.325593294760786,48.325593294760786,45.29004276179319,46.39693069458008,7594900,0.0,0.0,0.05280829015544042,6.083607,0.0016,0.098500006,0.34451,0.06216,0.356,142027210752,0.181,29.523,12943287296,0.315,0.227,0.45,0.2202793529903911,-0.018757948025446166,1.0263519566298853,1.3765822818332791,-0.2290778130332124,0.013989854859610228,0.2309555732143903,0.18470131281221994,0.0025201104082715037,0.0006057380456292723,-0.031199179203312527,2.2997835971460456,231,0.06722926930796083,0.14092028878398402
2018-01-25 00:00:00-05:00,46.707200224305176,46.79944116617433,46.18730051418408,46.757511138916016,4766600,0.0,0.0,0.05280829015544042,6.083607,0.0016,0.098500006,0.34451,0.06216,0.356,142027210752,0.181,29.523,12943287296,0.315,0.227,0.45,0.2202793529903911,-0.018757948025446166,1.0263519566298853,1.3765822818332791,-0.2290778130332124,0.013989854859610228,0.2309555732143903,0.18470131281221994,0.0025201104082715037,0.0006057380456292723,-0.031199179203312527,2.2997835971460456,231,0.06722926930796083,0.14092028878398402
2018-01-26 00:00:00-05:00,46.941990939532886,47.596058390944265,45.323590482589296,45.9776611328125,5802800,0.0,0.0,0.05280829015544042,6.083607,0.0016,0.098500006,0.34451,0.06216,0.356,142027210752,0.181,29.523,12943287296,0.315,0.227,0.45,0.2202793529903911,-0.018757948025446166,1.0263519566298853,1.3765822818332791,-0.2290778130332124,0.013989854859610228,0.2309555732143903,0.18470131281221994,0.0025201104082715037,0.0006057380456292723,-0.031199179203312527,2.2997835971460456,231,0.06722926930796083,0.14092028878398402
2018-01-29 00:00:00-05:00,45.91895311132369,45.994422667813254,44.518577472786795,44.552120208740234,7824800,0.0,0.0,0.05280829015544042,6.083607,0.0016,0.098500006,0.34451,0.06216,0.356,142027210752,0.181,29.523,12943287296,0.315,0.227,0.45,0.2202793529903911,-0.018757948025446166,1.0263519566298853,1.3765822818332791,-0.2290778130332124,0.013989854859610228,0.2309555732143903,0.18470131281221994,0.0025201104082715037,0.0006057380456292723,-0.031199179203312527,2.2997835971460456,231,0.06722926930796083,0.14092028878398402
2018-01-30 00:00:00-05:00,44.568897013489476,45.67578184448639,44.568897013489476,44.85400390625,5233600,0.0,0.0,0.05280829015544042,6.083607,0.0016,0.098500006,0.34451,0.06216,0.356,142027210752,0.181,29.523,12943287296,0.315,0.227,0.45,0.2202793529903911,-0.018757948025446166,1.0263519566298853,1.3765822818332791,-0.2290778130332124,0.013989854859610228,0.2309555732143903,0.18470131281221994,0.0025201104082715037,0.0006057380456292723,-0.031199179203312527,2.2997835971460456,231,0.06722926930796083,0.14092028878398402
2018-01-31 00:00:00-05:00,45.13073526287621,45.70094919683345,44.862399670286045,45.36552810668945,6765400,0.0,0.0,0.05280829015544042,6.083607,0.0016,0.098500006,0.34451,0.06216,0.356,142027210752,0.181,29.523,12943287296,0.315,0.227,0.45,0.2202793529903911,-0.018757948025446166,1.0263519566298853,1.3765822818332791,-0.2290778130332124,0.013989854859610228,0.2309555732143903,0.18470131281221994,0.0025201104082715037,0.0006057380456292723,-0.031199179203312527,2.2997835971460456,231,0.06722926930796083,0.14092028878398402
2018-02-01 00:00:00-05:00,45.51537978331876,46.594388259038254,45.47255931623046,45.88361358642578,4502800,1.125,0.0,0.05280829015544042,6.083607,0.0016,0.098500006,0.34451,0.06216,0.356,142027210752,0.181,29.523,12943287296,0.315,0.227,0.45,0.2202793529903911,-0.018757948025446166,1.0263519566298853,1.3765822818332791,-0.2290778130332124,0.013989854859610228,0.2309555732143903,0.18470131281221994,0.0025201104082715037,0.0006057380456292723,-0.031199179203312527,2.2997835971460456,231,0.06722926930796083,0.14092028878398402
2018-02-02 00:00:00-05:00,45.86649084858056,46.62864820134173,45.523946676516886,45.59245681762695,3004400,0.0,0.0,0.05280829015544042,6.083607,0.0016,0.098500006,0.34451,0.06216,0.356,142027210752,0.181,29.523,12943287296,0.315,0.227,0.45,0.2202793529903911,-0.018757948025446166,1.0263519566298853,1.3765822818332791,-0.2290778130332124,0.013989854859610228,0.2309555732143903,0.18470131281221994,0.0025201104082715037,0.0006057380456292723,-0.031199179203312527,2.2997835971460456,231,0.06722926930796083,0.14092028878398402
2018-02-05 00:00:00-05:00,45.35267411030275,46.56013756726505,44.47918942085761,44.487754821777344,4452700,0.0,0.0,0.05280829015544042,6.083607,0.0016,0.098500006,0.34451,0.06216,0.356,142027210752,0.181,29.523,12943287296,0.315,0.227,0.45,0.2202793529903911,-0.018757948025446166,1.0263519566298853,1.3765822818332791,-0.2290778130332124,0.013989854859610228,0.2309555732143903,0.18470131281221994,0.0025201104082715037,0.0006057380456292723,-0.031199179203312527,2.2997835971460456,231,0.06722926930796083,0.14092028878398402
2018-02-06 00:00:00-05:00,44.051013190741614,45.481131413408264,43.494382970803244,45.275604248046875,5951100,0.0,0.0,0.05280829015544042,6.083607,0.0016,0.098500006,0.34451,0.06216,0.356,142027210752,0.181,29.523,12943287296,0.315,0.227,0.45,0.2202793529903911,-0.018757948025446166,1.0263519566298853,1.3765822818332791,-0.2290778130332124,0.013989854859610228,0.2309555732143903,0.18470131281221994,0.0025201104082715037,0.0006057380456292723,-0.031199179203312527,2.2997835971460456,231,0.06722926930796083,0.14092028878398402
2018-02-07 00:00:00-05:00,45.19852555858309,46.32891664088143,45.00156382253415,45.729469299316406,4334500,0.0,0.0,0.05280829015544042,6.083607,0.0016,0.098500006,0.34451,0.06216,0.356,142027210752,0.181,29.523,12943287296,0.315,0.227,0.45,0.2202793529903911,-0.018757948025446166,1.0263519566298853,1.3765822818332791,-0.2290778130332124,0.013989854859610228,0.2309555732143903,0.18470131281221994,0.0025201104082715037,0.0006057380456292723,-0.031199179203312527,2.2997835971460456,231,0.06722926930796083,0.14092028878398402
2018-02-08 00:00:00-05:00,45.78942393103195,45.82367573885146,43.70847551909983,43.73416519165039,5464800,0.0,0.0,0.05280829015544042,6.083607,0.0016,0.098500006,0.34451,0.06216,0.356,142027210752,0.181,29.523,12943287296,0.315,0.227,0.45,0.2202793529903911,-0.018757948025446166,1.0263519566298853,1.3765822818332791,-0.2290778130332124,0.013989854859610228,0.2309555732143903,0.18470131281221994,0.0025201104082715037,0.0006057380456292723,-0.031199179203312527,2.2997835971460456,231,0.06722926930796083,0.14092028878398402
2018-02-09 00:00:00-05:00,44.18801993054465,45.00155973457884,43.86260662232513,44.718963623046875,5109500,0.0,0.0,0.05280829015544042,6.083607,0.0016,0.098500006,0.34451,0.06216,0.356,142027210752,0.181,29.523,12943287296,0.315,0.227,0.45,0.2202793529903911,-0.018757948025446166,1.0263519566298853,1.3765822818332791,-0.2290778130332124,0.013989854859610228,0.2309555732143903,0.18470131281221994,0.0025201104082715037,0.0006057380456292723,-0.031199179203312527,2.2997835971460456,231,0.06722926930796083,0.14092028878398402
2018-02-12 00:00:00-05:00,44.89023935142908,45.20709384274788,44.076702688335814,44.855987548828125,2850800,0.0,0.0,0.05280829015544042,6.083607,0.0016,0.098500006,0.34451,0.06216,0.356,142027210752,0.181,29.523,12943287296,0.315,0.227,0.45,0.2202793529903911,-0.018757948025446166,1.0263519566298853,1.3765822818332791,-0.2290778130332124,0.013989854859610228,0.2309555732143903,0.18470131281221994,0.0025201104082715037,0.0006057380456292723,-0.031199179203312527,2.2997835971460456,231,0.06722926930796083,0.14092028878398402
2018-02-13 00:00:00-05:00,44.62477186233291,45.59245636201065,44.522009918438066,45.5753288269043,3078400,0.0,0.0,0.05280829015544042,6.083607,0.0016,0.098500006,0.34451,0.06216,0.356,142027210752,0.181,29.523,12943287296,0.315,0.227,0.45,0.2202793529903911,-0.018757948025446166,1.0263519566298853,1.3765822818332791,-0.2290778130332124,0.013989854859610228,0.2309555732143903,0.18470131281221994,0.0025201104082715037,0.0006057380456292723,-0.031199179203312527,2.2997835971460456,231,0.06722926930796083,0.14092028878398402
2018-02-14 00:00:00-05:00,46.046323384938034,48.25572308704534,45.87505130516972,48.21290588378906,6304600,0.0,0.0,0.05280829015544042,6.083607,0.0016,0.098500006,0.34451,0.06216,0.356,142027210752,0.181,29.523,12943287296,0.315,0.227,0.45,0.2202793529903911,-0.018757948025446166,1.0263519566298853,1.3765822818332791,-0.2290778130332124,0.013989854859610228,0.2309555732143903,0.18470131281221994,0.0025201104082715037,0.0006057380456292723,-0.031199179203312527,2.2997835971460456,231,0.06722926930796083,0.14092028878398402
2018-02-15 00:00:00-05:00,48.72671233080956,48.81234672011274,48.161516867877964,48.62394714355469,4209000,0.0,0.0,0.05280829015544042,6.083607,0.0016,0.098500006,0.34451,0.06216,0.356,142027210752,0.181,29.523,12943287296,0.315,0.227,0.45,0.2202793529903911,-0.018757948025446166,1.0263519566298853,1.3765822818332791,-0.2290778130332124,0.013989854859610228,0.2309555732143903,0.18470131281221994,0.0025201104082715037,0.0006057380456292723,-0.031199179203312527,2.2997835971460456,231,0.06722926930796083,0.14092028878398402
2018-02-16 00:00:00-05:00,48.461253409413764,49.266227990269314,48.461253409413764,49.112083435058594,3704700,0.0,0.0,0.05280829015544042,6.083607,0.0016,0.098500006,0.34451,0.06216,0.356,142027210752,0.181,29.523,12943287296,0.315,0.227,0.45,0.2202793529903911,-0.018757948025446166,1.0263519566298853,1.3765822818332791,-0.2290778130332124,0.013989854859610228,0.2309555732143903,0.18470131281221994,0.0025201104082715037,0.0006057380456292723,-0.031199179203312527,2.2997835971460456,231,0.06722926930796083,0.14092028878398402
2018-02-20 00:00:00-05:00,48.863736404196175,49.060698141568,48.35848559381002,48.41843032836914,3807300,0.0,0.0,0.05280829015544042,6.083607,0.0016,0.098500006,0.34451,0.06216,0.356,142027210752,0.181,29.523,12943287296,0.315,0.227,0.45,0.2202793529903911,-0.018757948025446166,1.0263519566298853,1.3765822818332791,-0.2290778130332124,0.013989854859610228,0.2309555732143903,0.18470131281221994,0.0025201104082715037,0.0006057380456292723,-0.031199179203312527,2.2997835971460456,231,0.06722926930796083,0.14092028878398402
2018-02-21 00:00:00-05:00,48.58113937377894,49.754347721899414,48.461249898798584,48.95793533325195,3649100,0.0,0.0,0.05280829015544042,6.083607,0.0016,0.098500006,0.34451,0.06216,0.356,142027210752,0.181,29.523,12943287296,0.315,0.227,0.45,0.2202793529903911,-0.018757948025446166,1.0263519566298853,1.3765822818332791,-0.2290778130332124,0.013989854859610228,0.2309555732143903,0.18470131281221994,0.0025201104082715037,0.0006057380456292723,-0.031199179203312527,2.2997835971460456,231,0.06722926930796083,0.14092028878398402
2018-02-22 00:00:00-05:00,49.052136576844994,49.48888055334629,48.52975819191845,48.683902740478516,3358100,0.0,0.0,0.05280829015544042,6.083607,0.0016,0.098500006,0.34451,0.06216,0.356,142027210752,0.181,29.523,12943287296,0.315,0.227,0.45,0.2202793529903911,-0.018757948025446166,1.0263519566298853,1.3765822818332791,-0.2290778130332124,0.013989854859610228,0.2309555732143903,0.18470131281221994,0.0025201104082715037,0.0006057380456292723,-0.031199179203312527,2.2997835971460456,231,0.06722926930796083,0.14092028878398402
2018-02-23 00:00:00-05:00,48.803789527658395,49.46318157886823,48.74384152898734,49.42036437988281,1968600,0.0,0.0,0.05280829015544042,6.083607,0.0016,0.098500006,0.34451,0.06216,0.356,142027210752,0.181,29.523,12943287296,0.315,0.227,0.45,0.2202793529903911,-0.018757948025446166,1.0263519566298853,1.3765822818332791,-0.2290778130332124,0.013989854859610228,0.2309555732143903,0.18470131281221994,0.0025201104082715037,0.0006057380456292723,-0.031199179203312527,2.2997835971460456,231,0.06722926930796083,0.14092028878398402
2018-02-26 00:00:00-05:00,49.4974397722277,50.57645154859737,49.44606043689597,50.39661407470703,3290000,0.0,0.0,0.05280829015544042,6.083607,0.0016,0.098500006,0.34451,0.06216,0.356,142027210752,0.181,29.523,12943287296,0.315,0.227,0.45,0.2202793529903911,-0.018757948025446166,1.0263519566298853,1.3765822818332791,-0.2290778130332124,0.013989854859610228,0.2309555732143903,0.18470131281221994,0.0025201104082715037,0.0006057380456292723,-0.031199179203312527,2.2997835971460456,231,0.06722926930796083,0.14092028878398402
2018-02-27 00:00:00-05:00,50.35378296851931,50.74770634208723,50.12256622314453,50.12256622314453,4889100,0.0,0.0,0.05280829015544042,6.083607,0.0016,0.098500006,0.34451,0.06216,0.356,142027210752,0.181,29.523,12943287296,0.315,0.227,0.45,0.2202793529903911,-0.018757948025446166,1.0263519566298853,1.3765822818332791,-0.2290778130332124,0.013989854859610228,0.2309555732143903,0.18470131281221994,0.0025201104082715037,0.0006057380456292723,-0.031199179203312527,2.2997835971460456,231,0.06722926930796083,0.14092028878398402
2018-02-28 00:00:00-05:00,50.42230747217764,50.83335849232191,49.300478483814665,49.309043884277344,4031800,0.0,0.0,0.05280829015544042,6.083607,0.0016,0.098500006,0.34451,0.06216,0.356,142027210752,0.181,29.523,12943287296,0.315,0.227,0.45,0.2202793529903911,-0.018757948025446166,1.0263519566298853,1.3765822818332791,-0.2290778130332124,0.013989854859610228,0.2309555732143903,0.18470131281221994,0.0025201104082715037,0.0006057380456292723,-0.031199179203312527,2.2997835971460456,231,0.06722926930796083,0.14092028878398402
2018-03-01 00:00:00-05:00,49.45462889973413,50.18253122186398,49.05213996549525,49.48888397216797,3158200,0.0,0.0,0.05280829015544042,6.083607,0.0016,0.098500006,0.34451,0.06216,0.356,142027210752,0.181,29.523,12943287296,0.315,0.227,0.45,0.2202793529903911,-0.018757948025446166,1.0263519566298853,1.3765822818332791,-0.2290778130332124,0.013989854859610228,0.2309555732143903,0.18470131281221994,0.0025201104082715037,0.0006057380456292723,-0.031199179203312527,2.2997835971460456,231,0.06722926930796083,0.14092028878398402
2018-03-02 00:00:00-05:00,49.15489934338035,49.531695295160155,48.79522765903966,49.309043884277344,4006000,0.0,0.0,0.05280829015544042,6.083607,0.0016,0.098500006,0.34451,0.06216,0.356,142027210752,0.181,29.523,12943287296,0.315,0.227,0.45,0.2202793529903911,-0.018757948025446166,1.0263519566298853,1.3765822818332791,-0.2290778130332124,0.013989854859610228,0.2309555732143903,0.18470131281221994,0.0025201104082715037,0.0006057380456292723,-0.031199179203312527,2.2997835971460456,231,0.06722926930796083,0.14092028878398402
2018-03-05 00:00:00-05:00,49.08639167358994,50.482254745534426,48.83804731558115,50.345237731933594,3180000,0.0,0.0,0.05280829015544042,6.083607,0.0016,0.098500006,0.34451,0.06216,0.356,142027210752,0.181,29.523,12943287296,0.315,0.227,0.45,0.2202793529903911,-0.018757948025446166,1.0263519566298853,1.3765822818332791,-0.2290778130332124,0.013989854859610228,0.2309555732143903,0.18470131281221994,0.0025201104082715037,0.0006057380456292723,-0.031199179203312527,2.2997835971460456,231,0.06722926930796083,0.14092028878398402
2018-03-06 00:00:00-05:00,50.40517694201862,50.49937674105031,49.394675352530676,50.199649810791016,3362400,0.0,0.0,0.05280829015544042,6.083607,0.0016,0.098500006,0.34451,0.06216,0.356,142027210752,0.181,29.523,12943287296,0.315,0.227,0.45,0.2202793529903911,-0.018757948025446166,1.0263519566298853,1.3765822818332791,-0.2290778130332124,0.013989854859610228,0.2309555732143903,0.18470131281221994,0.0025201104082715037,0.0006057380456292723,-0.031199179203312527,2.2997835971460456,231,0.06722926930796083,0.14092028878398402
2018-03-07 00:00:00-05:00,49.8399850027723,50.24247062750773,49.81429206780477,50.02838134765625,2326400,0.0,0.0,0.05280829015544042,6.083607,0.0016,0.098500006,0.34451,0.06216,0.356,142027210752,0.181,29.523,12943287296,0.315,0.227,0.45,0.2202793529903911,-0.018757948025446166,1.0263519566298853,1.3765822818332791,-0.2290778130332124,0.013989854859610228,0.2309555732143903,0.18470131281221994,0.0025201104082715037,0.0006057380456292723,-0.031199179203312527,2.2997835971460456,231,0.06722926930796083,0.14092028878398402
2018-03-08 00:00:00-05:00,50.12259309935961,50.60215437654994,50.011268999359665,50.54220962524414,1455500,0.0,0.0,0.05280829015544042,6.083607,0.0016,0.098500006,0.34451,0.06216,0.356,142027210752,0.181,29.523,12943287296,0.315,0.227,0.45,0.2202793529903911,-0.018757948025446166,1.0263519566298853,1.3765822818332791,-0.2290778130332124,0.013989854859610228,0.2309555732143903,0.18470131281221994,0.0025201104082715037,0.0006057380456292723,-0.031199179203312527,2.2997835971460456,231,0.06722926930796083,0.14092028878398402
2018-03-09 00:00:00-05:00,50.84191943124692,51.70684192003678,50.670647360192625,51.69827651977539,1860700,0.0,0.0,0.05280829015544042,6.083607,0.0016,0.098500006,0.34451,0.06216,0.356,142027210752,0.181,29.523,12943287296,0.315,0.227,0.45,0.2202793529903911,-0.018757948025446166,1.0263519566298853,1.3765822818332791,-0.2290778130332124,0.013989854859610228,0.2309555732143903,0.18470131281221994,0.0025201104082715037,0.0006057380456292723,-0.031199179203312527,2.2997835971460456,231,0.06722926930796083,0.14092028878398402
2018-03-12 00:00:00-04:00,51.68114528237711,51.749655412586414,51.15877023987379,51.35573196411133,2553300,0.0,0.0,0.05280829015544042,6.083607,0.0016,0.098500006,0.34451,0.06216,0.356,142027210752,0.181,29.523,12943287296,0.315,0.227,0.45,0.2202793529903911,-0.018757948025446166,1.0263519566298853,1.3765822818332791,-0.2290778130332124,0.013989854859610228,0.2309555732143903,0.18470131281221994,0.0025201104082715037,0.0006057380456292723,-0.031199179203312527,2.2997835971460456,231,0.06722926930796083,0.14092028878398402
2018-03-13 00:00:00-04:00,51.43281604954608,51.97231874861154,51.34717836709982,51.38999557495117,3339800,0.0,0.0,0.05280829015544042,6.083607,0.0016,0.098500006,0.34451,0.06216,0.356,142027210752,0.181,29.523,12943287296,0.315,0.227,0.45,0.2202793529903911,-0.018757948025446166,1.0263519566298853,1.3765822818332791,-0.2290778130332124,0.013989854859610228,0.2309555732143903,0.18470131281221994,0.0025201104082715037,0.0006057380456292723,-0.031199179203312527,2.2997835971460456,231,0.06722926930796083,0.14092028878398402
2018-03-14 00:00:00-04:00,52.49468841217609,52.77728781694395,51.99800300390033,52.580326080322266,3348400,0.0,0.0,0.05280829015544042,6.083607,0.0016,0.098500006,0.34451,0.06216,0.356,142027210752,0.181,29.523,12943287296,0.315,0.227,0.45,0.2202793529903911,-0.018757948025446166,1.0263519566298853,1.3765822818332791,-0.2290778130332124,0.013989854859610228,0.2309555732143903,0.18470131281221994,0.0025201104082715037,0.0006057380456292723,-0.031199179203312527,2.2997835971460456,231,0.06722926930796083,0.14092028878398402
2018-03-15 00:00:00-04:00,52.7087812465762,52.845798258132106,52.066513392393524,52.734474182128906,3345400,0.0,0.0,0.05280829015544042,6.083607,0.0016,0.098500006,0.34451,0.06216,0.356,142027210752,0.181,29.523,12943287296,0.315,0.227,0.45,0.2202793529903911,-0.018757948025446166,1.0263519566298853,1.3765822818332791,-0.2290778130332124,0.013989854859610228,0.2309555732143903,0.18470131281221994,0.0025201104082715037,0.0006057380456292723,-0.031199179203312527,2.2997835971460456,231,0.06722926930796083,0.14092028878398402
2018-03-16 00:00:00-04:00,52.931434412416294,53.2140305614369,52.77728987049846,53.025630950927734,3086100,0.0,0.0,0.05280829015544042,6.083607,0.0016,0.098500006,0.34451,0.06216,0.356,142027210752,0.181,29.523,12943287296,0.315,0.227,0.45,0.2202793529903911,-0.018757948025446166,1.0263519566298853,1.3765822818332791,-0.2290778130332124,0.013989854859610228,0.2309555732143903,0.18470131281221994,0.0025201104082715037,0.0006057380456292723,-0.031199179203312527,2.2997835971460456,231,0.06722926930796083,0.14092028878398402
2018-03-19 00:00:00-04:00,53.025624356466516,53.53944052120695,52.580321587131294,52.98280715942383,2321700,0.0,0.0,0.05280829015544042,6.083607,0.0016,0.098500006,0.34451,0.06216,0.356,142027210752,0.181,29.523,12943287296,0.315,0.227,0.45,0.2202793529903911,-0.018757948025446166,1.0263519566298853,1.3765822818332791,-0.2290778130332124,0.013989854859610228,0.2309555732143903,0.18470131281221994,0.0025201104082715037,0.0006057380456292723,-0.031199179203312527,2.2997835971460456,231,0.06722926930796083,0.14092028878398402
2018-03-20 00:00:00-04:00,53.14552649158929,53.72784962135579,53.111271421192825,53.37674331665039,2611000,0.0,0.0,0.05280829015544042,6.083607,0.0016,0.098500006,0.34451,0.06216,0.356,142027210752,0.181,29.523,12943287296,0.315,0.227,0.45,0.2202793529903911,-0.018757948025446166,1.0263519566298853,1.3765822818332791,-0.2290778130332124,0.013989854859610228,0.2309555732143903,0.18470131281221994,0.0025201104082715037,0.0006057380456292723,-0.031199179203312527,2.2997835971460456,231,0.06722926930796083,0.14092028878398402
2018-03-21 00:00:00-04:00,53.42813122605491,53.70216529969849,52.86293554082204,53.10271453857422,2383700,0.0,0.0,0.05280829015544042,6.083607,0.0016,0.098500006,0.34451,0.06216,0.356,142027210752,0.181,29.523,12943287296,0.315,0.227,0.45,0.2202793529903911,-0.018757948025446166,1.0263519566298853,1.3765822818332791,-0.2290778130332124,0.013989854859610228,0.2309555732143903,0.18470131281221994,0.0025201104082715037,0.0006057380456292723,-0.031199179203312527,2.2997835971460456,231,0.06722926930796083,0.14092028878398402
2018-03-22 00:00:00-04:00,52.65739855693341,53.08557709913187,51.78391393883939,51.852420806884766,2713900,0.0,0.0,0.05280829015544042,6.083607,0.0016,0.098500006,0.34451,0.06216,0.356,142027210752,0.181,29.523,12943287296,0.315,0.227,0.45,0.2202793529903911,-0.018757948025446166,1.0263519566298853,1.3765822818332791,-0.2290778130332124,0.013989854859610228,0.2309555732143903,0.18470131281221994,0.0025201104082715037,0.0006057380456292723,-0.031199179203312527,2.2997835971460456,231,0.06722926930796083,0.14092028878398402
2018-03-23 00:00:00-04:00,51.81816991067716,52.23778635317628,51.047450432725455,51.10739517211914,3541500,0.0,0.0,0.05280829015544042,6.083607,0.0016,0.098500006,0.34451,0.06216,0.356,142027210752,0.181,29.523,12943287296,0.315,0.227,0.45,0.2202793529903911,-0.018757948025446166,1.0263519566298853,1.3765822818332791,-0.2290778130332124,0.013989854859610228,0.2309555732143903,0.18470131281221994,0.0025201104082715037,0.0006057380456292723,-0.031199179203312527,2.2997835971460456,231,0.06722926930796083,0.14092028878398402
2018-03-26 00:00:00-04:00,51.45849548551556,52.220652740600265,50.961806826352145,52.10932540893555,3699100,0.0,0.0,0.05280829015544042,6.083607,0.0016,0.098500006,0.34451,0.06216,0.356,142027210752,0.181,29.523,12943287296,0.315,0.227,0.45,0.2202793529903911,-0.018757948025446166,1.0263519566298853,1.3765822818332791,-0.2290778130332124,0.013989854859610228,0.2309555732143903,0.18470131281221994,0.0025201104082715037,0.0006057380456292723,-0.031199179203312527,2.2997835971460456,231,0.06722926930796083,0.14092028878398402
2018-03-27 00:00:00-04:00,52.314853372074055,52.60601490562604,51.321479304674874,51.62976837158203,3576000,0.0,0.0,0.05280829015544042,6.083607,0.0016,0.098500006,0.34451,0.06216,0.356,142027210752,0.181,29.523,12943287296,0.315,0.227,0.45,0.2202793529903911,-0.018757948025446166,1.0263519566298853,1.3765822818332791,-0.2290778130332124,0.013989854859610228,0.2309555732143903,0.18470131281221994,0.0025201104082715037,0.0006057380456292723,-0.031199179203312527,2.2997835971460456,231,0.06722926930796083,0.14092028878398402
2018-03-28 00:00:00-04:00,51.68115602287055,52.12646216154714,51.19303267728619,51.75822830200195,3403100,0.0,0.0,0.05280829015544042,6.083607,0.0016,0.098500006,0.34451,0.06216,0.356,142027210752,0.181,29.523,12943287296,0.315,0.227,0.45,0.2202793529903911,-0.018757948025446166,1.0263519566298853,1.3765822818332791,-0.2290778130332124,0.013989854859610228,0.2309555732143903,0.18470131281221994,0.0025201104082715037,0.0006057380456292723,-0.031199179203312527,2.2997835971460456,231,0.06722926930796083,0.14092028878398402
2018-03-29 00:00:00-04:00,52.04082797846223,52.631713276593736,51.75822853147966,52.1778450012207,3268600,0.0,0.0,0.05280829015544042,6.083607,0.0016,0.098500006,0.34451,0.06216,0.356,142027210752,0.181,29.523,12943287296,0.315,0.227,0.45,0.2202793529903911,-0.018757948025446166,1.0263519566298853,1.3765822818332791,-0.2290778130332124,0.013989854859610228,0.2309555732143903,0.18470131281221994,0.0025201104082715037,0.0006057380456292723,-0.031199179203312527,2.2997835971460456,231,0.06722926930796083,0.14092028878398402
2018-04-02 00:00:00-04:00,52.22922501478511,52.46900397601319,50.670651966572564,51.21872329711914,3481500,0.0,0.0,0.05280829015544042,6.083607,0.0016,0.098500006,0.34451,0.06216,0.356,142027210752,0.181,29.523,12943287296,0.315,0.227,0.45,0.2202793529903911,-0.018757948025446166,1.0263519566298853,1.3765822818332791,-0.2290778130332124,0.013989854859610228,0.2309555732143903,0.18470131281221994,0.0025201104082715037,0.0006057380456292723,-0.031199179203312527,2.2997835971460456,231,0.06722926930796083,0.14092028878398402
2018-04-03 00:00:00-04:00,51.44137619825054,52.20353357550558,51.25297657088648,51.97231674194336,3498700,0.0,0.0,0.05280829015544042,6.083607,0.0016,0.098500006,0.34451,0.06216,0.356,142027210752,0.181,29.523,12943287296,0.315,0.227,0.45,0.2202793529903911,-0.018757948025446166,1.0263519566298853,1.3765822818332791,-0.2290778130332124,0.013989854859610228,0.2309555732143903,0.18470131281221994,0.0025201104082715037,0.0006057380456292723,-0.031199179203312527,2.2997835971460456,231,0.06722926930796083,0.14092028878398402
2018-04-04 00:00:00-04:00,51.492765224104765,52.708791018771386,51.415692936643936,52.58890151977539,3841200,0.0,0.0,0.05280829015544042,6.083607,0.0016,0.098500006,0.34451,0.06216,0.356,142027210752,0.181,29.523,12943287296,0.315,0.227,0.45,0.2202793529903911,-0.018757948025446166,1.0263519566298853,1.3765822818332791,-0.2290778130332124,0.013989854859610228,0.2309555732143903,0.18470131281221994,0.0025201104082715037,0.0006057380456292723,-0.031199179203312527,2.2997835971460456,231,0.06722926930796083,0.14092028878398402
2018-04-05 00:00:00-04:00,52.7944256143844,53.06845967224134,52.280609305844905,52.451881408691406,2900400,0.0,0.0,0.05280829015544042,6.083607,0.0016,0.098500006,0.34451,0.06216,0.356,142027210752,0.181,29.523,12943287296,0.315,0.227,0.45,0.2202793529903911,-0.018757948025446166,1.0263519566298853,1.3765822818332791,-0.2290778130332124,0.013989854859610228,0.2309555732143903,0.18470131281221994,0.0025201104082715037,0.0006057380456292723,-0.031199179203312527,2.2997835971460456,231,0.06722926930796083,0.14092028878398402
2018-04-06 00:00:00-04:00,52.11790407717116,52.571772385803975,51.12452977269121,51.41569137573242,3661400,0.0,0.0,0.05280829015544042,6.083607,0.0016,0.098500006,0.34451,0.06216,0.356,142027210752,0.181,29.523,12943287296,0.315,0.227,0.45,0.2202793529903911,-0.018757948025446166,1.0263519566298853,1.3765822818332791,-0.2290778130332124,0.013989854859610228,0.2309555732143903,0.18470131281221994,0.0025201104082715037,0.0006057380456292723,-0.031199179203312527,2.2997835971460456,231,0.06722926930796083,0.14092028878398402
2018-04-09 00:00:00-04:00,51.72397960361316,52.15215823189889,51.28723557338526,51.38143539428711,2952800,0.0,0.0,0.05280829015544042,6.083607,0.0016,0.098500006,0.34451,0.06216,0.356,142027210752,0.181,29.523,12943287296,0.315,0.227,0.45,0.2202793529903911,-0.018757948025446166,1.0263519566298853,1.3765822818332791,-0.2290778130332124,0.013989854859610228,0.2309555732143903,0.18470131281221994,0.0025201104082715037,0.0006057380456292723,-0.031199179203312527,2.2997835971460456,231,0.06722926930796083,0.14092028878398402
2018-04-10 00:00:00-04:00,52.075080030792165,52.22065917983004,51.655463585386386,51.71540832519531,3033400,0.0,0.0,0.05280829015544042,6.083607,0.0016,0.098500006,0.34451,0.06216,0.356,142027210752,0.181,29.523,12943287296,0.315,0.227,0.45,0.2202793529903911,-0.018757948025446166,1.0263519566298853,1.3765822818332791,-0.2290778130332124,0.013989854859610228,0.2309555732143903,0.18470131281221994,0.0025201104082715037,0.0006057380456292723,-0.031199179203312527,2.2997835971460456,231,0.06722926930796083,0.14092028878398402
2018-04-11 00:00:00-04:00,51.34717083519438,51.66402531365215,51.21871923048236,51.37286376953125,2315000,0.0,0.0,0.05280829015544042,6.083607,0.0016,0.098500006,0.34451,0.06216,0.356,142027210752,0.181,29.523,12943287296,0.315,0.227,0.45,0.2202793529903911,-0.018757948025446166,1.0263519566298853,1.3765822818332791,-0.2290778130332124,0.013989854859610228,0.2309555732143903,0.18470131281221994,0.0025201104082715037,0.0006057380456292723,-0.031199179203312527,2.2997835971460456,231,0.06722926930796083,0.14092028878398402
2018-04-12 00:00:00-04:00,51.71540484092417,52.03225605381572,51.56982570169455,51.80960464477539,2155800,0.0,0.0,0.05280829015544042,6.083607,0.0016,0.098500006,0.34451,0.06216,0.356,142027210752,0.181,29.523,12943287296,0.315,0.227,0.45,0.2202793529903911,-0.018757948025446166,1.0263519566298853,1.3765822818332791,-0.2290778130332124,0.013989854859610228,0.2309555732143903,0.18470131281221994,0.0025201104082715037,0.0006057380456292723,-0.031199179203312527,2.2997835971460456,231,0.06722926930796083,0.14092028878398402
2018-04-13 00:00:00-04:00,52.16929350613243,52.220676128392356,51.312936068933325,51.44139099121094,2711900,0.0,0.0,0.05280829015544042,6.083607,0.0016,0.098500006,0.34451,0.06216,0.356,142027210752,0.181,29.523,12943287296,0.315,0.227,0.45,0.2202793529903911,-0.018757948025446166,1.0263519566298853,1.3765822818332791,-0.2290778130332124,0.013989854859610228,0.2309555732143903,0.18470131281221994,0.0025201104082715037,0.0006057380456292723,-0.031199179203312527,2.2997835971460456,231,0.06722926930796083,0.14092028878398402
2018-04-16 00:00:00-04:00,51.87812128479389,52.59745820421824,51.77535606766741,52.1778450012207,4648000,0.0,0.0,0.05280829015544042,6.083607,0.0016,0.098500006,0.34451,0.06216,0.356,142027210752,0.181,29.523,12943287296,0.315,0.227,0.45,0.2202793529903911,-0.018757948025446166,1.0263519566298853,1.3765822818332791,-0.2290778130332124,0.013989854859610228,0.2309555732143903,0.18470131281221994,0.0025201104082715037,0.0006057380456292723,-0.031199179203312527,2.2997835971460456,231,0.06722926930796083,0.14092028878398402
2018-04-17 00:00:00-04:00,52.62314858961456,53.76210192353997,52.246349345246145,53.33392333984375,5132100,0.0,0.0,0.05280829015544042,6.083607,0.0016,0.098500006,0.34451,0.06216,0.356,142027210752,0.181,29.523,12943287296,0.315,0.227,0.45,0.2202793529903911,-0.018757948025446166,1.0263519566298853,1.3765822818332791,-0.2290778130332124,0.013989854859610228,0.2309555732143903,0.18470131281221994,0.0025201104082715037,0.0006057380456292723,-0.031199179203312527,2.2997835971460456,231,0.06722926930796083,0.14092028878398402
2018-04-18 00:00:00-04:00,53.42811708260409,53.462372149427516,52.092202143919984,52.39192581176758,3973000,0.0,0.0,0.05280829015544042,6.083607,0.0016,0.098500006,0.34451,0.06216,0.356,142027210752,0.181,29.523,12943287296,0.315,0.227,0.45,0.2202793529903911,-0.018757948025446166,1.0263519566298853,1.3765822818332791,-0.2290778130332124,0.013989854859610228,0.2309555732143903,0.18470131281221994,0.0025201104082715037,0.0006057380456292723,-0.031199179203312527,2.2997835971460456,231,0.06722926930796083,0.14092028878398402
2018-04-19 00:00:00-04:00,52.39192303284767,52.87148414271039,52.1178890462812,52.34910583496094,2991800,0.0,0.0,0.05280829015544042,6.083607,0.0016,0.098500006,0.34451,0.06216,0.356,142027210752,0.181,29.523,12943287296,0.315,0.227,0.45,0.2202793529903911,-0.018757948025446166,1.0263519566298853,1.3765822818332791,-0.2290778130332124,0.013989854859610228,0.2309555732143903,0.18470131281221994,0.0025201104082715037,0.0006057380456292723,-0.031199179203312527,2.2997835971460456,231,0.06722926930796083,0.14092028878398402
2018-04-20 00:00:00-04:00,52.43474604434183,52.57176305281658,52.0665122215516,52.280601501464844,2886600,0.0,0.0,0.05280829015544042,6.083607,0.0016,0.098500006,0.34451,0.06216,0.356,142027210752,0.181,29.523,12943287296,0.315,0.227,0.45,0.2202793529903911,-0.018757948025446166,1.0263519566298853,1.3765822818332791,-0.2290778130332124,0.013989854859610228,0.2309555732143903,0.18470131281221994,0.0025201104082715037,0.0006057380456292723,-0.031199179203312527,2.2997835971460456,231,0.06722926930796083,0.14092028878398402
2018-04-23 00:00:00-04:00,52.665960731674126,52.74303299999996,52.20352712171915,52.42618179321289,2146600,0.0,0.0,0.05280829015544042,6.083607,0.0016,0.098500006,0.34451,0.06216,0.356,142027210752,0.181,29.523,12943287296,0.315,0.227,0.45,0.2202793529903911,-0.018757948025446166,1.0263519566298853,1.3765822818332791,-0.2290778130332124,0.013989854859610228,0.2309555732143903,0.18470131281221994,0.0025201104082715037,0.0006057380456292723,-0.031199179203312527,2.2997835971460456,231,0.06722926930796083,0.14092028878398402
2018-04-24 00:00:00-04:00,52.520384694092925,52.65740170511843,51.60407955360225,51.98944091796875,2820000,0.0,0.0,0.05280829015544042,6.083607,0.0016,0.098500006,0.34451,0.06216,0.356,142027210752,0.181,29.523,12943287296,0.315,0.227,0.45,0.2202793529903911,-0.018757948025446166,1.0263519566298853,1.3765822818332791,-0.2290778130332124,0.013989854859610228,0.2309555732143903,0.18470131281221994,0.0025201104082715037,0.0006057380456292723,-0.031199179203312527,2.2997835971460456,231,0.06722926930796083,0.14092028878398402
2018-04-25 00:00:00-04:00,52.06651091603367,52.212093321430785,51.347170822892224,51.63833236694336,3370000,0.0,0.0,0.05280829015544042,6.083607,0.0016,0.098500006,0.34451,0.06216,0.356,142027210752,0.181,29.523,12943287296,0.315,0.227,0.45,0.2202793529903911,-0.018757948025446166,1.0263519566298853,1.3765822818332791,-0.2290778130332124,0.013989854859610228,0.2309555732143903,0.18470131281221994,0.0025201104082715037,0.0006057380456292723,-0.031199179203312527,2.2997835971460456,231,0.06722926930796083,0.14092028878398402
2018-04-26 00:00:00-04:00,51.689715956838064,52.135022048412566,51.364299338621485,51.92093276977539,1601000,0.0,0.0,0.05280829015544042,6.083607,0.0016,0.098500006,0.34451,0.06216,0.356,142027210752,0.181,29.523,12943287296,0.315,0.227,0.45,0.2202793529903911,-0.018757948025446166,1.0263519566298853,1.3765822818332791,-0.2290778130332124,0.013989854859610228,0.2309555732143903,0.18470131281221994,0.0025201104082715037,0.0006057380456292723,-0.031199179203312527,2.2997835971460456,231,0.06722926930796083,0.14092028878398402
2018-04-27 00:00:00-04:00,51.83529598712922,52.24634701715198,51.74966158090318,52.22065734863281,1519200,0.0,0.0,0.05280829015544042,6.083607,0.0016,0.098500006,0.34451,0.06216,0.356,142027210752,0.181,29.523,12943287296,0.315,0.227,0.45,0.2202793529903911,-0.018757948025446166,1.0263519566298853,1.3765822818332791,-0.2290778130332124,0.013989854859610228,0.2309555732143903,0.18470131281221994,0.0025201104082715037,0.0006057380456292723,-0.031199179203312527,2.2997835971460456,231,0.06722926930796083,0.14092028878398402
2018-04-30 00:00:00-04:00,52.32341550538016,52.45187037217246,51.62976837158203,51.62976837158203,2506600,0.0,0.0,0.05280829015544042,6.083607,0.0016,0.098500006,0.34451,0.06216,0.356,142027210752,0.181,29.523,12943287296,0.315,0.227,0.45,0.2202793529903911,-0.018757948025446166,1.0263519566298853,1.3765822818332791,-0.2290778130332124,0.013989854859610228,0.2309555732143903,0.18470131281221994,0.0025201104082715037,0.0006057380456292723,-0.031199179203312527,2.2997835971460456,231,0.06722926930796083,0.14092028878398402
2018-05-01 00:00:00-04:00,51.65546010515396,51.83529431246459,51.312915957830114,51.80960464477539,1929300,0.0,0.0,0.05280829015544042,6.083607,0.0016,0.098500006,0.34451,0.06216,0.356,142027210752,0.181,29.523,12943287296,0.315,0.227,0.45,0.2202793529903911,-0.018757948025446166,1.0263519566298853,1.3765822818332791,-0.2290778130332124,0.013989854859610228,0.2309555732143903,0.18470131281221994,0.0025201104082715037,0.0006057380456292723,-0.031199179203312527,2.2997835971460456,231,0.06722926930796083,0.14092028878398402
2018-05-02 00:00:00-04:00,51.50988950269296,51.586961785276905,49.76291994195244,50.50794982910156,3929200,0.0,0.0,0.05280829015544042,6.083607,0.0016,0.098500006,0.34451,0.06216,0.356,142027210752,0.181,29.523,12943287296,0.315,0.227,0.45,0.2202793529903911,-0.018757948025446166,1.0263519566298853,1.3765822818332791,-0.2290778130332124,0.013989854859610228,0.2309555732143903,0.18470131281221994,0.0025201104082715037,0.0006057380456292723,-0.031199179203312527,2.2997835971460456,231,0.06722926930796083,0.14092028878398402
2018-05-03 00:00:00-04:00,50.285290860978634,51.05601030478252,49.86567443707121,50.75628662109375,3764500,0.0,0.0,0.05280829015544042,6.083607,0.0016,0.098500006,0.34451,0.06216,0.356,142027210752,0.181,29.523,12943287296,0.315,0.227,0.45,0.2202793529903911,-0.018757948025446166,1.0263519566298853,1.3765822818332791,-0.2290778130332124,0.013989854859610228,0.2309555732143903,0.18470131281221994,0.0025201104082715037,0.0006057380456292723,-0.031199179203312527,2.2997835971460456,231,0.06722926930796083,0.14092028878398402
2018-05-04 00:00:00-04:00,50.55076248595852,51.47562979368399,50.216783713749884,51.21872329711914,2457300,0.0,0.0,0.05280829015544042,6.083607,0.0016,0.098500006,0.34451,0.06216,0.356,142027210752,0.181,29.523,12943287296,0.315,0.227,0.45,0.2202793529903911,-0.018757948025446166,1.0263519566298853,1.3765822818332791,-0.2290778130332124,0.013989854859610228,0.2309555732143903,0.18470131281221994,0.0025201104082715037,0.0006057380456292723,-0.031199179203312527,2.2997835971460456,231,0.06722926930796083,0.14092028878398402
2018-05-07 00:00:00-04:00,51.24440928968861,52.24634553442017,51.21871962189851,51.98087692260742,2675700,0.0,0.0,0.05280829015544042,6.083607,0.0016,0.098500006,0.34451,0.06216,0.356,142027210752,0.181,29.523,12943287296,0.315,0.227,0.45,0.2202793529903911,-0.018757948025446166,1.0263519566298853,1.3765822818332791,-0.2290778130332124,0.013989854859610228,0.2309555732143903,0.18470131281221994,0.0025201104082715037,0.0006057380456292723,-0.031199179203312527,2.2997835971460456,231,0.06722926930796083,0.14092028878398402
2018-05-08 00:00:00-04:00,51.83529950769213,52.477567398238754,51.792482301671036,52.37480545043945,2546500,0.0,0.0,0.05280829015544042,6.083607,0.0016,0.098500006,0.34451,0.06216,0.356,142027210752,0.181,29.523,12943287296,0.315,0.227,0.45,0.2202793529903911,-0.018757948025446166,1.0263519566298853,1.3765822818332791,-0.2290778130332124,0.013989854859610228,0.2309555732143903,0.18470131281221994,0.0025201104082715037,0.0006057380456292723,-0.031199179203312527,2.2997835971460456,231,0.06722926930796083,0.14092028878398402
2018-05-09 00:00:00-04:00,52.34911107837742,52.92286877436283,52.25491127354563,52.914306640625,1600800,0.0,0.0,0.05280829015544042,6.083607,0.0016,0.098500006,0.34451,0.06216,0.356,142027210752,0.181,29.523,12943287296,0.315,0.227,0.45,0.2202793529903911,-0.018757948025446166,1.0263519566298853,1.3765822818332791,-0.2290778130332124,0.013989854859610228,0.2309555732143903,0.18470131281221994,0.0025201104082715037,0.0006057380456292723,-0.031199179203312527,2.2997835971460456,231,0.06722926930796083,0.14092028878398402
2018-05-10 00:00:00-04:00,53.00850983710552,53.616522640431064,52.79442054578723,53.41099548339844,2522700,0.0,0.0,0.05280829015544042,6.083607,0.0016,0.098500006,0.34451,0.06216,0.356,142027210752,0.181,29.523,12943287296,0.315,0.227,0.45,0.2202793529903911,-0.018757948025446166,1.0263519566298853,1.3765822818332791,-0.2290778130332124,0.013989854859610228,0.2309555732143903,0.18470131281221994,0.0025201104082715037,0.0006057380456292723,-0.031199179203312527,2.2997835971460456,231,0.06722926930796083,0.14092028878398402
2018-05-11 00:00:00-04:00,53.38529955965665,53.94193295857138,53.28253762655067,53.462371826171875,2073700,0.0,0.0,0.05280829015544042,6.083607,0.0016,0.098500006,0.34451,0.06216,0.356,142027210752,0.181,29.523,12943287296,0.315,0.227,0.45,0.2202793529903911,-0.018757948025446166,1.0263519566298853,1.3765822818332791,-0.2290778130332124,0.013989854859610228,0.2309555732143903,0.18470131281221994,0.0025201104082715037,0.0006057380456292723,-0.031199179203312527,2.2997835971460456,231,0.06722926930796083,0.14092028878398402
2018-05-14 00:00:00-04:00,53.505196323247254,53.59939613591785,52.76872862426997,52.854366302490234,3026600,0.0,0.0,0.05280829015544042,6.083607,0.0016,0.098500006,0.34451,0.06216,0.356,142027210752,0.181,29.523,12943287296,0.315,0.227,0.45,0.2202793529903911,-0.018757948025446166,1.0263519566298853,1.3765822818332791,-0.2290778130332124,0.013989854859610228,0.2309555732143903,0.18470131281221994,0.0025201104082715037,0.0006057380456292723,-0.031199179203312527,2.2997835971460456,231,0.06722926930796083,0.14092028878398402
2018-05-15 00:00:00-04:00,52.74303294994421,53.53944529964093,52.70877788255567,53.017066955566406,3991200,0.0,0.0,0.05280829015544042,6.083607,0.0016,0.098500006,0.34451,0.06216,0.356,142027210752,0.181,29.523,12943287296,0.315,0.227,0.45,0.2202793529903911,-0.018757948025446166,1.0263519566298853,1.3765822818332791,-0.2290778130332124,0.013989854859610228,0.2309555732143903,0.18470131281221994,0.0025201104082715037,0.0006057380456292723,-0.031199179203312527,2.2997835971460456,231,0.06722926930796083,0.14092028878398402
2018-05-16 00:00:00-04:00,53.1797716652597,53.351043729145985,52.263469880222424,52.76015853881836,3366700,0.0,0.0,0.05280829015544042,6.083607,0.0016,0.098500006,0.34451,0.06216,0.356,142027210752,0.181,29.523,12943287296,0.315,0.227,0.45,0.2202793529903911,-0.018757948025446166,1.0263519566298853,1.3765822818332791,-0.2290778130332124,0.013989854859610228,0.2309555732143903,0.18470131281221994,0.0025201104082715037,0.0006057380456292723,-0.031199179203312527,2.2997835971460456,231,0.06722926930796083,0.14092028878398402
2018-05-17 00:00:00-04:00,52.31486822784367,52.443323131113104,51.552710744196204,51.689727783203125,3644600,0.0,0.0,0.05280829015544042,6.083607,0.0016,0.098500006,0.34451,0.06216,0.356,142027210752,0.181,29.523,12943287296,0.315,0.227,0.45,0.2202793529903911,-0.018757948025446166,1.0263519566298853,1.3765822818332791,-0.2290778130332124,0.013989854859610228,0.2309555732143903,0.18470131281221994,0.0025201104082715037,0.0006057380456292723,-0.031199179203312527,2.2997835971460456,231,0.06722926930796083,0.14092028878398402
2018-05-18 00:00:00-04:00,51.80104900532078,52.27204481688156,51.62121150872119,52.1778450012207,4993500,0.0,0.0,0.05280829015544042,6.083607,0.0016,0.098500006,0.34451,0.06216,0.356,142027210752,0.181,29.523,12943287296,0.315,0.227,0.45,0.2202793529903911,-0.018757948025446166,1.0263519566298853,1.3765822818332791,-0.2290778130332124,0.013989854859610228,0.2309555732143903,0.18470131281221994,0.0025201104082715037,0.0006057380456292723,-0.031199179203312527,2.2997835971460456,231,0.06722926930796083,0.14092028878398402
2018-05-21 00:00:00-04:00,52.50324725202717,53.02562226210397,52.24633754643279,52.80297088623047,3327200,0.0,0.0,0.05280829015544042,6.083607,0.0016,0.098500006,0.34451,0.06216,0.356,142027210752,0.181,29.523,12943287296,0.315,0.227,0.45,0.2202793529903911,-0.018757948025446166,1.0263519566298853,1.3765822818332791,-0.2290778130332124,0.013989854859610228,0.2309555732143903,0.18470131281221994,0.0025201104082715037,0.0006057380456292723,-0.031199179203312527,2.2997835971460456,231,0.06722926930796083,0.14092028878398402
2018-05-22 00:00:00-04:00,52.922868976129756,53.779226089875365,52.7687244343161,53.08557891845703,3209000,0.0,0.0,0.05280829015544042,6.083607,0.0016,0.098500006,0.34451,0.06216,0.356,142027210752,0.181,29.523,12943287296,0.315,0.227,0.45,0.2202793529903911,-0.018757948025446166,1.0263519566298853,1.3765822818332791,-0.2290778130332124,0.013989854859610228,0.2309555732143903,0.18470131281221994,0.0025201104082715037,0.0006057380456292723,-0.031199179203312527,2.2997835971460456,231,0.06722926930796083,0.14092028878398402
2018-05-23 00:00:00-04:00,52.96567536745583,53.402419235696904,52.88004098025767,53.29109191894531,3086100,0.0,0.0,0.05280829015544042,6.083607,0.0016,0.098500006,0.34451,0.06216,0.356,142027210752,0.181,29.523,12943287296,0.315,0.227,0.45,0.2202793529903911,-0.018757948025446166,1.0263519566298853,1.3765822818332791,-0.2290778130332124,0.013989854859610228,0.2309555732143903,0.18470131281221994,0.0025201104082715037,0.0006057380456292723,-0.031199179203312527,2.2997835971460456,231,0.06722926930796083,0.14092028878398402
2018-05-24 00:00:00-04:00,53.29967295192127,53.63365173339844,52.940001233354266,53.63365173339844,2624200,0.0,0.0,0.05280829015544042,6.083607,0.0016,0.098500006,0.34451,0.06216,0.356,142027210752,0.181,29.523,12943287296,0.315,0.227,0.45,0.2202793529903911,-0.018757948025446166,1.0263519566298853,1.3765822818332791,-0.2290778130332124,0.013989854859610228,0.2309555732143903,0.18470131281221994,0.0025201104082715037,0.0006057380456292723,-0.031199179203312527,2.2997835971460456,231,0.06722926930796083,0.14092028878398402
2018-05-25 00:00:00-04:00,53.55657744340563,53.66790152188643,53.25685047807046,53.39386749267578,2078400,0.0,0.0,0.05280829015544042,6.083607,0.0016,0.098500006,0.34451,0.06216,0.356,142027210752,0.181,29.523,12943287296,0.315,0.227,0.45,0.2202793529903911,-0.018757948025446166,1.0263519566298853,1.3765822818332791,-0.2290778130332124,0.013989854859610228,0.2309555732143903,0.18470131281221994,0.0025201104082715037,0.0006057380456292723,-0.031199179203312527,2.2997835971460456,231,0.06722926930796083,0.14092028878398402
2018-05-29 00:00:00-04:00,53.12839408246489,53.17121128316081,52.511815938865965,52.845794677734375,2881000,0.0,0.0,0.05280829015544042,6.083607,0.0016,0.098500006,0.34451,0.06216,0.356,142027210752,0.181,29.523,12943287296,0.315,0.227,0.45,0.2202793529903911,-0.018757948025446166,1.0263519566298853,1.3765822818332791,-0.2290778130332124,0.013989854859610228,0.2309555732143903,0.18470131281221994,0.0025201104082715037,0.0006057380456292723,-0.031199179203312527,2.2997835971460456,231,0.06722926930796083,0.14092028878398402
2018-05-30 00:00:00-04:00,53.1283946511477,54.19027561344214,53.102701717060725,53.950496673583984,2260500,0.0,0.0,0.05280829015544042,6.083607,0.0016,0.098500006,0.34451,0.06216,0.356,142027210752,0.181,29.523,12943287296,0.315,0.227,0.45,0.2202793529903911,-0.018757948025446166,1.0263519566298853,1.3765822818332791,-0.2290778130332124,0.013989854859610228,0.2309555732143903,0.18470131281221994,0.0025201104082715037,0.0006057380456292723,-0.031199179203312527,2.2997835971460456,231,0.06722926930796083,0.14092028878398402
2018-05-31 00:00:00-04:00,53.87342765220844,53.87342765220844,53.08558064990268,53.17121505737305,6675300,0.0,0.0,0.05280829015544042,6.083607,0.0016,0.098500006,0.34451,0.06216,0.356,142027210752,0.181,29.523,12943287296,0.315,0.227,0.45,0.2202793529903911,-0.018757948025446166,1.0263519566298853,1.3765822818332791,-0.2290778130332124,0.013989854859610228,0.2309555732143903,0.18470131281221994,0.0025201104082715037,0.0006057380456292723,-0.031199179203312527,2.2997835971460456,231,0.06722926930796083,0.14092028878398402
2018-06-01 00:00:00-04:00,53.573699159303416,53.68502322569199,53.0598829602876,53.462371826171875,2687100,0.0,0.0,0.05280829015544042,6.083607,0.0016,0.098500006,0.34451,0.06216,0.356,142027210752,0.181,29.523,12943287296,0.315,0.227,0.45,0.2202793529903911,-0.018757948025446166,1.0263519566298853,1.3765822818332791,-0.2290778130332124,0.013989854859610228,0.2309555732143903,0.18470131281221994,0.0025201104082715037,0.0006057380456292723,-0.031199179203312527,2.2997835971460456,231,0.06722926930796083,0.14092028878398402
2018-06-04 00:00:00-04:00,53.61652058204806,53.924809672389856,53.505193240148365,53.8049201965332,4704200,0.0,0.0,0.05280829015544042,6.083607,0.0016,0.098500006,0.34451,0.06216,0.356,142027210752,0.181,29.523,12943287296,0.315,0.227,0.45,0.2202793529903911,-0.018757948025446166,1.0263519566298853,1.3765822818332791,-0.2290778130332124,0.013989854859610228,0.2309555732143903,0.18470131281221994,0.0025201104082715037,0.0006057380456292723,-0.031199179203312527,2.2997835971460456,231,0.06722926930796083,0.14092028878398402
2018-06-05 00:00:00-04:00,53.76209141081374,54.42148669277591,53.65932948550902,53.94192886352539,3009600,0.0,0.0,0.05280829015544042,6.083607,0.0016,0.098500006,0.34451,0.06216,0.356,142027210752,0.181,29.523,12943287296,0.315,0.227,0.45,0.2202793529903911,-0.018757948025446166,1.0263519566298853,1.3765822818332791,-0.2290778130332124,0.013989854859610228,0.2309555732143903,0.18470131281221994,0.0025201104082715037,0.0006057380456292723,-0.031199179203312527,2.2997835971460456,231,0.06722926930796083,0.14092028878398402
2018-06-06 00:00:00-04:00,54.019008360806374,54.28447697563544,52.323418399045075,53.59939193725586,4162300,0.0,0.0,0.05280829015544042,6.083607,0.0016,0.098500006,0.34451,0.06216,0.356,142027210752,0.181,29.523,12943287296,0.315,0.227,0.45,0.2202793529903911,-0.018757948025446166,1.0263519566298853,1.3765822818332791,-0.2290778130332124,0.013989854859610228,0.2309555732143903,0.18470131281221994,0.0025201104082715037,0.0006057380456292723,-0.031199179203312527,2.2997835971460456,231,0.06722926930796083,0.14092028878398402
2018-06-07 00:00:00-04:00,53.63364364651085,53.796350312077614,53.02562765046043,53.61651611328125,3935500,0.0,0.0,0.05280829015544042,6.083607,0.0016,0.098500006,0.34451,0.06216,0.356,142027210752,0.181,29.523,12943287296,0.315,0.227,0.45,0.2202793529903911,-0.018757948025446166,1.0263519566298853,1.3765822818332791,-0.2290778130332124,0.013989854859610228,0.2309555732143903,0.18470131281221994,0.0025201104082715037,0.0006057380456292723,-0.031199179203312527,2.2997835971460456,231,0.06722926930796083,0.14092028878398402
2018-06-08 00:00:00-04:00,53.650773703975254,53.83917004487888,53.42811902825766,53.813480377197266,2320900,0.0,0.0,0.05280829015544042,6.083607,0.0016,0.098500006,0.34451,0.06216,0.356,142027210752,0.181,29.523,12943287296,0.315,0.227,0.45,0.2202793529903911,-0.018757948025446166,1.0263519566298853,1.3765822818332791,-0.2290778130332124,0.013989854859610228,0.2309555732143903,0.18470131281221994,0.0025201104082715037,0.0006057380456292723,-0.031199179203312527,2.2997835971460456,231,0.06722926930796083,0.14092028878398402
2018-06-11 00:00:00-04:00,53.890554732497115,54.070388946713976,53.376741758522314,53.727848052978516,1987300,0.0,0.0,0.05280829015544042,6.083607,0.0016,0.098500006,0.34451,0.06216,0.356,142027210752,0.181,29.523,12943287296,0.315,0.227,0.45,0.2202793529903911,-0.018757948025446166,1.0263519566298853,1.3765822818332791,-0.2290778130332124,0.013989854859610228,0.2309555732143903,0.18470131281221994,0.0025201104082715037,0.0006057380456292723,-0.031199179203312527,2.2997835971460456,231,0.06722926930796083,0.14092028878398402
2018-06-12 00:00:00-04:00,53.82204332858884,53.95049820243475,52.905741477601225,53.025630950927734,3707400,0.0,0.0,0.05280829015544042,6.083607,0.0016,0.098500006,0.34451,0.06216,0.356,142027210752,0.181,29.523,12943287296,0.315,0.227,0.45,0.2202793529903911,-0.018757948025446166,1.0263519566298853,1.3765822818332791,-0.2290778130332124,0.013989854859610228,0.2309555732143903,0.18470131281221994,0.0025201104082715037,0.0006057380456292723,-0.031199179203312527,2.2997835971460456,231,0.06722926930796083,0.14092028878398402
2018-06-13 00:00:00-04:00,53.308227170711916,55.466244094696094,53.22259277111076,53.53944396972656,4815500,0.0,0.0,0.05280829015544042,6.083607,0.0016,0.098500006,0.34451,0.06216,0.356,142027210752,0.181,29.523,12943287296,0.315,0.227,0.45,0.2202793529903911,-0.018757948025446166,1.0263519566298853,1.3765822818332791,-0.2290778130332124,0.013989854859610228,0.2309555732143903,0.18470131281221994,0.0025201104082715037,0.0006057380456292723,-0.031199179203312527,2.2997835971460456,231,0.06722926930796083,0.14092028878398402
2018-06-14 00:00:00-04:00,53.78779691707744,53.92481393843075,52.83723990223855,52.99994659423828,3327900,0.0,0.0,0.05280829015544042,6.083607,0.0016,0.098500006,0.34451,0.06216,0.356,142027210752,0.181,29.523,12943287296,0.315,0.227,0.45,0.2202793529903911,-0.018757948025446166,1.0263519566298853,1.3765822818332791,-0.2290778130332124,0.013989854859610228,0.2309555732143903,0.18470131281221994,0.0025201104082715037,0.0006057380456292723,-0.031199179203312527,2.2997835971460456,231,0.06722926930796083,0.14092028878398402
2018-06-15 00:00:00-04:00,52.96568751959207,53.41955902275488,52.54607435260802,53.40243148803711,4254100,0.0,0.0,0.05280829015544042,6.083607,0.0016,0.098500006,0.34451,0.06216,0.356,142027210752,0.181,29.523,12943287296,0.315,0.227,0.45,0.2202793529903911,-0.018757948025446166,1.0263519566298853,1.3765822818332791,-0.2290778130332124,0.013989854859610228,0.2309555732143903,0.18470131281221994,0.0025201104082715037,0.0006057380456292723,-0.031199179203312527,2.2997835971460456,231,0.06722926930796083,0.14092028878398402
2018-06-18 00:00:00-04:00,53.01707234349205,53.08558248523155,52.53751115154568,52.66596603393555,2181000,0.0,0.0,0.05280829015544042,6.083607,0.0016,0.098500006,0.34451,0.06216,0.356,142027210752,0.181,29.523,12943287296,0.315,0.227,0.45,0.2202793529903911,-0.018757948025446166,1.0263519566298853,1.3765822818332791,-0.2290778130332124,0.013989854859610228,0.2309555732143903,0.18470131281221994,0.0025201104082715037,0.0006057380456292723,-0.031199179203312527,2.2997835971460456,231,0.06722926930796083,0.14092028878398402
2018-06-19 00:00:00-04:00,52.24635076262843,53.29967298183068,52.2377886280893,53.05989074707031,5244700,0.0,0.0,0.05280829015544042,6.083607,0.0016,0.098500006,0.34451,0.06216,0.356,142027210752,0.181,29.523,12943287296,0.315,0.227,0.45,0.2202793529903911,-0.018757948025446166,1.0263519566298853,1.3765822818332791,-0.2290778130332124,0.013989854859610228,0.2309555732143903,0.18470131281221994,0.0025201104082715037,0.0006057380456292723,-0.031199179203312527,2.2997835971460456,231,0.06722926930796083,0.14092028878398402
2018-06-20 00:00:00-04:00,53.38530046821641,53.38530046821641,52.563198455891374,52.597450256347656,2579400,0.0,0.0,0.05280829015544042,6.083607,0.0016,0.098500006,0.34451,0.06216,0.356,142027210752,0.181,29.523,12943287296,0.315,0.227,0.45,0.2202793529903911,-0.018757948025446166,1.0263519566298853,1.3765822818332791,-0.2290778130332124,0.013989854859610228,0.2309555732143903,0.18470131281221994,0.0025201104082715037,0.0006057380456292723,-0.031199179203312527,2.2997835971460456,231,0.06722926930796083,0.14092028878398402
2018-06-21 00:00:00-04:00,52.44331144491453,52.69165252688909,52.15214989356279,52.280601501464844,1740900,0.0,0.0,0.05280829015544042,6.083607,0.0016,0.098500006,0.34451,0.06216,0.356,142027210752,0.181,29.523,12943287296,0.315,0.227,0.45,0.2202793529903911,-0.018757948025446166,1.0263519566298853,1.3765822818332791,-0.2290778130332124,0.013989854859610228,0.2309555732143903,0.18470131281221994,0.0025201104082715037,0.0006057380456292723,-0.031199179203312527,2.2997835971460456,231,0.06722926930796083,0.14092028878398402
2018-06-22 00:00:00-04:00,52.51180715707328,52.571751881371334,51.929484178112865,52.049373626708984,9044800,0.0,0.0,0.05280829015544042,6.083607,0.0016,0.098500006,0.34451,0.06216,0.356,142027210752,0.181,29.523,12943287296,0.315,0.227,0.45,0.2202793529903911,-0.018757948025446166,1.0263519566298853,1.3765822818332791,-0.2290778130332124,0.013989854859610228,0.2309555732143903,0.18470131281221994,0.0025201104082715037,0.0006057380456292723,-0.031199179203312527,2.2997835971460456,231,0.06722926930796083,0.14092028878398402
2018-06-25 00:00:00-04:00,52.1093297578061,52.3576741081138,51.467061913954375,51.53557205200195,4257000,0.0,0.0,0.05280829015544042,6.083607,0.0016,0.098500006,0.34451,0.06216,0.356,142027210752,0.181,29.523,12943287296,0.315,0.227,0.45,0.2202793529903911,-0.018757948025446166,1.0263519566298853,1.3765822818332791,-0.2290778130332124,0.013989854859610228,0.2309555732143903,0.18470131281221994,0.0025201104082715037,0.0006057380456292723,-0.031199179203312527,2.2997835971460456,231,0.06722926930796083,0.14092028878398402
2018-06-26 00:00:00-04:00,51.689713851531195,51.7924757864035,51.158773376824136,51.167335510253906,3434000,0.0,0.0,0.05280829015544042,6.083607,0.0016,0.098500006,0.34451,0.06216,0.356,142027210752,0.181,29.523,12943287296,0.315,0.227,0.45,0.2202793529903911,-0.018757948025446166,1.0263519566298853,1.3765822818332791,-0.2290778130332124,0.013989854859610228,0.2309555732143903,0.18470131281221994,0.0025201104082715037,0.0006057380456292723,-0.031199179203312527,2.2997835971460456,231,0.06722926930796083,0.14092028878398402
2018-06-27 00:00:00-04:00,51.467057739047625,51.50987820522544,50.25103228803335,50.2767219543457,3850800,0.0,0.0,0.05280829015544042,6.083607,0.0016,0.098500006,0.34451,0.06216,0.356,142027210752,0.181,29.523,12943287296,0.315,0.227,0.45,0.2202793529903911,-0.018757948025446166,1.0263519566298853,1.3765822818332791,-0.2290778130332124,0.013989854859610228,0.2309555732143903,0.18470131281221994,0.0025201104082715037,0.0006057380456292723,-0.031199179203312527,2.2997835971460456,231,0.06722926930796083,0.14092028878398402
2018-06-28 00:00:00-04:00,50.29385776712409,51.27010444862378,50.268168096582556,50.97894287109375,2824800,0.0,0.0,0.05280829015544042,6.083607,0.0016,0.098500006,0.34451,0.06216,0.356,142027210752,0.181,29.523,12943287296,0.315,0.227,0.45,0.2202793529903911,-0.018757948025446166,1.0263519566298853,1.3765822818332791,-0.2290778130332124,0.013989854859610228,0.2309555732143903,0.18470131281221994,0.0025201104082715037,0.0006057380456292723,-0.031199179203312527,2.2997835971460456,231,0.06722926930796083,0.14092028878398402
2018-06-29 00:00:00-04:00,51.107398395381814,51.30436016106076,50.63640258469359,50.65353012084961,3864800,0.0,0.0,0.05280829015544042,6.083607,0.0016,0.098500006,0.34451,0.06216,0.356,142027210752,0.181,29.523,12943287296,0.315,0.227,0.45,0.2202793529903911,-0.018757948025446166,1.0263519566298853,1.3765822818332791,-0.2290778130332124,0.013989854859610228,0.2309555732143903,0.18470131281221994,0.0025201104082715037,0.0006057380456292723,-0.031199179203312527,2.2997835971460456,231,0.06722926930796083,0.14092028878398402
2018-07-02 00:00:00-04:00,50.499391257652256,51.17591104502548,50.465136181476836,51.15878677368164,3414400,0.0,0.0,0.05280829015544042,6.083607,0.0016,0.098500006,0.34451,0.06216,0.356,142027210752,0.181,29.523,12943287296,0.315,0.227,0.45,0.2202793529903911,-0.018757948025446166,1.0263519566298853,1.3765822818332791,-0.2290778130332124,0.013989854859610228,0.2309555732143903,0.18470131281221994,0.0025201104082715037,0.0006057380456292723,-0.031199179203312527,2.2997835971460456,231,0.06722926930796083,0.14092028878398402
2018-07-03 00:00:00-04:00,51.26152728496858,51.54412337830317,50.78196621941768,50.80765914916992,1198900,0.0,0.0,0.05280829015544042,6.083607,0.0016,0.098500006,0.34451,0.06216,0.356,142027210752,0.181,29.523,12943287296,0.315,0.227,0.45,0.2202793529903911,-0.018757948025446166,1.0263519566298853,1.3765822818332791,-0.2290778130332124,0.013989854859610228,0.2309555732143903,0.18470131281221994,0.0025201104082715037,0.0006057380456292723,-0.031199179203312527,2.2997835971460456,231,0.06722926930796083,0.14092028878398402
2018-07-05 00:00:00-04:00,51.03031470625558,51.18445923045128,50.456553806917654,50.576446533203125,2880100,0.0,0.0,0.05280829015544042,6.083607,0.0016,0.098500006,0.34451,0.06216,0.356,142027210752,0.181,29.523,12943287296,0.315,0.227,0.45,0.2202793529903911,-0.018757948025446166,1.0263519566298853,1.3765822818332791,-0.2290778130332124,0.013989854859610228,0.2309555732143903,0.18470131281221994,0.0025201104082715037,0.0006057380456292723,-0.031199179203312527,2.2997835971460456,231,0.06722926930796083,0.14092028878398402
2018-07-06 00:00:00-04:00,50.5165134583041,51.04745401594988,50.413748240635734,50.687782287597656,1985700,0.0,0.0,0.05280829015544042,6.083607,0.0016,0.098500006,0.34451,0.06216,0.356,142027210752,0.181,29.523,12943287296,0.315,0.227,0.45,0.2202793529903911,-0.018757948025446166,1.0263519566298853,1.3765822818332791,-0.2290778130332124,0.013989854859610228,0.2309555732143903,0.18470131281221994,0.0025201104082715037,0.0006057380456292723,-0.031199179203312527,2.2997835971460456,231,0.06722926930796083,0.14092028878398402
2018-07-09 00:00:00-04:00,50.978936155772516,51.15877362610409,50.78197441849795,51.01319122314453,2632600,0.0,0.0,0.05280829015544042,6.083607,0.0016,0.098500006,0.34451,0.06216,0.356,142027210752,0.181,29.523,12943287296,0.315,0.227,0.45,0.2202793529903911,-0.018757948025446166,1.0263519566298853,1.3765822818332791,-0.2290778130332124,0.013989854859610228,0.2309555732143903,0.18470131281221994,0.0025201104082715037,0.0006057380456292723,-0.031199179203312527,2.2997835971460456,231,0.06722926930796083,0.14092028878398402
2018-07-10 00:00:00-04:00,51.09026531981308,51.629771216629955,50.996065514540255,51.081703186035156,3386900,0.0,0.0,0.05280829015544042,6.083607,0.0016,0.098500006,0.34451,0.06216,0.356,142027210752,0.181,29.523,12943287296,0.315,0.227,0.45,0.2202793529903911,-0.018757948025446166,1.0263519566298853,1.3765822818332791,-0.2290778130332124,0.013989854859610228,0.2309555732143903,0.18470131281221994,0.0025201104082715037,0.0006057380456292723,-0.031199179203312527,2.2997835971460456,231,0.06722926930796083,0.14092028878398402
2018-07-11 00:00:00-04:00,50.85049698441653,51.1245310568984,50.670659470120945,50.722042083740234,3175900,0.0,0.0,0.05280829015544042,6.083607,0.0016,0.098500006,0.34451,0.06216,0.356,142027210752,0.181,29.523,12943287296,0.315,0.227,0.45,0.2202793529903911,-0.018757948025446166,1.0263519566298853,1.3765822818332791,-0.2290778130332124,0.013989854859610228,0.2309555732143903,0.18470131281221994,0.0025201104082715037,0.0006057380456292723,-0.031199179203312527,2.2997835971460456,231,0.06722926930796083,0.14092028878398402
2018-07-12 00:00:00-04:00,51.04745341822343,51.09883275971247,50.20822375088633,50.23391342163086,3730800,0.0,0.0,0.05280829015544042,6.083607,0.0016,0.098500006,0.34451,0.06216,0.356,142027210752,0.181,29.523,12943287296,0.315,0.227,0.45,0.2202793529903911,-0.018757948025446166,1.0263519566298853,1.3765822818332791,-0.2290778130332124,0.013989854859610228,0.2309555732143903,0.18470131281221994,0.0025201104082715037,0.0006057380456292723,-0.031199179203312527,2.2997835971460456,231,0.06722926930796083,0.14092028878398402
2018-07-13 00:00:00-04:00,50.21678141717042,50.319543357748046,49.92561986324781,50.045509338378906,3363000,0.0,0.0,0.05280829015544042,6.083607,0.0016,0.098500006,0.34451,0.06216,0.356,142027210752,0.181,29.523,12943287296,0.315,0.227,0.45,0.2202793529903911,-0.018757948025446166,1.0263519566298853,1.3765822818332791,-0.2290778130332124,0.013989854859610228,0.2309555732143903,0.18470131281221994,0.0025201104082715037,0.0006057380456292723,-0.031199179203312527,2.2997835971460456,231,0.06722926930796083,0.14092028878398402
2018-07-16 00:00:00-04:00,50.29385323069962,50.43087023913484,49.95131234298316,50.02838134765625,4640700,0.0,0.0,0.05280829015544042,6.083607,0.0016,0.098500006,0.34451,0.06216,0.356,142027210752,0.181,29.523,12943287296,0.315,0.227,0.45,0.2202793529903911,-0.018757948025446166,1.0263519566298853,1.3765822818332791,-0.2290778130332124,0.013989854859610228,0.2309555732143903,0.18470131281221994,0.0025201104082715037,0.0006057380456292723,-0.031199179203312527,2.2997835971460456,231,0.06722926930796083,0.14092028878398402
2018-07-17 00:00:00-04:00,50.52506300993478,51.57838172813277,50.31097375989268,50.86760711669922,6385700,0.0,0.0,0.05280829015544042,6.083607,0.0016,0.098500006,0.34451,0.06216,0.356,142027210752,0.181,29.523,12943287296,0.315,0.227,0.45,0.2202793529903911,-0.018757948025446166,1.0263519566298853,1.3765822818332791,-0.2290778130332124,0.013989854859610228,0.2309555732143903,0.18470131281221994,0.0025201104082715037,0.0006057380456292723,-0.031199179203312527,2.2997835971460456,231,0.06722926930796083,0.14092028878398402
2018-07-18 00:00:00-04:00,51.0046335817138,51.80960813539314,50.636399741891374,51.71540832519531,8770400,0.0,0.0,0.05280829015544042,6.083607,0.0016,0.098500006,0.34451,0.06216,0.356,142027210752,0.181,29.523,12943287296,0.315,0.227,0.45,0.2202793529903911,-0.018757948025446166,1.0263519566298853,1.3765822818332791,-0.2290778130332124,0.013989854859610228,0.2309555732143903,0.18470131281221994,0.0025201104082715037,0.0006057380456292723,-0.031199179203312527,2.2997835971460456,231,0.06722926930796083,0.14092028878398402
2018-07-19 00:00:00-04:00,51.32148275683999,51.49275483516944,50.84192159086617,50.96181106567383,5577200,0.0,0.0,0.05280829015544042,6.083607,0.0016,0.098500006,0.34451,0.06216,0.356,142027210752,0.181,29.523,12943287296,0.315,0.227,0.45,0.2202793529903911,-0.018757948025446166,1.0263519566298853,1.3765822818332791,-0.2290778130332124,0.013989854859610228,0.2309555732143903,0.18470131281221994,0.0025201104082715037,0.0006057380456292723,-0.031199179203312527,2.2997835971460456,231,0.06722926930796083,0.14092028878398402
2018-07-20 00:00:00-04:00,50.89330332235497,51.42424381600998,50.71346911322485,51.23584747314453,3081600,0.0,0.0,0.05280829015544042,6.083607,0.0016,0.098500006,0.34451,0.06216,0.356,142027210752,0.181,29.523,12943287296,0.315,0.227,0.45,0.2202793529903911,-0.018757948025446166,1.0263519566298853,1.3765822818332791,-0.2290778130332124,0.013989854859610228,0.2309555732143903,0.18470131281221994,0.0025201104082715037,0.0006057380456292723,-0.031199179203312527,2.2997835971460456,231,0.06722926930796083,0.14092028878398402
2018-07-23 00:00:00-04:00,51.21015537916144,51.30435518551219,50.67921487679006,51.021759033203125,3027700,0.0,0.0,0.05280829015544042,6.083607,0.0016,0.098500006,0.34451,0.06216,0.356,142027210752,0.181,29.523,12943287296,0.315,0.227,0.45,0.2202793529903911,-0.018757948025446166,1.0263519566298853,1.3765822818332791,-0.2290778130332124,0.013989854859610228,0.2309555732143903,0.18470131281221994,0.0025201104082715037,0.0006057380456292723,-0.031199179203312527,2.2997835971460456,231,0.06722926930796083,0.14092028878398402
2018-07-24 00:00:00-04:00,51.073136208045234,51.23584614548844,50.67921273156502,50.859046936035156,3128200,0.0,0.0,0.05280829015544042,6.083607,0.0016,0.098500006,0.34451,0.06216,0.356,142027210752,0.181,29.523,12943287296,0.315,0.227,0.45,0.2202793529903911,-0.018757948025446166,1.0263519566298853,1.3765822818332791,-0.2290778130332124,0.013989854859610228,0.2309555732143903,0.18470131281221994,0.0025201104082715037,0.0006057380456292723,-0.031199179203312527,2.2997835971460456,231,0.06722926930796083,0.14092028878398402
2018-07-25 00:00:00-04:00,50.79910298742771,51.10739206657249,50.6535238482444,50.970375061035156,3190900,0.0,0.0,0.05280829015544042,6.083607,0.0016,0.098500006,0.34451,0.06216,0.356,142027210752,0.181,29.523,12943287296,0.315,0.227,0.45,0.2202793529903911,-0.018757948025446166,1.0263519566298853,1.3765822818332791,-0.2290778130332124,0.013989854859610228,0.2309555732143903,0.18470131281221994,0.0025201104082715037,0.0006057380456292723,-0.031199179203312527,2.2997835971460456,231,0.06722926930796083,0.14092028878398402
2018-07-26 00:00:00-04:00,51.17589520844694,51.8352905204239,51.098822944274495,51.48418426513672,3260200,0.0,0.0,0.05280829015544042,6.083607,0.0016,0.098500006,0.34451,0.06216,0.356,142027210752,0.181,29.523,12943287296,0.315,0.227,0.45,0.2202793529903911,-0.018757948025446166,1.0263519566298853,1.3765822818332791,-0.2290778130332124,0.013989854859610228,0.2309555732143903,0.18470131281221994,0.0025201104082715037,0.0006057380456292723,-0.031199179203312527,2.2997835971460456,231,0.06722926930796083,0.14092028878398402
2018-07-27 00:00:00-04:00,51.83528363574946,52.194955243030854,51.141636617069324,51.27008819580078,2013000,0.0,0.0,0.05280829015544042,6.083607,0.0016,0.098500006,0.34451,0.06216,0.356,142027210752,0.181,29.523,12943287296,0.315,0.227,0.45,0.2202793529903911,-0.018757948025446166,1.0263519566298853,1.3765822818332791,-0.2290778130332124,0.013989854859610228,0.2309555732143903,0.18470131281221994,0.0025201104082715037,0.0006057380456292723,-0.031199179203312527,2.2997835971460456,231,0.06722926930796083,0.14092028878398402
2018-07-30 00:00:00-04:00,51.26154199168796,51.527010630263725,50.816235860221944,50.884742736816406,2181200,0.0,0.0,0.05280829015544042,6.083607,0.0016,0.098500006,0.34451,0.06216,0.356,142027210752,0.181,29.523,12943287296,0.315,0.227,0.45,0.2202793529903911,-0.018757948025446166,1.0263519566298853,1.3765822818332791,-0.2290778130332124,0.013989854859610228,0.2309555732143903,0.18470131281221994,0.0025201104082715037,0.0006057380456292723,-0.031199179203312527,2.2997835971460456,231,0.06722926930796083,0.14092028878398402
2018-07-31 00:00:00-04:00,51.09883398812099,51.44137818441893,50.687782912609585,51.38999557495117,4230500,0.0,0.0,0.05280829015544042,6.083607,0.0016,0.098500006,0.34451,0.06216,0.356,142027210752,0.181,29.523,12943287296,0.315,0.227,0.45,0.2202793529903911,-0.018757948025446166,1.0263519566298853,1.3765822818332791,-0.2290778130332124,0.013989854859610228,0.2309555732143903,0.18470131281221994,0.0025201104082715037,0.0006057380456292723,-0.031199179203312527,2.2997835971460456,231,0.06722926930796083,0.14092028878398402
2018-08-01 00:00:00-04:00,51.38999624557613,51.92094008344097,51.19303447349476,51.82674026489258,3367200,0.0,0.0,0.05280829015544042,6.083607,0.0016,0.098500006,0.34451,0.06216,0.356,142027210752,0.181,29.523,12943287296,0.315,0.227,0.45,0.2202793529903911,-0.018757948025446166,1.0263519566298853,1.3765822818332791,-0.2290778130332124,0.013989854859610228,0.2309555732143903,0.18470131281221994,0.0025201104082715037,0.0006057380456292723,-0.031199179203312527,2.2997835971460456,231,0.06722926930796083,0.14092028878398402
2018-08-02 00:00:00-04:00,51.73252885465916,52.90573708928254,51.71540132178416,52.82010269165039,4257700,0.0,0.0,0.05280829015544042,6.083607,0.0016,0.098500006,0.34451,0.06216,0.356,142027210752,0.181,29.523,12943287296,0.315,0.227,0.45,0.2202793529903911,-0.018757948025446166,1.0263519566298853,1.3765822818332791,-0.2290778130332124,0.013989854859610228,0.2309555732143903,0.18470131281221994,0.0025201104082715037,0.0006057380456292723,-0.031199179203312527,2.2997835971460456,231,0.06722926930796083,0.14092028878398402
2018-08-03 00:00:00-04:00,52.66596880327522,52.86293057101808,52.109335305974085,52.70878601074219,3862300,0.0,0.0,0.05280829015544042,6.083607,0.0016,0.098500006,0.34451,0.06216,0.356,142027210752,0.181,29.523,12943287296,0.315,0.227,0.45,0.2202793529903911,-0.018757948025446166,1.0263519566298853,1.3765822818332791,-0.2290778130332124,0.013989854859610228,0.2309555732143903,0.18470131281221994,0.0025201104082715037,0.0006057380456292723,-0.031199179203312527,2.2997835971460456,231,0.06722926930796083,0.14092028878398402
2018-08-06 00:00:00-04:00,52.700217872148116,52.8457970142996,52.4604356575116,52.60601806640625,2317800,0.0,0.0,0.05280829015544042,6.083607,0.0016,0.098500006,0.34451,0.06216,0.356,142027210752,0.181,29.523,12943287296,0.315,0.227,0.45,0.2202793529903911,-0.018757948025446166,1.0263519566298853,1.3765822818332791,-0.2290778130332124,0.013989854859610228,0.2309555732143903,0.18470131281221994,0.0025201104082715037,0.0006057380456292723,-0.031199179203312527,2.2997835971460456,231,0.06722926930796083,0.14092028878398402
2018-08-07 00:00:00-04:00,52.64883327200943,53.31679075394402,52.503254135379805,52.93999481201172,3744700,0.0,0.0,0.05280829015544042,6.083607,0.0016,0.098500006,0.34451,0.06216,0.356,142027210752,0.181,29.523,12943287296,0.315,0.227,0.45,0.2202793529903911,-0.018757948025446166,1.0263519566298853,1.3765822818332791,-0.2290778130332124,0.013989854859610228,0.2309555732143903,0.18470131281221994,0.0025201104082715037,0.0006057380456292723,-0.031199179203312527,2.2997835971460456,231,0.06722926930796083,0.14092028878398402
2018-08-08 00:00:00-04:00,52.84579488536677,53.11126675751336,52.64027101452164,53.017066955566406,2091700,0.0,0.0,0.05280829015544042,6.083607,0.0016,0.098500006,0.34451,0.06216,0.356,142027210752,0.181,29.523,12943287296,0.315,0.227,0.45,0.2202793529903911,-0.018757948025446166,1.0263519566298853,1.3765822818332791,-0.2290778130332124,0.013989854859610228,0.2309555732143903,0.18470131281221994,0.0025201104082715037,0.0006057380456292723,-0.031199179203312527,2.2997835971460456,231,0.06722926930796083,0.14092028878398402
2018-08-09 00:00:00-04:00,53.0427633144236,53.86486870174715,52.95712890189196,53.55657958984375,2170200,0.0,0.0,0.05280829015544042,6.083607,0.0016,0.098500006,0.34451,0.06216,0.356,142027210752,0.181,29.523,12943287296,0.315,0.227,0.45,0.2202793529903911,-0.018757948025446166,1.0263519566298853,1.3765822818332791,-0.2290778130332124,0.013989854859610228,0.2309555732143903,0.18470131281221994,0.0025201104082715037,0.0006057380456292723,-0.031199179203312527,2.2997835971460456,231,0.06722926930796083,0.14092028878398402
2018-08-10 00:00:00-04:00,53.248292011885404,53.65078094921433,53.02563730609953,53.470943450927734,2446100,0.0,0.0,0.05280829015544042,6.083607,0.0016,0.098500006,0.34451,0.06216,0.356,142027210752,0.181,29.523,12943287296,0.315,0.227,0.45,0.2202793529903911,-0.018757948025446166,1.0263519566298853,1.3765822818332791,-0.2290778130332124,0.013989854859610228,0.2309555732143903,0.18470131281221994,0.0025201104082715037,0.0006057380456292723,-0.031199179203312527,2.2997835971460456,231,0.06722926930796083,0.14092028878398402
2018-08-13 00:00:00-04:00,53.41956246583915,53.907685803155594,53.03420107670948,53.05989074707031,2578500,0.0,0.0,0.05280829015544042,6.083607,0.0016,0.098500006,0.34451,0.06216,0.356,142027210752,0.181,29.523,12943287296,0.315,0.227,0.45,0.2202793529903911,-0.018757948025446166,1.0263519566298853,1.3765822818332791,-0.2290778130332124,0.013989854859610228,0.2309555732143903,0.18470131281221994,0.0025201104082715037,0.0006057380456292723,-0.031199179203312527,2.2997835971460456,231,0.06722926930796083,0.14092028878398402
2018-08-14 00:00:00-04:00,53.02563283956446,53.5651387554927,52.9228708968735,53.34248733520508,5674900,0.0,0.0,0.05280829015544042,6.083607,0.0016,0.098500006,0.34451,0.06216,0.356,142027210752,0.181,29.523,12943287296,0.315,0.227,0.45,0.2202793529903911,-0.018757948025446166,1.0263519566298853,1.3765822818332791,-0.2290778130332124,0.013989854859610228,0.2309555732143903,0.18470131281221994,0.0025201104082715037,0.0006057380456292723,-0.031199179203312527,2.2997835971460456,231,0.06722926930796083,0.14092028878398402
2018-08-15 00:00:00-04:00,53.40243364459014,54.96956883374782,53.07701700529766,54.858238220214844,3433800,0.0,0.0,0.05280829015544042,6.083607,0.0016,0.098500006,0.34451,0.06216,0.356,142027210752,0.181,29.523,12943287296,0.315,0.227,0.45,0.2202793529903911,-0.018757948025446166,1.0263519566298853,1.3765822818332791,-0.2290778130332124,0.013989854859610228,0.2309555732143903,0.18470131281221994,0.0025201104082715037,0.0006057380456292723,-0.031199179203312527,2.2997835971460456,231,0.06722926930796083,0.14092028878398402
2018-08-16 00:00:00-04:00,55.226448472715674,55.937226188227946,54.56705660822375,55.70601272583008,4532400,0.0,0.0,0.05280829015544042,6.083607,0.0016,0.098500006,0.34451,0.06216,0.356,142027210752,0.181,29.523,12943287296,0.315,0.227,0.45,0.2202793529903911,-0.018757948025446166,1.0263519566298853,1.3765822818332791,-0.2290778130332124,0.013989854859610228,0.2309555732143903,0.18470131281221994,0.0025201104082715037,0.0006057380456292723,-0.031199179203312527,2.2997835971460456,231,0.06722926930796083,0.14092028878398402
2018-08-17 00:00:00-04:00,55.67176791222728,56.87922783087133,55.66320251323403,56.75933837890625,5710900,0.0,0.0,0.05280829015544042,6.083607,0.0016,0.098500006,0.34451,0.06216,0.356,142027210752,0.181,29.523,12943287296,0.315,0.227,0.45,0.2202793529903911,-0.018757948025446166,1.0263519566298853,1.3765822818332791,-0.2290778130332124,0.013989854859610228,0.2309555732143903,0.18470131281221994,0.0025201104082715037,0.0006057380456292723,-0.031199179203312527,2.2997835971460456,231,0.06722926930796083,0.14092028878398402
2018-08-20 00:00:00-04:00,56.98199037382932,57.393038037637325,56.88779058973065,57.290279388427734,4511100,0.0,0.0,0.05280829015544042,6.083607,0.0016,0.098500006,0.34451,0.06216,0.356,142027210752,0.181,29.523,12943287296,0.315,0.227,0.45,0.2202793529903911,-0.018757948025446166,1.0263519566298853,1.3765822818332791,-0.2290778130332124,0.013989854859610228,0.2309555732143903,0.18470131281221994,0.0025201104082715037,0.0006057380456292723,-0.031199179203312527,2.2997835971460456,231,0.06722926930796083,0.14092028878398402
2018-08-21 00:00:00-04:00,57.23890734963362,57.91543026536516,57.18752801262421,57.564327239990234,4178500,0.0,0.0,0.05280829015544042,6.083607,0.0016,0.098500006,0.34451,0.06216,0.356,142027210752,0.181,29.523,12943287296,0.315,0.227,0.45,0.2202793529903911,-0.018757948025446166,1.0263519566298853,1.3765822818332791,-0.2290778130332124,0.013989854859610228,0.2309555732143903,0.18470131281221994,0.0025201104082715037,0.0006057380456292723,-0.031199179203312527,2.2997835971460456,231,0.06722926930796083,0.14092028878398402
2018-08-22 00:00:00-04:00,57.444431787665245,57.6585210475774,57.06763259950443,57.13614273071289,3542000,0.0,0.0,0.05280829015544042,6.083607,0.0016,0.098500006,0.34451,0.06216,0.356,142027210752,0.181,29.523,12943287296,0.315,0.227,0.45,0.2202793529903911,-0.018757948025446166,1.0263519566298853,1.3765822818332791,-0.2290778130332124,0.013989854859610228,0.2309555732143903,0.18470131281221994,0.0025201104082715037,0.0006057380456292723,-0.031199179203312527,2.2997835971460456,231,0.06722926930796083,0.14092028878398402
2018-08-23 00:00:00-04:00,57.187513768069984,57.35022367271969,57.101879383222425,57.21320343017578,1939200,0.0,0.0,0.05280829015544042,6.083607,0.0016,0.098500006,0.34451,0.06216,0.356,142027210752,0.181,29.523,12943287296,0.315,0.227,0.45,0.2202793529903911,-0.018757948025446166,1.0263519566298853,1.3765822818332791,-0.2290778130332124,0.013989854859610228,0.2309555732143903,0.18470131281221994,0.0025201104082715037,0.0006057380456292723,-0.031199179203312527,2.2997835971460456,231,0.06722926930796083,0.14092028878398402
2018-08-24 00:00:00-04:00,57.20467157040033,57.358816149288664,56.87925160747616,57.307430267333984,2092900,0.0,0.0,0.05280829015544042,6.083607,0.0016,0.098500006,0.34451,0.06216,0.356,142027210752,0.181,29.523,12943287296,0.315,0.227,0.45,0.2202793529903911,-0.018757948025446166,1.0263519566298853,1.3765822818332791,-0.2290778130332124,0.013989854859610228,0.2309555732143903,0.18470131281221994,0.0025201104082715037,0.0006057380456292723,-0.031199179203312527,2.2997835971460456,231,0.06722926930796083,0.14092028878398402
2018-08-27 00:00:00-04:00,57.41018360476856,57.68421762896968,57.273163325924756,57.59858322143555,1751100,0.0,0.0,0.05280829015544042,6.083607,0.0016,0.098500006,0.34451,0.06216,0.356,142027210752,0.181,29.523,12943287296,0.315,0.227,0.45,0.2202793529903911,-0.018757948025446166,1.0263519566298853,1.3765822818332791,-0.2290778130332124,0.013989854859610228,0.2309555732143903,0.18470131281221994,0.0025201104082715037,0.0006057380456292723,-0.031199179203312527,2.2997835971460456,231,0.06722926930796083,0.14092028878398402
2018-08-28 00:00:00-04:00,57.615710985055145,57.744165870892864,57.33311154290955,57.50438690185547,1836700,0.0,0.0,0.05280829015544042,6.083607,0.0016,0.098500006,0.34451,0.06216,0.356,142027210752,0.181,29.523,12943287296,0.315,0.227,0.45,0.2202793529903911,-0.018757948025446166,1.0263519566298853,1.3765822818332791,-0.2290778130332124,0.013989854859610228,0.2309555732143903,0.18470131281221994,0.0025201104082715037,0.0006057380456292723,-0.031199179203312527,2.2997835971460456,231,0.06722926930796083,0.14092028878398402
2018-08-29 00:00:00-04:00,57.71847439726852,58.12952217892361,57.54719904367333,57.94968795776367,2298500,0.0,0.0,0.05280829015544042,6.083607,0.0016,0.098500006,0.34451,0.06216,0.356,142027210752,0.181,29.523,12943287296,0.315,0.227,0.45,0.2202793529903911,-0.018757948025446166,1.0263519566298853,1.3765822818332791,-0.2290778130332124,0.013989854859610228,0.2309555732143903,0.18470131281221994,0.0025201104082715037,0.0006057380456292723,-0.031199179203312527,2.2997835971460456,231,0.06722926930796083,0.14092028878398402
2018-08-30 00:00:00-04:00,57.98393705532618,57.98393705532618,57.35023464602091,57.52150344848633,1948800,0.0,0.0,0.05280829015544042,6.083607,0.0016,0.098500006,0.34451,0.06216,0.356,142027210752,0.181,29.523,12943287296,0.315,0.227,0.45,0.2202793529903911,-0.018757948025446166,1.0263519566298853,1.3765822818332791,-0.2290778130332124,0.013989854859610228,0.2309555732143903,0.18470131281221994,0.0025201104082715037,0.0006057380456292723,-0.031199179203312527,2.2997835971460456,231,0.06722926930796083,0.14092028878398402
2018-08-31 00:00:00-04:00,57.521506748489266,57.881175174392396,57.29885859920812,57.829795837402344,2579000,0.0,0.0,0.05280829015544042,6.083607,0.0016,0.098500006,0.34451,0.06216,0.356,142027210752,0.181,29.523,12943287296,0.315,0.227,0.45,0.2202793529903911,-0.018757948025446166,1.0263519566298853,1.3765822818332791,-0.2290778130332124,0.013989854859610228,0.2309555732143903,0.18470131281221994,0.0025201104082715037,0.0006057380456292723,-0.031199179203312527,2.2997835971460456,231,0.06722926930796083,0.14092028878398402
2018-09-04 00:00:00-04:00,57.88973463079693,58.58338827636855,57.82978989930167,58.56625747680664,2068900,0.0,0.0,0.05280829015544042,6.083607,0.0016,0.098500006,0.34451,0.06216,0.356,142027210752,0.181,29.523,12943287296,0.315,0.227,0.45,0.2202793529903911,-0.018757948025446166,1.0263519566298853,1.3765822818332791,-0.2290778130332124,0.013989854859610228,0.2309555732143903,0.18470131281221994,0.0025201104082715037,0.0006057380456292723,-0.031199179203312527,2.2997835971460456,231,0.06722926930796083,0.14092028878398402
2018-09-05 00:00:00-04:00,58.62620263899453,59.04581576254397,58.58338870674666,58.9088020324707,2256900,0.0,0.0,0.05280829015544042,6.083607,0.0016,0.098500006,0.34451,0.06216,0.356,142027210752,0.181,29.523,12943287296,0.315,0.227,0.45,0.2202793529903911,-0.018757948025446166,1.0263519566298853,1.3765822818332791,-0.2290778130332124,0.013989854859610228,0.2309555732143903,0.18470131281221994,0.0025201104082715037,0.0006057380456292723,-0.031199179203312527,2.2997835971460456,231,0.06722926930796083,0.14092028878398402
2018-09-06 00:00:00-04:00,58.82318518011092,59.02014370086807,58.62622012586604,58.93450927734375,1778100,0.0,0.0,0.05280829015544042,6.083607,0.0016,0.098500006,0.34451,0.06216,0.356,142027210752,0.181,29.523,12943287296,0.315,0.227,0.45,0.2202793529903911,-0.018757948025446166,1.0263519566298853,1.3765822818332791,-0.2290778130332124,0.013989854859610228,0.2309555732143903,0.18470131281221994,0.0025201104082715037,0.0006057380456292723,-0.031199179203312527,2.2997835971460456,231,0.06722926930796083,0.14092028878398402
2018-09-07 00:00:00-04:00,58.8831180032156,59.0972072854067,58.71184265737088,58.977317810058594,2108000,0.0,0.0,0.05280829015544042,6.083607,0.0016,0.098500006,0.34451,0.06216,0.356,142027210752,0.181,29.523,12943287296,0.315,0.227,0.45,0.2202793529903911,-0.018757948025446166,1.0263519566298853,1.3765822818332791,-0.2290778130332124,0.013989854859610228,0.2309555732143903,0.18470131281221994,0.0025201104082715037,0.0006057380456292723,-0.031199179203312527,2.2997835971460456,231,0.06722926930796083,0.14092028878398402
2018-09-10 00:00:00-04:00,58.883119569760964,58.883119569760964,57.932562608864664,58.052452087402344,2471000,0.0,0.0,0.05280829015544042,6.083607,0.0016,0.098500006,0.34451,0.06216,0.356,142027210752,0.181,29.523,12943287296,0.315,0.227,0.45,0.2202793529903911,-0.018757948025446166,1.0263519566298853,1.3765822818332791,-0.2290778130332124,0.013989854859610228,0.2309555732143903,0.18470131281221994,0.0025201104082715037,0.0006057380456292723,-0.031199179203312527,2.2997835971460456,231,0.06722926930796083,0.14092028878398402
2018-09-11 00:00:00-04:00,57.55576302174681,58.472064906995186,57.204659989158856,58.22372055053711,2769100,0.0,0.0,0.05280829015544042,6.083607,0.0016,0.098500006,0.34451,0.06216,0.356,142027210752,0.181,29.523,12943287296,0.315,0.227,0.45,0.2202793529903911,-0.018757948025446166,1.0263519566298853,1.3765822818332791,-0.2290778130332124,0.013989854859610228,0.2309555732143903,0.18470131281221994,0.0025201104082715037,0.0006057380456292723,-0.031199179203312527,2.2997835971460456,231,0.06722926930796083,0.14092028878398402
2018-09-12 00:00:00-04:00,58.35217731118463,58.7717904970504,58.08670867797175,58.54057693481445,2870000,0.0,0.0,0.05280829015544042,6.083607,0.0016,0.098500006,0.34451,0.06216,0.356,142027210752,0.181,29.523,12943287296,0.315,0.227,0.45,0.2202793529903911,-0.018757948025446166,1.0263519566298853,1.3765822818332791,-0.2290778130332124,0.013989854859610228,0.2309555732143903,0.18470131281221994,0.0025201104082715037,0.0006057380456292723,-0.031199179203312527,2.2997835971460456,231,0.06722926930796083,0.14092028878398402
2018-09-13 00:00:00-04:00,58.831719364534926,58.96017421266845,58.2750925784313,58.86597442626953,2254600,0.0,0.0,0.05280829015544042,6.083607,0.0016,0.098500006,0.34451,0.06216,0.356,142027210752,0.181,29.523,12943287296,0.315,0.227,0.45,0.2202793529903911,-0.018757948025446166,1.0263519566298853,1.3765822818332791,-0.2290778130332124,0.013989854859610228,0.2309555732143903,0.18470131281221994,0.0025201104082715037,0.0006057380456292723,-0.031199179203312527,2.2997835971460456,231,0.06722926930796083,0.14092028878398402
2018-09-14 00:00:00-04:00,59.06296413950246,59.06296413950246,58.22373110916019,58.43782043457031,3930200,0.0,0.0,0.05280829015544042,6.083607,0.0016,0.098500006,0.34451,0.06216,0.356,142027210752,0.181,29.523,12943287296,0.315,0.227,0.45,0.2202793529903911,-0.018757948025446166,1.0263519566298853,1.3765822818332791,-0.2290778130332124,0.013989854859610228,0.2309555732143903,0.18470131281221994,0.0025201104082715037,0.0006057380456292723,-0.031199179203312527,2.2997835971460456,231,0.06722926930796083,0.14092028878398402
2018-09-17 00:00:00-04:00,58.549124444523706,58.81459299661487,58.257959696937014,58.68613815307617,1899200,0.0,0.0,0.05280829015544042,6.083607,0.0016,0.098500006,0.34451,0.06216,0.356,142027210752,0.181,29.523,12943287296,0.315,0.227,0.45,0.2202793529903911,-0.018757948025446166,1.0263519566298853,1.3765822818332791,-0.2290778130332124,0.013989854859610228,0.2309555732143903,0.18470131281221994,0.0025201104082715037,0.0006057380456292723,-0.031199179203312527,2.2997835971460456,231,0.06722926930796083,0.14092028878398402
2018-09-18 00:00:00-04:00,58.831726689382165,59.71377993852711,58.68614755899849,59.67095947265625,2379600,0.0,0.0,0.05280829015544042,6.083607,0.0016,0.098500006,0.34451,0.06216,0.356,142027210752,0.181,29.523,12943287296,0.315,0.227,0.45,0.2202793529903911,-0.018757948025446166,1.0263519566298853,1.3765822818332791,-0.2290778130332124,0.013989854859610228,0.2309555732143903,0.18470131281221994,0.0025201104082715037,0.0006057380456292723,-0.031199179203312527,2.2997835971460456,231,0.06722926930796083,0.14092028878398402
2018-09-19 00:00:00-04:00,59.67096294401285,60.46737530774733,59.64527327639015,59.84223175048828,3019100,0.0,0.0,0.05280829015544042,6.083607,0.0016,0.098500006,0.34451,0.06216,0.356,142027210752,0.181,29.523,12943287296,0.315,0.227,0.45,0.2202793529903911,-0.018757948025446166,1.0263519566298853,1.3765822818332791,-0.2290778130332124,0.013989854859610228,0.2309555732143903,0.18470131281221994,0.0025201104082715037,0.0006057380456292723,-0.031199179203312527,2.2997835971460456,231,0.06722926930796083,0.14092028878398402
2018-09-20 00:00:00-04:00,60.064892736937345,60.64721588702132,59.94500325311007,60.61296081542969,2293800,0.0,0.0,0.05280829015544042,6.083607,0.0016,0.098500006,0.34451,0.06216,0.356,142027210752,0.181,29.523,12943287296,0.315,0.227,0.45,0.2202793529903911,-0.018757948025446166,1.0263519566298853,1.3765822818332791,-0.2290778130332124,0.013989854859610228,0.2309555732143903,0.18470131281221994,0.0025201104082715037,0.0006057380456292723,-0.031199179203312527,2.2997835971460456,231,0.06722926930796083,0.14092028878398402
2018-09-21 00:00:00-04:00,60.97261308218621,60.99830927917421,60.493055274172164,60.56156539916992,4119400,0.0,0.0,0.05280829015544042,6.083607,0.0016,0.098500006,0.34451,0.06216,0.356,142027210752,0.181,29.523,12943287296,0.315,0.227,0.45,0.2202793529903911,-0.018757948025446166,1.0263519566298853,1.3765822818332791,-0.2290778130332124,0.013989854859610228,0.2309555732143903,0.18470131281221994,0.0025201104082715037,0.0006057380456292723,-0.031199179203312527,2.2997835971460456,231,0.06722926930796083,0.14092028878398402
2018-09-24 00:00:00-04:00,60.6043898820794,60.68146541949668,60.16765245949776,60.2618522644043,1649900,0.0,0.0,0.05280829015544042,6.083607,0.0016,0.098500006,0.34451,0.06216,0.356,142027210752,0.181,29.523,12943287296,0.315,0.227,0.45,0.2202793529903911,-0.018757948025446166,1.0263519566298853,1.3765822818332791,-0.2290778130332124,0.013989854859610228,0.2309555732143903,0.18470131281221994,0.0025201104082715037,0.0006057380456292723,-0.031199179203312527,2.2997835971460456,231,0.06722926930796083,0.14092028878398402
2018-09-25 00:00:00-04:00,60.14196103232502,61.00687698518738,60.013506162711124,60.97262191772461,3131100,0.0,0.0,0.05280829015544042,6.083607,0.0016,0.098500006,0.34451,0.06216,0.356,142027210752,0.181,29.523,12943287296,0.315,0.227,0.45,0.2202793529903911,-0.018757948025446166,1.0263519566298853,1.3765822818332791,-0.2290778130332124,0.013989854859610228,0.2309555732143903,0.18470131281221994,0.0025201104082715037,0.0006057380456292723,-0.031199179203312527,2.2997835971460456,231,0.06722926930796083,0.14092028878398402
2018-09-26 00:00:00-04:00,61.20384726138577,61.32373674108887,60.62152413133357,60.69859313964844,2836700,0.0,0.0,0.05280829015544042,6.083607,0.0016,0.098500006,0.34451,0.06216,0.356,142027210752,0.181,29.523,12943287296,0.315,0.227,0.45,0.2202793529903911,-0.018757948025446166,1.0263519566298853,1.3765822818332791,-0.2290778130332124,0.013989854859610228,0.2309555732143903,0.18470131281221994,0.0025201104082715037,0.0006057380456292723,-0.031199179203312527,2.2997835971460456,231,0.06722926930796083,0.14092028878398402
2018-09-27 00:00:00-04:00,60.63007121610258,61.02399460662179,60.09056218693643,60.219017028808594,1698800,0.0,0.0,0.05280829015544042,6.083607,0.0016,0.098500006,0.34451,0.06216,0.356,142027210752,0.181,29.523,12943287296,0.315,0.227,0.45,0.2202793529903911,-0.018757948025446166,1.0263519566298853,1.3765822818332791,-0.2290778130332124,0.013989854859610228,0.2309555732143903,0.18470131281221994,0.0025201104082715037,0.0006057380456292723,-0.031199179203312527,2.2997835971460456,231,0.06722926930796083,0.14092028878398402
2018-09-28 00:00:00-04:00,60.073459670168674,60.86987213789487,60.01351492672636,60.83561706542969,2437700,0.0,0.0,0.05280829015544042,6.083607,0.0016,0.098500006,0.34451,0.06216,0.356,142027210752,0.181,29.523,12943287296,0.315,0.227,0.45,0.2202793529903911,-0.018757948025446166,1.0263519566298853,1.3765822818332791,-0.2290778130332124,0.013989854859610228,0.2309555732143903,0.18470131281221994,0.0025201104082715037,0.0006057380456292723,-0.031199179203312527,2.2997835971460456,231,0.06722926930796083,0.14092028878398402
2018-10-01 00:00:00-04:00,61.109651566891685,61.460754628673016,60.43312858101046,60.54445266723633,2337800,0.0,0.0,0.05280829015544042,6.083607,0.0016,0.098500006,0.34451,0.06216,0.356,142027210752,0.181,29.523,12943287296,0.315,0.227,0.45,0.2202793529903911,-0.018757948025446166,1.0263519566298853,1.3765822818332791,-0.2290778130332124,0.013989854859610228,0.2309555732143903,0.18470131281221994,0.0025201104082715037,0.0006057380456292723,-0.031199179203312527,2.2997835971460456,231,0.06722926930796083,0.14092028878398402
2018-10-02 00:00:00-04:00,60.6643284634796,60.87841771954804,60.41599067590754,60.767093658447266,2620200,0.0,0.0,0.05280829015544042,6.083607,0.0016,0.098500006,0.34451,0.06216,0.356,142027210752,0.181,29.523,12943287296,0.315,0.227,0.45,0.2202793529903911,-0.018757948025446166,1.0263519566298853,1.3765822818332791,-0.2290778130332124,0.013989854859610228,0.2309555732143903,0.18470131281221994,0.0025201104082715037,0.0006057380456292723,-0.031199179203312527,2.2997835971460456,231,0.06722926930796083,0.14092028878398402
2018-10-03 00:00:00-04:00,60.9383707290324,61.23809438941697,60.77566079904401,60.85272979736328,2438200,0.0,0.0,0.05280829015544042,6.083607,0.0016,0.098500006,0.34451,0.06216,0.356,142027210752,0.181,29.523,12943287296,0.315,0.227,0.45,0.2202793529903911,-0.018757948025446166,1.0263519566298853,1.3765822818332791,-0.2290778130332124,0.013989854859610228,0.2309555732143903,0.18470131281221994,0.0025201104082715037,0.0006057380456292723,-0.031199179203312527,2.2997835971460456,231,0.06722926930796083,0.14092028878398402
2018-10-04 00:00:00-04:00,60.88698437437464,61.05825970285165,60.39886112181518,60.89554977416992,2691700,0.0,0.0,0.05280829015544042,6.083607,0.0016,0.098500006,0.34451,0.06216,0.356,142027210752,0.181,29.523,12943287296,0.315,0.227,0.45,0.2202793529903911,-0.018757948025446166,1.0263519566298853,1.3765822818332791,-0.2290778130332124,0.013989854859610228,0.2309555732143903,0.18470131281221994,0.0025201104082715037,0.0006057380456292723,-0.031199179203312527,2.2997835971460456,231,0.06722926930796083,0.14092028878398402
2018-10-05 00:00:00-04:00,60.82704595622635,60.98119050111199,60.296108716554144,60.51875686645508,2220800,0.0,0.0,0.05280829015544042,6.083607,0.0016,0.098500006,0.34451,0.06216,0.356,142027210752,0.181,29.523,12943287296,0.315,0.227,0.45,0.2202793529903911,-0.018757948025446166,1.0263519566298853,1.3765822818332791,-0.2290778130332124,0.013989854859610228,0.2309555732143903,0.18470131281221994,0.0025201104082715037,0.0006057380456292723,-0.031199179203312527,2.2997835971460456,231,0.06722926930796083,0.14092028878398402
2018-10-08 00:00:00-04:00,60.63863822237015,61.04969246485243,60.31322490829061,60.8270378112793,2551500,0.0,0.0,0.05280829015544042,6.083607,0.0016,0.098500006,0.34451,0.06216,0.356,142027210752,0.181,29.523,12943287296,0.315,0.227,0.45,0.2202793529903911,-0.018757948025446166,1.0263519566298853,1.3765822818332791,-0.2290778130332124,0.013989854859610228,0.2309555732143903,0.18470131281221994,0.0025201104082715037,0.0006057380456292723,-0.031199179203312527,2.2997835971460456,231,0.06722926930796083,0.14092028878398402
2018-10-09 00:00:00-04:00,60.87841801743439,61.67483031524536,60.758528556128276,61.51212692260742,3643300,0.0,0.0,0.05280829015544042,6.083607,0.0016,0.098500006,0.34451,0.06216,0.356,142027210752,0.181,29.523,12943287296,0.315,0.227,0.45,0.2202793529903911,-0.018757948025446166,1.0263519566298853,1.3765822818332791,-0.2290778130332124,0.013989854859610228,0.2309555732143903,0.18470131281221994,0.0025201104082715037,0.0006057380456292723,-0.031199179203312527,2.2997835971460456,231,0.06722926930796083,0.14092028878398402
2018-10-10 00:00:00-04:00,60.45024453700016,60.80135408398102,58.6433370672835,58.67758560180664,6340800,0.0,0.0,0.05280829015544042,6.083607,0.0016,0.098500006,0.34451,0.06216,0.356,142027210752,0.181,29.523,12943287296,0.315,0.227,0.45,0.2202793529903911,-0.018757948025446166,1.0263519566298853,1.3765822818332791,-0.2290778130332124,0.013989854859610228,0.2309555732143903,0.18470131281221994,0.0025201104082715037,0.0006057380456292723,-0.031199179203312527,2.2997835971460456,231,0.06722926930796083,0.14092028878398402
2018-10-11 00:00:00-04:00,58.31792389675692,58.81461263980118,57.17040838712391,57.350242614746094,5592800,0.0,0.0,0.05280829015544042,6.083607,0.0016,0.098500006,0.34451,0.06216,0.356,142027210752,0.181,29.523,12943287296,0.315,0.227,0.45,0.2202793529903911,-0.018757948025446166,1.0263519566298853,1.3765822818332791,-0.2290778130332124,0.013989854859610228,0.2309555732143903,0.18470131281221994,0.0025201104082715037,0.0006057380456292723,-0.031199179203312527,2.2997835971460456,231,0.06722926930796083,0.14092028878398402
2018-10-12 00:00:00-04:00,57.78697859235451,58.1552123978341,56.348298437630326,57.25603485107422,4845600,0.0,0.0,0.05280829015544042,6.083607,0.0016,0.098500006,0.34451,0.06216,0.356,142027210752,0.181,29.523,12943287296,0.315,0.227,0.45,0.2202793529903911,-0.018757948025446166,1.0263519566298853,1.3765822818332791,-0.2290778130332124,0.013989854859610228,0.2309555732143903,0.18470131281221994,0.0025201104082715037,0.0006057380456292723,-0.031199179203312527,2.2997835971460456,231,0.06722926930796083,0.14092028878398402
2018-10-15 00:00:00-04:00,57.19609287129707,57.572892095092534,56.707969573873996,56.725093841552734,2893300,0.0,0.0,0.05280829015544042,6.083607,0.0016,0.098500006,0.34451,0.06216,0.356,142027210752,0.181,29.523,12943287296,0.315,0.227,0.45,0.2202793529903911,-0.018757948025446166,1.0263519566298853,1.3765822818332791,-0.2290778130332124,0.013989854859610228,0.2309555732143903,0.18470131281221994,0.0025201104082715037,0.0006057380456292723,-0.031199179203312527,2.2997835971460456,231,0.06722926930796083,0.14092028878398402
2018-10-16 00:00:00-04:00,58.31790782652576,60.23614559272142,58.18945297548243,60.17620086669922,5629900,0.0,0.0,0.05280829015544042,6.083607,0.0016,0.098500006,0.34451,0.06216,0.356,142027210752,0.181,29.523,12943287296,0.315,0.227,0.45,0.2202793529903911,-0.018757948025446166,1.0263519566298853,1.3765822818332791,-0.2290778130332124,0.013989854859610228,0.2309555732143903,0.18470131281221994,0.0025201104082715037,0.0006057380456292723,-0.031199179203312527,2.2997835971460456,231,0.06722926930796083,0.14092028878398402
2018-10-17 00:00:00-04:00,60.22759007274319,60.69002364209547,59.54250185144674,60.484493255615234,3182500,0.0,0.0,0.05280829015544042,6.083607,0.0016,0.098500006,0.34451,0.06216,0.356,142027210752,0.181,29.523,12943287296,0.315,0.227,0.45,0.2202793529903911,-0.018757948025446166,1.0263519566298853,1.3765822818332791,-0.2290778130332124,0.013989854859610228,0.2309555732143903,0.18470131281221994,0.0025201104082715037,0.0006057380456292723,-0.031199179203312527,2.2997835971460456,231,0.06722926930796083,0.14092028878398402
2018-10-18 00:00:00-04:00,60.31323472548078,62.27429339566819,60.31323472548078,61.486446380615234,4935000,0.0,0.0,0.05280829015544042,6.083607,0.0016,0.098500006,0.34451,0.06216,0.356,142027210752,0.181,29.523,12943287296,0.315,0.227,0.45,0.2202793529903911,-0.018757948025446166,1.0263519566298853,1.3765822818332791,-0.2290778130332124,0.013989854859610228,0.2309555732143903,0.18470131281221994,0.0025201104082715037,0.0006057380456292723,-0.031199179203312527,2.2997835971460456,231,0.06722926930796083,0.14092028878398402
2018-10-19 00:00:00-04:00,60.84417894702466,61.04970283643898,60.184780273819,60.41600036621094,4438100,0.0,0.0,0.05280829015544042,6.083607,0.0016,0.098500006,0.34451,0.06216,0.356,142027210752,0.181,29.523,12943287296,0.315,0.227,0.45,0.2202793529903911,-0.018757948025446166,1.0263519566298853,1.3765822818332791,-0.2290778130332124,0.013989854859610228,0.2309555732143903,0.18470131281221994,0.0025201104082715037,0.0006057380456292723,-0.031199179203312527,2.2997835971460456,231,0.06722926930796083,0.14092028878398402
2018-10-22 00:00:00-04:00,60.6129511078287,60.955495235397215,59.953559052385096,60.16764831542969,3509000,0.0,0.0,0.05280829015544042,6.083607,0.0016,0.098500006,0.34451,0.06216,0.356,142027210752,0.181,29.523,12943287296,0.315,0.227,0.45,0.2202793529903911,-0.018757948025446166,1.0263519566298853,1.3765822818332791,-0.2290778130332124,0.013989854859610228,0.2309555732143903,0.18470131281221994,0.0025201104082715037,0.0006057380456292723,-0.031199179203312527,2.2997835971460456,231,0.06722926930796083,0.14092028878398402
2018-10-23 00:00:00-04:00,59.33698777812055,59.94500057132561,58.814609393320076,59.4654426574707,4214700,0.0,0.0,0.05280829015544042,6.083607,0.0016,0.098500006,0.34451,0.06216,0.356,142027210752,0.181,29.523,12943287296,0.315,0.227,0.45,0.2202793529903911,-0.018757948025446166,1.0263519566298853,1.3765822818332791,-0.2290778130332124,0.013989854859610228,0.2309555732143903,0.18470131281221994,0.0025201104082715037,0.0006057380456292723,-0.031199179203312527,2.2997835971460456,231,0.06722926930796083,0.14092028878398402
2018-10-24 00:00:00-04:00,59.29416005052308,59.77372443917358,57.90686581708631,58.00962448120117,3564300,0.0,0.0,0.05280829015544042,6.083607,0.0016,0.098500006,0.34451,0.06216,0.356,142027210752,0.181,29.523,12943287296,0.315,0.227,0.45,0.2202793529903911,-0.018757948025446166,1.0263519566298853,1.3765822818332791,-0.2290778130332124,0.013989854859610228,0.2309555732143903,0.18470131281221994,0.0025201104082715037,0.0006057380456292723,-0.031199179203312527,2.2997835971460456,231,0.06722926930796083,0.14092028878398402
2018-10-25 00:00:00-04:00,58.335049295069716,59.61958497349781,58.138084282976756,59.054386138916016,2562200,0.0,0.0,0.05280829015544042,6.083607,0.0016,0.098500006,0.34451,0.06216,0.356,142027210752,0.181,29.523,12943287296,0.315,0.227,0.45,0.2202793529903911,-0.018757948025446166,1.0263519566298853,1.3765822818332791,-0.2290778130332124,0.013989854859610228,0.2309555732143903,0.18470131281221994,0.0025201104082715037,0.0006057380456292723,-0.031199179203312527,2.2997835971460456,231,0.06722926930796083,0.14092028878398402
2018-10-26 00:00:00-04:00,58.5148881212599,58.88312197279235,57.786985819436275,58.32648849487305,2597400,0.0,0.0,0.05280829015544042,6.083607,0.0016,0.098500006,0.34451,0.06216,0.356,142027210752,0.181,29.523,12943287296,0.315,0.227,0.45,0.2202793529903911,-0.018757948025446166,1.0263519566298853,1.3765822818332791,-0.2290778130332124,0.013989854859610228,0.2309555732143903,0.18470131281221994,0.0025201104082715037,0.0006057380456292723,-0.031199179203312527,2.2997835971460456,231,0.06722926930796083,0.14092028878398402
2018-10-29 00:00:00-04:00,59.037262547732645,59.902178543674474,58.309353761493796,58.977317810058594,2259400,0.0,0.0,0.05280829015544042,6.083607,0.0016,0.098500006,0.34451,0.06216,0.356,142027210752,0.181,29.523,12943287296,0.315,0.227,0.45,0.2202793529903911,-0.018757948025446166,1.0263519566298853,1.3765822818332791,-0.2290778130332124,0.013989854859610228,0.2309555732143903,0.18470131281221994,0.0025201104082715037,0.0006057380456292723,-0.031199179203312527,2.2997835971460456,231,0.06722926930796083,0.14092028878398402
2018-10-30 00:00:00-04:00,59.199960814991016,59.970683470600974,58.57482382406937,59.765159606933594,2701000,0.0,0.0,0.05280829015544042,6.083607,0.0016,0.098500006,0.34451,0.06216,0.356,142027210752,0.181,29.523,12943287296,0.315,0.227,0.45,0.2202793529903911,-0.018757948025446166,1.0263519566298853,1.3765822818332791,-0.2290778130332124,0.013989854859610228,0.2309555732143903,0.18470131281221994,0.0025201104082715037,0.0006057380456292723,-0.031199179203312527,2.2997835971460456,231,0.06722926930796083,0.14092028878398402
2018-10-31 00:00:00-04:00,60.08201364033786,60.45024089893316,59.64526971636129,59.68808364868164,3703300,0.0,0.0,0.05280829015544042,6.083607,0.0016,0.098500006,0.34451,0.06216,0.356,142027210752,0.181,29.523,12943287296,0.315,0.227,0.45,0.2202793529903911,-0.018757948025446166,1.0263519566298853,1.3765822818332791,-0.2290778130332124,0.013989854859610228,0.2309555732143903,0.18470131281221994,0.0025201104082715037,0.0006057380456292723,-0.031199179203312527,2.2997835971460456,231,0.06722926930796083,0.14092028878398402
2018-11-01 00:00:00-04:00,59.24279140191516,59.559645918208865,58.41212387193224,59.122901916503906,5145200,0.0,0.0,0.05280829015544042,6.083607,0.0016,0.098500006,0.34451,0.06216,0.356,142027210752,0.181,29.523,12943287296,0.315,0.227,0.45,0.2202793529903911,-0.018757948025446166,1.0263519566298853,1.3765822818332791,-0.2290778130332124,0.013989854859610228,0.2309555732143903,0.18470131281221994,0.0025201104082715037,0.0006057380456292723,-0.031199179203312527,2.2997835971460456,231,0.06722926930796083,0.14092028878398402
2018-11-02 00:00:00-04:00,59.61959259285661,60.022075002072654,58.189471055988136,58.55770492553711,3448500,0.0,0.0,0.05280829015544042,6.083607,0.0016,0.098500006,0.34451,0.06216,0.356,142027210752,0.181,29.523,12943287296,0.315,0.227,0.45,0.2202793529903911,-0.018757948025446166,1.0263519566298853,1.3765822818332791,-0.2290778130332124,0.013989854859610228,0.2309555732143903,0.18470131281221994,0.0025201104082715037,0.0006057380456292723,-0.031199179203312527,2.2997835971460456,231,0.06722926930796083,0.14092028878398402
2018-11-05 00:00:00-05:00,58.754664716639944,59.90218016415344,58.686154576448715,59.71378707885742,2218600,0.0,0.0,0.05280829015544042,6.083607,0.0016,0.098500006,0.34451,0.06216,0.356,142027210752,0.181,29.523,12943287296,0.315,0.227,0.45,0.2202793529903911,-0.018757948025446166,1.0263519566298853,1.3765822818332791,-0.2290778130332124,0.013989854859610228,0.2309555732143903,0.18470131281221994,0.0025201104082715037,0.0006057380456292723,-0.031199179203312527,2.2997835971460456,231,0.06722926930796083,0.14092028878398402
2018-11-06 00:00:00-05:00,59.61958568301951,60.06488851544007,59.46544113843424,59.75659942626953,2174400,0.0,0.0,0.05280829015544042,6.083607,0.0016,0.098500006,0.34451,0.06216,0.356,142027210752,0.181,29.523,12943287296,0.315,0.227,0.45,0.2202793529903911,-0.018757948025446166,1.0263519566298853,1.3765822818332791,-0.2290778130332124,0.013989854859610228,0.2309555732143903,0.18470131281221994,0.0025201104082715037,0.0006057380456292723,-0.031199179203312527,2.2997835971460456,231,0.06722926930796083,0.14092028878398402
2018-11-07 00:00:00-05:00,61.1867188834565,63.10496370167409,61.02401545940601,62.61684036254883,4782700,0.0,0.0,0.05280829015544042,6.083607,0.0016,0.098500006,0.34451,0.06216,0.356,142027210752,0.181,29.523,12943287296,0.315,0.227,0.45,0.2202793529903911,-0.018757948025446166,1.0263519566298853,1.3765822818332791,-0.2290778130332124,0.013989854859610228,0.2309555732143903,0.18470131281221994,0.0025201104082715037,0.0006057380456292723,-0.031199179203312527,2.2997835971460456,231,0.06722926930796083,0.14092028878398402
2018-11-08 00:00:00-05:00,62.29140758963412,63.036440546507976,62.28284872357337,62.90798568725586,2494900,0.0,0.0,0.05280829015544042,6.083607,0.0016,0.098500006,0.34451,0.06216,0.356,142027210752,0.181,29.523,12943287296,0.315,0.227,0.45,0.2202793529903911,-0.018757948025446166,1.0263519566298853,1.3765822818332791,-0.2290778130332124,0.013989854859610228,0.2309555732143903,0.18470131281221994,0.0025201104082715037,0.0006057380456292723,-0.031199179203312527,2.2997835971460456,231,0.06722926930796083,0.14092028878398402
2018-11-09 00:00:00-05:00,62.78810477599965,63.07070419813243,62.4370017486266,62.676780700683594,2344700,0.0,0.0,0.05280829015544042,6.083607,0.0016,0.098500006,0.34451,0.06216,0.356,142027210752,0.181,29.523,12943287296,0.315,0.227,0.45,0.2202793529903911,-0.018757948025446166,1.0263519566298853,1.3765822818332791,-0.2290778130332124,0.013989854859610228,0.2309555732143903,0.18470131281221994,0.0025201104082715037,0.0006057380456292723,-0.031199179203312527,2.2997835971460456,231,0.06722926930796083,0.14092028878398402
2018-11-12 00:00:00-05:00,62.66821866405413,62.890873360124964,61.46075190475244,61.57208251953125,1985500,0.0,0.0,0.05280829015544042,6.083607,0.0016,0.098500006,0.34451,0.06216,0.356,142027210752,0.181,29.523,12943287296,0.315,0.227,0.45,0.2202793529903911,-0.018757948025446166,1.0263519566298853,1.3765822818332791,-0.2290778130332124,0.013989854859610228,0.2309555732143903,0.18470131281221994,0.0025201104082715037,0.0006057380456292723,-0.031199179203312527,2.2997835971460456,231,0.06722926930796083,0.14092028878398402
2018-11-13 00:00:00-05:00,61.42650230660585,61.89749482715973,60.92981358297884,61.30660629272461,3227500,0.0,0.0,0.05280829015544042,6.083607,0.0016,0.098500006,0.34451,0.06216,0.356,142027210752,0.181,29.523,12943287296,0.315,0.227,0.45,0.2202793529903911,-0.018757948025446166,1.0263519566298853,1.3765822818332791,-0.2290778130332124,0.013989854859610228,0.2309555732143903,0.18470131281221994,0.0025201104082715037,0.0006057380456292723,-0.031199179203312527,2.2997835971460456,231,0.06722926930796083,0.14092028878398402
2018-11-14 00:00:00-05:00,59.371244104946946,59.516823255665,55.39774736278724,55.491947174072266,8984700,0.0,0.0,0.05280829015544042,6.083607,0.0016,0.098500006,0.34451,0.06216,0.356,142027210752,0.181,29.523,12943287296,0.315,0.227,0.45,0.2202793529903911,-0.018757948025446166,1.0263519566298853,1.3765822818332791,-0.2290778130332124,0.013989854859610228,0.2309555732143903,0.18470131281221994,0.0025201104082715037,0.0006057380456292723,-0.031199179203312527,2.2997835971460456,231,0.06722926930796083,0.14092028878398402
2018-11-15 00:00:00-05:00,55.243608970121194,56.78504812634777,55.243608970121194,56.7764892578125,6524500,0.0,0.0,0.05280829015544042,6.083607,0.0016,0.098500006,0.34451,0.06216,0.356,142027210752,0.181,29.523,12943287296,0.315,0.227,0.45,0.2202793529903911,-0.018757948025446166,1.0263519566298853,1.3765822818332791,-0.2290778130332124,0.013989854859610228,0.2309555732143903,0.18470131281221994,0.0025201104082715037,0.0006057380456292723,-0.031199179203312527,2.2997835971460456,231,0.06722926930796083,0.14092028878398402
2018-11-16 00:00:00-05:00,56.51956409634796,57.23890086695564,56.27978517281207,56.81072235107422,3799100,0.0,0.0,0.05280829015544042,6.083607,0.0016,0.098500006,0.34451,0.06216,0.356,142027210752,0.181,29.523,12943287296,0.315,0.227,0.45,0.2202793529903911,-0.018757948025446166,1.0263519566298853,1.3765822818332791,-0.2290778130332124,0.013989854859610228,0.2309555732143903,0.18470131281221994,0.0025201104082715037,0.0006057380456292723,-0.031199179203312527,2.2997835971460456,231,0.06722926930796083,0.14092028878398402
2018-11-19 00:00:00-05:00,57.09332909092063,57.136149561416595,55.17509092215579,55.67177963256836,4328300,0.0,0.0,0.05280829015544042,6.083607,0.0016,0.098500006,0.34451,0.06216,0.356,142027210752,0.181,29.523,12943287296,0.315,0.227,0.45,0.2202793529903911,-0.018757948025446166,1.0263519566298853,1.3765822818332791,-0.2290778130332124,0.013989854859610228,0.2309555732143903,0.18470131281221994,0.0025201104082715037,0.0006057380456292723,-0.031199179203312527,2.2997835971460456,231,0.06722926930796083,0.14092028878398402
2018-11-20 00:00:00-05:00,54.95243659600233,55.76597980635196,54.25022399627724,55.13227081298828,6430300,0.0,0.0,0.05280829015544042,6.083607,0.0016,0.098500006,0.34451,0.06216,0.356,142027210752,0.181,29.523,12943287296,0.315,0.227,0.45,0.2202793529903911,-0.018757948025446166,1.0263519566298853,1.3765822818332791,-0.2290778130332124,0.013989854859610228,0.2309555732143903,0.18470131281221994,0.0025201104082715037,0.0006057380456292723,-0.031199179203312527,2.2997835971460456,231,0.06722926930796083,0.14092028878398402
2018-11-21 00:00:00-05:00,55.132267051466854,55.39774219189337,54.52425430214408,54.5413818359375,3361500,0.0,0.0,0.05280829015544042,6.083607,0.0016,0.098500006,0.34451,0.06216,0.356,142027210752,0.181,29.523,12943287296,0.315,0.227,0.45,0.2202793529903911,-0.018757948025446166,1.0263519566298853,1.3765822818332791,-0.2290778130332124,0.013989854859610228,0.2309555732143903,0.18470131281221994,0.0025201104082715037,0.0006057380456292723,-0.031199179203312527,2.2997835971460456,231,0.06722926930796083,0.14092028878398402
2018-11-23 00:00:00-05:00,54.087522374680375,54.344428889659795,53.83917799461139,53.90768814086914,1350500,0.0,0.0,0.05280829015544042,6.083607,0.0016,0.098500006,0.34451,0.06216,0.356,142027210752,0.181,29.523,12943287296,0.315,0.227,0.45,0.2202793529903911,-0.018757948025446166,1.0263519566298853,1.3765822818332791,-0.2290778130332124,0.013989854859610228,0.2309555732143903,0.18470131281221994,0.0025201104082715037,0.0006057380456292723,-0.031199179203312527,2.2997835971460456,231,0.06722926930796083,0.14092028878398402
2018-11-26 00:00:00-05:00,54.33586055145647,54.53282229934586,53.94193705567768,54.1474609375,3407000,0.0,0.0,0.05280829015544042,6.083607,0.0016,0.098500006,0.34451,0.06216,0.356,142027210752,0.181,29.523,12943287296,0.315,0.227,0.45,0.2202793529903911,-0.018757948025446166,1.0263519566298853,1.3765822818332791,-0.2290778130332124,0.013989854859610228,0.2309555732143903,0.18470131281221994,0.0025201104082715037,0.0006057380456292723,-0.031199179203312527,2.2997835971460456,231,0.06722926930796083,0.14092028878398402
2018-11-27 00:00:00-05:00,53.98475868110136,54.32729960111291,52.64884027284894,52.99994659423828,3947100,0.0,0.0,0.05280829015544042,6.083607,0.0016,0.098500006,0.34451,0.06216,0.356,142027210752,0.181,29.523,12943287296,0.315,0.227,0.45,0.2202793529903911,-0.018757948025446166,1.0263519566298853,1.3765822818332791,-0.2290778130332124,0.013989854859610228,0.2309555732143903,0.18470131281221994,0.0025201104082715037,0.0006057380456292723,-0.031199179203312527,2.2997835971460456,231,0.06722926930796083,0.14092028878398402
2018-11-28 00:00:00-05:00,53.214021337881746,55.02093505859375,53.214021337881746,55.02093505859375,4633200,0.0,0.0,0.05280829015544042,6.083607,0.0016,0.098500006,0.34451,0.06216,0.356,142027210752,0.181,29.523,12943287296,0.315,0.227,0.45,0.2202793529903911,-0.018757948025446166,1.0263519566298853,1.3765822818332791,-0.2290778130332124,0.013989854859610228,0.2309555732143903,0.18470131281221994,0.0025201104082715037,0.0006057380456292723,-0.031199179203312527,2.2997835971460456,231,0.06722926930796083,0.14092028878398402
2018-11-29 00:00:00-05:00,54.635577287016936,56.11707454135314,54.601322222158316,55.8259162902832,3903200,0.0,0.0,0.05280829015544042,6.083607,0.0016,0.098500006,0.34451,0.06216,0.356,142027210752,0.181,29.523,12943287296,0.315,0.227,0.45,0.2202793529903911,-0.018757948025446166,1.0263519566298853,1.3765822818332791,-0.2290778130332124,0.013989854859610228,0.2309555732143903,0.18470131281221994,0.0025201104082715037,0.0006057380456292723,-0.031199179203312527,2.2997835971460456,231,0.06722926930796083,0.14092028878398402
2018-11-30 00:00:00-05:00,55.740285108064235,56.8706828456019,55.688905768534966,56.76791763305664,5104800,0.0,0.0,0.05280829015544042,6.083607,0.0016,0.098500006,0.34451,0.06216,0.356,142027210752,0.181,29.523,12943287296,0.315,0.227,0.45,0.2202793529903911,-0.018757948025446166,1.0263519566298853,1.3765822818332791,-0.2290778130332124,0.013989854859610228,0.2309555732143903,0.18470131281221994,0.0025201104082715037,0.0006057380456292723,-0.031199179203312527,2.2997835971460456,231,0.06722926930796083,0.14092028878398402
2018-12-03 00:00:00-05:00,57.538623239475186,57.855471116759645,56.22839820420166,57.21320343017578,5428300,0.0,0.0,0.05280829015544042,6.083607,0.0016,0.098500006,0.34451,0.06216,0.356,142027210752,0.181,29.523,12943287296,0.315,0.227,0.45,0.2202793529903911,-0.018757948025446166,1.0263519566298853,1.3765822818332791,-0.2290778130332124,0.013989854859610228,0.2309555732143903,0.18470131281221994,0.0025201104082715037,0.0006057380456292723,-0.031199179203312527,2.2997835971460456,231,0.06722926930796083,0.14092028878398402
2018-12-04 00:00:00-05:00,57.187536282073154,57.27317070063389,55.166532643300464,55.34636688232422,4625900,0.0,0.0,0.05280829015544042,6.083607,0.0016,0.098500006,0.34451,0.06216,0.356,142027210752,0.181,29.523,12943287296,0.315,0.227,0.45,0.2202793529903911,-0.018757948025446166,1.0263519566298853,1.3765822818332791,-0.2290778130332124,0.013989854859610228,0.2309555732143903,0.18470131281221994,0.0025201104082715037,0.0006057380456292723,-0.031199179203312527,2.2997835971460456,231,0.06722926930796083,0.14092028878398402
2018-12-06 00:00:00-05:00,54.51570327759711,55.6032773945278,53.54801865490791,55.517642974853516,4231100,0.0,0.0,0.05280829015544042,6.083607,0.0016,0.098500006,0.34451,0.06216,0.356,142027210752,0.181,29.523,12943287296,0.315,0.227,0.45,0.2202793529903911,-0.018757948025446166,1.0263519566298853,1.3765822818332791,-0.2290778130332124,0.013989854859610228,0.2309555732143903,0.18470131281221994,0.0025201104082715037,0.0006057380456292723,-0.031199179203312527,2.2997835971460456,231,0.06722926930796083,0.14092028878398402
2018-12-07 00:00:00-05:00,55.286411971045716,55.99718992804246,54.02756926258607,54.31016540527344,3469600,0.0,0.0,0.05280829015544042,6.083607,0.0016,0.098500006,0.34451,0.06216,0.356,142027210752,0.181,29.523,12943287296,0.315,0.227,0.45,0.2202793529903911,-0.018757948025446166,1.0263519566298853,1.3765822818332791,-0.2290778130332124,0.013989854859610228,0.2309555732143903,0.18470131281221994,0.0025201104082715037,0.0006057380456292723,-0.031199179203312527,2.2997835971460456,231,0.06722926930796083,0.14092028878398402
2018-12-10 00:00:00-05:00,54.12177211600963,54.91818125396461,52.91430867449024,54.50713348388672,5100400,0.0,0.0,0.05280829015544042,6.083607,0.0016,0.098500006,0.34451,0.06216,0.356,142027210752,0.181,29.523,12943287296,0.315,0.227,0.45,0.2202793529903911,-0.018757948025446166,1.0263519566298853,1.3765822818332791,-0.2290778130332124,0.013989854859610228,0.2309555732143903,0.18470131281221994,0.0025201104082715037,0.0006057380456292723,-0.031199179203312527,2.2997835971460456,231,0.06722926930796083,0.14092028878398402
2018-12-11 00:00:00-05:00,55.56900697809647,55.92011649535801,53.92480305373837,54.35298156738281,4215300,0.0,0.0,0.05280829015544042,6.083607,0.0016,0.098500006,0.34451,0.06216,0.356,142027210752,0.181,29.523,12943287296,0.315,0.227,0.45,0.2202793529903911,-0.018757948025446166,1.0263519566298853,1.3765822818332791,-0.2290778130332124,0.013989854859610228,0.2309555732143903,0.18470131281221994,0.0025201104082715037,0.0006057380456292723,-0.031199179203312527,2.2997835971460456,231,0.06722926930796083,0.14092028878398402
2018-12-12 00:00:00-05:00,55.166527324097885,55.80023633401675,54.789731345320476,54.858238220214844,3924800,0.0,0.0,0.05280829015544042,6.083607,0.0016,0.098500006,0.34451,0.06216,0.356,142027210752,0.181,29.523,12943287296,0.315,0.227,0.45,0.2202793529903911,-0.018757948025446166,1.0263519566298853,1.3765822818332791,-0.2290778130332124,0.013989854859610228,0.2309555732143903,0.18470131281221994,0.0025201104082715037,0.0006057380456292723,-0.031199179203312527,2.2997835971460456,231,0.06722926930796083,0.14092028878398402
2018-12-13 00:00:00-05:00,54.815424293043634,55.07232752400769,53.57370574292387,54.078956604003906,3194900,0.0,0.0,0.05280829015544042,6.083607,0.0016,0.098500006,0.34451,0.06216,0.356,142027210752,0.181,29.523,12943287296,0.315,0.227,0.45,0.2202793529903911,-0.018757948025446166,1.0263519566298853,1.3765822818332791,-0.2290778130332124,0.013989854859610228,0.2309555732143903,0.18470131281221994,0.0025201104082715037,0.0006057380456292723,-0.031199179203312527,2.2997835971460456,231,0.06722926930796083,0.14092028878398402
2018-12-14 00:00:00-05:00,53.46237674697946,53.81348304525595,52.897181162760155,53.09414291381836,3577100,0.0,0.0,0.05280829015544042,6.083607,0.0016,0.098500006,0.34451,0.06216,0.356,142027210752,0.181,29.523,12943287296,0.315,0.227,0.45,0.2202793529903911,-0.018757948025446166,1.0263519566298853,1.3765822818332791,-0.2290778130332124,0.013989854859610228,0.2309555732143903,0.18470131281221994,0.0025201104082715037,0.0006057380456292723,-0.031199179203312527,2.2997835971460456,231,0.06722926930796083,0.14092028878398402
2018-12-17 00:00:00-05:00,52.99993820917258,53.17977240873302,52.05794674474298,52.297725677490234,4626200,0.0,0.0,0.05280829015544042,6.083607,0.0016,0.098500006,0.34451,0.06216,0.356,142027210752,0.181,29.523,12943287296,0.315,0.227,0.45,0.2202793529903911,-0.018757948025446166,1.0263519566298853,1.3765822818332791,-0.2290778130332124,0.013989854859610228,0.2309555732143903,0.18470131281221994,0.0025201104082715037,0.0006057380456292723,-0.031199179203312527,2.2997835971460456,231,0.06722926930796083,0.14092028878398402
2018-12-18 00:00:00-05:00,52.57176209910974,53.025630318934354,51.77534973094079,52.30629348754883,3632100,0.0,0.0,0.05280829015544042,6.083607,0.0016,0.098500006,0.34451,0.06216,0.356,142027210752,0.181,29.523,12943287296,0.315,0.227,0.45,0.2202793529903911,-0.018757948025446166,1.0263519566298853,1.3765822818332791,-0.2290778130332124,0.013989854859610228,0.2309555732143903,0.18470131281221994,0.0025201104082715037,0.0006057380456292723,-0.031199179203312527,2.2997835971460456,231,0.06722926930796083,0.14092028878398402
2018-12-19 00:00:00-05:00,52.47756734485801,53.85630293784126,51.8524269907044,52.126461029052734,3961000,0.0,0.0,0.05280829015544042,6.083607,0.0016,0.098500006,0.34451,0.06216,0.356,142027210752,0.181,29.523,12943287296,0.315,0.227,0.45,0.2202793529903911,-0.018757948025446166,1.0263519566298853,1.3765822818332791,-0.2290778130332124,0.013989854859610228,0.2309555732143903,0.18470131281221994,0.0025201104082715037,0.0006057380456292723,-0.031199179203312527,2.2997835971460456,231,0.06722926930796083,0.14092028878398402
2018-12-20 00:00:00-05:00,51.612629002966145,52.049369569773916,50.71345494183798,51.210140228271484,3566200,0.0,0.0,0.05280829015544042,6.083607,0.0016,0.098500006,0.34451,0.06216,0.356,142027210752,0.181,29.523,12943287296,0.315,0.227,0.45,0.2202793529903911,-0.018757948025446166,1.0263519566298853,1.3765822818332791,-0.2290778130332124,0.013989854859610228,0.2309555732143903,0.18470131281221994,0.0025201104082715037,0.0006057380456292723,-0.031199179203312527,2.2997835971460456,231,0.06722926930796083,0.14092028878398402
2018-12-21 00:00:00-05:00,51.064580229706664,52.631712191011545,50.72203604650405,50.884742736816406,7327000,0.0,0.0,0.05280829015544042,6.083607,0.0016,0.098500006,0.34451,0.06216,0.356,142027210752,0.181,29.523,12943287296,0.315,0.227,0.45,0.2202793529903911,-0.018757948025446166,1.0263519566298853,1.3765822818332791,-0.2290778130332124,0.013989854859610228,0.2309555732143903,0.18470131281221994,0.0025201104082715037,0.0006057380456292723,-0.031199179203312527,2.2997835971460456,231,0.06722926930796083,0.14092028878398402
2018-12-24 00:00:00-05:00,50.32810298216654,50.730591831120876,48.87229537963867,48.87229537963867,2232500,0.0,0.0,0.05280829015544042,6.083607,0.0016,0.098500006,0.34451,0.06216,0.356,142027210752,0.181,29.523,12943287296,0.315,0.227,0.45,0.2202793529903911,-0.018757948025446166,1.0263519566298853,1.3765822818332791,-0.2290778130332124,0.013989854859610228,0.2309555732143903,0.18470131281221994,0.0025201104082715037,0.0006057380456292723,-0.031199179203312527,2.2997835971460456,231,0.06722926930796083,0.14092028878398402
2018-12-26 00:00:00-05:00,48.949362878559896,50.859038475189394,48.56400159970136,50.80765914916992,2956300,0.0,0.0,0.05280829015544042,6.083607,0.0016,0.098500006,0.34451,0.06216,0.356,142027210752,0.181,29.523,12943287296,0.315,0.227,0.45,0.2202793529903911,-0.018757948025446166,1.0263519566298853,1.3765822818332791,-0.2290778130332124,0.013989854859610228,0.2309555732143903,0.18470131281221994,0.0025201104082715037,0.0006057380456292723,-0.031199179203312527,2.2997835971460456,231,0.06722926930796083,0.14092028878398402
2018-12-27 00:00:00-05:00,50.14827486775275,51.561262176684735,49.65158616274195,51.55270004272461,3124800,0.0,0.0,0.05280829015544042,6.083607,0.0016,0.098500006,0.34451,0.06216,0.356,142027210752,0.181,29.523,12943287296,0.315,0.227,0.45,0.2202793529903911,-0.018757948025446166,1.0263519566298853,1.3765822818332791,-0.2290778130332124,0.013989854859610228,0.2309555732143903,0.18470131281221994,0.0025201104082715037,0.0006057380456292723,-0.031199179203312527,2.2997835971460456,231,0.06722926930796083,0.14092028878398402
2018-12-28 00:00:00-05:00,51.66402628522792,52.05794977387504,50.87617604119054,51.081703186035156,2690400,0.0,0.0,0.05280829015544042,6.083607,0.0016,0.098500006,0.34451,0.06216,0.356,142027210752,0.181,29.523,12943287296,0.315,0.227,0.45,0.2202793529903911,-0.018757948025446166,1.0263519566298853,1.3765822818332791,-0.2290778130332124,0.013989854859610228,0.2309555732143903,0.18470131281221994,0.0025201104082715037,0.0006057380456292723,-0.031199179203312527,2.2997835971460456,231,0.06722926930796083,0.14092028878398402
2018-12-31 00:00:00-05:00,51.44136968221088,51.672586486485045,51.10739094272921,51.664024353027344,2420600,0.0,0.0,0.05280829015544042,6.083607,0.0016,0.098500006,0.34451,0.06216,0.356,142027210752,0.181,29.523,12943287296,0.315,0.227,0.45,0.2202793529903911,-0.018757948025446166,1.0263519566298853,1.3765822818332791,-0.2290778130332124,0.013989854859610228,0.2309555732143903,0.18470131281221994,0.0025201104082715037,0.0006057380456292723,-0.031199179203312527,2.2997835971460456,231,0.06722926930796083,0.14092028878398402
2019-01-02 00:00:00-05:00,50.76485929505105,51.158786132644586,50.328118512890526,50.722042083740234,4153200,0.0,0.0,0.05280829015544042,6.083607,0.0016,0.098500006,0.34451,0.06216,0.356,142027210752,0.181,29.523,12943287296,0.315,0.227,0.45,0.2202793529903911,-0.018757948025446166,1.0263519566298853,1.3765822818332791,-0.2290778130332124,0.013989854859610228,0.2309555732143903,0.18470131281221994,0.0025201104082715037,0.0006057380456292723,-0.031199179203312527,2.2997835971460456,231,0.06722926930796083,0.14092028878398402
2019-01-03 00:00:00-05:00,50.49080948769129,50.96180519881763,49.754341922378956,49.86566925048828,3889200,0.0,0.0,0.05280829015544042,6.083607,0.0016,0.098500006,0.34451,0.06216,0.356,142027210752,0.181,29.523,12943287296,0.315,0.227,0.45,0.2202793529903911,-0.018757948025446166,1.0263519566298853,1.3765822818332791,-0.2290778130332124,0.013989854859610228,0.2309555732143903,0.18470131281221994,0.0025201104082715037,0.0006057380456292723,-0.031199179203312527,2.2997835971460456,231,0.06722926930796083,0.14092028878398402
2019-01-04 00:00:00-05:00,50.56789464768858,51.41568975733397,50.37093287341097,51.004638671875,2717800,0.0,0.0,0.05280829015544042,6.083607,0.0016,0.098500006,0.34451,0.06216,0.356,142027210752,0.181,29.523,12943287296,0.315,0.227,0.45,0.2202793529903911,-0.018757948025446166,1.0263519566298853,1.3765822818332791,-0.2290778130332124,0.013989854859610228,0.2309555732143903,0.18470131281221994,0.0025201104082715037,0.0006057380456292723,-0.031199179203312527,2.2997835971460456,231,0.06722926930796083,0.14092028878398402
2019-01-07 00:00:00-05:00,50.86762324453572,51.91237689460053,50.69635113685082,51.41569137573242,3065300,0.0,0.0,0.05280829015544042,6.083607,0.0016,0.098500006,0.34451,0.06216,0.356,142027210752,0.181,29.523,12943287296,0.315,0.227,0.45,0.2202793529903911,-0.018757948025446166,1.0263519566298853,1.3765822818332791,-0.2290778130332124,0.013989854859610228,0.2309555732143903,0.18470131281221994,0.0025201104082715037,0.0006057380456292723,-0.031199179203312527,2.2997835971460456,231,0.06722926930796083,0.14092028878398402
2019-01-08 00:00:00-05:00,52.006561279296875,52.56319464735326,51.34716598383137,52.006561279296875,2822600,0.0,0.0,0.05280829015544042,6.083607,0.0016,0.098500006,0.34451,0.06216,0.356,142027210752,0.181,29.523,12943287296,0.315,0.227,0.45,0.2202793529903911,-0.018757948025446166,1.0263519566298853,1.3765822818332791,-0.2290778130332124,0.013989854859610228,0.2309555732143903,0.18470131281221994,0.0025201104082715037,0.0006057380456292723,-0.031199179203312527,2.2997835971460456,231,0.06722926930796083,0.14092028878398402
2019-01-09 00:00:00-05:00,52.648834481816756,53.16265070543282,52.40049013707282,52.49468994140625,4301700,0.0,0.0,0.05280829015544042,6.083607,0.0016,0.098500006,0.34451,0.06216,0.356,142027210752,0.181,29.523,12943287296,0.315,0.227,0.45,0.2202793529903911,-0.018757948025446166,1.0263519566298853,1.3765822818332791,-0.2290778130332124,0.013989854859610228,0.2309555732143903,0.18470131281221994,0.0025201104082715037,0.0006057380456292723,-0.031199179203312527,2.2997835971460456,231,0.06722926930796083,0.14092028878398402
2019-01-10 00:00:00-05:00,52.391928029675725,53.08557846187115,52.01513207889599,53.068450927734375,2039600,0.0,0.0,0.05280829015544042,6.083607,0.0016,0.098500006,0.34451,0.06216,0.356,142027210752,0.181,29.523,12943287296,0.315,0.227,0.45,0.2202793529903911,-0.018757948025446166,1.0263519566298853,1.3765822818332791,-0.2290778130332124,0.013989854859610228,0.2309555732143903,0.18470131281221994,0.0025201104082715037,0.0006057380456292723,-0.031199179203312527,2.2997835971460456,231,0.06722926930796083,0.14092028878398402
2019-01-11 00:00:00-05:00,52.725902894209305,52.93143002196648,52.10076264461457,52.82010269165039,1773900,0.0,0.0,0.05280829015544042,6.083607,0.0016,0.098500006,0.34451,0.06216,0.356,142027210752,0.181,29.523,12943287296,0.315,0.227,0.45,0.2202793529903911,-0.018757948025446166,1.0263519566298853,1.3765822818332791,-0.2290778130332124,0.013989854859610228,0.2309555732143903,0.18470131281221994,0.0025201104082715037,0.0006057380456292723,-0.031199179203312527,2.2997835971460456,231,0.06722926930796083,0.14092028878398402
2019-01-14 00:00:00-05:00,52.50325736261396,53.05988754285967,52.349112816270654,52.734474182128906,2112900,0.0,0.0,0.05280829015544042,6.083607,0.0016,0.098500006,0.34451,0.06216,0.356,142027210752,0.181,29.523,12943287296,0.315,0.227,0.45,0.2202793529903911,-0.018757948025446166,1.0263519566298853,1.3765822818332791,-0.2290778130332124,0.013989854859610228,0.2309555732143903,0.18470131281221994,0.0025201104082715037,0.0006057380456292723,-0.031199179203312527,2.2997835971460456,231,0.06722926930796083,0.14092028878398402
2019-01-15 00:00:00-05:00,52.64028074944618,53.26542114455235,52.62315321258446,53.11983871459961,1821200,0.0,0.0,0.05280829015544042,6.083607,0.0016,0.098500006,0.34451,0.06216,0.356,142027210752,0.181,29.523,12943287296,0.315,0.227,0.45,0.2202793529903911,-0.018757948025446166,1.0263519566298853,1.3765822818332791,-0.2290778130332124,0.013989854859610228,0.2309555732143903,0.18470131281221994,0.0025201104082715037,0.0006057380456292723,-0.031199179203312527,2.2997835971460456,231,0.06722926930796083,0.14092028878398402
2019-01-16 00:00:00-05:00,53.33392570294652,53.650780220976024,52.95712970862649,53.60795974731445,2555100,0.0,0.0,0.05280829015544042,6.083607,0.0016,0.098500006,0.34451,0.06216,0.356,142027210752,0.181,29.523,12943287296,0.315,0.227,0.45,0.2202793529903911,-0.018757948025446166,1.0263519566298853,1.3765822818332791,-0.2290778130332124,0.013989854859610228,0.2309555732143903,0.18470131281221994,0.0025201104082715037,0.0006057380456292723,-0.031199179203312527,2.2997835971460456,231,0.06722926930796083,0.14092028878398402
2019-01-17 00:00:00-05:00,53.37674568924158,54.21597535079856,53.3082355454034,54.16459274291992,2939500,0.0,0.0,0.05280829015544042,6.083607,0.0016,0.098500006,0.34451,0.06216,0.356,142027210752,0.181,29.523,12943287296,0.315,0.227,0.45,0.2202793529903911,-0.018757948025446166,1.0263519566298853,1.3765822818332791,-0.2290778130332124,0.013989854859610228,0.2309555732143903,0.18470131281221994,0.0025201104082715037,0.0006057380456292723,-0.031199179203312527,2.2997835971460456,231,0.06722926930796083,0.14092028878398402
2019-01-18 00:00:00-05:00,54.46431041696566,55.337798320342706,54.00188006430082,55.16652297973633,3817600,0.0,0.0,0.05280829015544042,6.083607,0.0016,0.098500006,0.34451,0.06216,0.356,142027210752,0.181,29.523,12943287296,0.315,0.227,0.45,0.2202793529903911,-0.018757948025446166,1.0263519566298853,1.3765822818332791,-0.2290778130332124,0.013989854859610228,0.2309555732143903,0.18470131281221994,0.0025201104082715037,0.0006057380456292723,-0.031199179203312527,2.2997835971460456,231,0.06722926930796083,0.14092028878398402
2019-01-22 00:00:00-05:00,54.8668063042794,55.24360556822566,53.916249276405544,54.198848724365234,4355000,0.0,0.0,0.05280829015544042,6.083607,0.0016,0.098500006,0.34451,0.06216,0.356,142027210752,0.181,29.523,12943287296,0.315,0.227,0.45,0.2202793529903911,-0.018757948025446166,1.0263519566298853,1.3765822818332791,-0.2290778130332124,0.013989854859610228,0.2309555732143903,0.18470131281221994,0.0025201104082715037,0.0006057380456292723,-0.031199179203312527,2.2997835971460456,231,0.06722926930796083,0.14092028878398402
2019-01-23 00:00:00-05:00,53.864868260688205,55.85161666919387,53.65077896436869,55.6546516418457,5317600,0.0,0.0,0.05280829015544042,6.083607,0.0016,0.098500006,0.34451,0.06216,0.356,142027210752,0.181,29.523,12943287296,0.315,0.227,0.45,0.2202793529903911,-0.018757948025446166,1.0263519566298853,1.3765822818332791,-0.2290778130332124,0.013989854859610228,0.2309555732143903,0.18470131281221994,0.0025201104082715037,0.0006057380456292723,-0.031199179203312527,2.2997835971460456,231,0.06722926930796083,0.14092028878398402
2019-01-24 00:00:00-05:00,55.30355152168636,55.88587469984966,54.92675224949624,55.868743896484375,3964300,0.0,0.0,0.05280829015544042,6.083607,0.0016,0.098500006,0.34451,0.06216,0.356,142027210752,0.181,29.523,12943287296,0.315,0.227,0.45,0.2202793529903911,-0.018757948025446166,1.0263519566298853,1.3765822818332791,-0.2290778130332124,0.013989854859610228,0.2309555732143903,0.18470131281221994,0.0025201104082715037,0.0006057380456292723,-0.031199179203312527,2.2997835971460456,231,0.06722926930796083,0.14092028878398402
2019-01-25 00:00:00-05:00,56.339733381346846,56.36542304852776,55.51763136412737,55.92012023925781,3193300,0.0,0.0,0.05280829015544042,6.083607,0.0016,0.098500006,0.34451,0.06216,0.356,142027210752,0.181,29.523,12943287296,0.315,0.227,0.45,0.2202793529903911,-0.018757948025446166,1.0263519566298853,1.3765822818332791,-0.2290778130332124,0.013989854859610228,0.2309555732143903,0.18470131281221994,0.0025201104082715037,0.0006057380456292723,-0.031199179203312527,2.2997835971460456,231,0.06722926930796083,0.14092028878398402
2019-01-28 00:00:00-05:00,55.697466547108775,55.902990421655495,55.40630173580527,55.83448028564453,2943600,0.0,0.0,0.05280829015544042,6.083607,0.0016,0.098500006,0.34451,0.06216,0.356,142027210752,0.181,29.523,12943287296,0.315,0.227,0.45,0.2202793529903911,-0.018757948025446166,1.0263519566298853,1.3765822818332791,-0.2290778130332124,0.013989854859610228,0.2309555732143903,0.18470131281221994,0.0025201104082715037,0.0006057380456292723,-0.031199179203312527,2.2997835971460456,231,0.06722926930796083,0.14092028878398402
2019-01-29 00:00:00-05:00,55.86019784571062,56.3997006727397,55.83450163476657,56.35688018798828,4549700,0.0,0.0,0.05280829015544042,6.083607,0.0016,0.098500006,0.34451,0.06216,0.356,142027210752,0.181,29.523,12943287296,0.315,0.227,0.45,0.2202793529903911,-0.018757948025446166,1.0263519566298853,1.3765822818332791,-0.2290778130332124,0.013989854859610228,0.2309555732143903,0.18470131281221994,0.0025201104082715037,0.0006057380456292723,-0.031199179203312527,2.2997835971460456,231,0.06722926930796083,0.14092028878398402
2019-01-30 00:00:00-05:00,56.493881014236756,57.34167274510295,56.09139211704669,57.16183853149414,4128200,0.0,0.0,0.05280829015544042,6.083607,0.0016,0.098500006,0.34451,0.06216,0.356,142027210752,0.181,29.523,12943287296,0.315,0.227,0.45,0.2202793529903911,-0.018757948025446166,1.0263519566298853,1.3765822818332791,-0.2290778130332124,0.013989854859610228,0.2309555732143903,0.18470131281221994,0.0025201104082715037,0.0006057380456292723,-0.031199179203312527,2.2997835971460456,231,0.06722926930796083,0.14092028878398402
2019-01-31 00:00:00-05:00,57.05050991370432,57.6842123112214,56.92205504750178,57.624267578125,5243800,0.0,0.0,0.05280829015544042,6.083607,0.0016,0.098500006,0.34451,0.06216,0.356,142027210752,0.181,29.523,12943287296,0.315,0.227,0.45,0.2202793529903911,-0.018757948025446166,1.0263519566298853,1.3765822818332791,-0.2290778130332124,0.013989854859610228,0.2309555732143903,0.18470131281221994,0.0025201104082715037,0.0006057380456292723,-0.031199179203312527,2.2997835971460456,231,0.06722926930796083,0.14092028878398402
2019-02-01 00:00:00-05:00,58.05484385712754,58.58859832524571,57.55666713810178,58.53522491455078,3895000,2.514,0.0,0.05280829015544042,6.083607,0.0016,0.098500006,0.34451,0.06216,0.356,142027210752,0.181,29.523,12943287296,0.315,0.227,0.45,0.2202793529903911,-0.018757948025446166,1.0263519566298853,1.3765822818332791,-0.2290778130332124,0.013989854859610228,0.2309555732143903,0.18470131281221994,0.0025201104082715037,0.0006057380456292723,-0.031199179203312527,2.2997835971460456,231,0.06722926930796083,0.14092028878398402
2019-02-04 00:00:00-05:00,58.35729335144256,58.74871640244499,57.965877087495386,58.73981857299805,2550200,0.0,0.0,0.05280829015544042,6.083607,0.0016,0.098500006,0.34451,0.06216,0.356,142027210752,0.181,29.523,12943287296,0.315,0.227,0.45,0.2202793529903911,-0.018757948025446166,1.0263519566298853,1.3765822818332791,-0.2290778130332124,0.013989854859610228,0.2309555732143903,0.18470131281221994,0.0025201104082715037,0.0006057380456292723,-0.031199179203312527,2.2997835971460456,231,0.06722926930796083,0.14092028878398402
2019-02-05 00:00:00-05:00,58.86436968169269,59.38033527250459,58.69535161971079,59.18462371826172,3134800,0.0,0.0,0.05280829015544042,6.083607,0.0016,0.098500006,0.34451,0.06216,0.356,142027210752,0.181,29.523,12943287296,0.315,0.227,0.45,0.2202793529903911,-0.018757948025446166,1.0263519566298853,1.3765822818332791,-0.2290778130332124,0.013989854859610228,0.2309555732143903,0.18470131281221994,0.0025201104082715037,0.0006057380456292723,-0.031199179203312527,2.2997835971460456,231,0.06722926930796083,0.14092028878398402
2019-02-06 00:00:00-05:00,59.14903261368667,60.18986151047801,58.91774333622682,60.10979461669922,3163300,0.0,0.0,0.05280829015544042,6.083607,0.0016,0.098500006,0.34451,0.06216,0.356,142027210752,0.181,29.523,12943287296,0.315,0.227,0.45,0.2202793529903911,-0.018757948025446166,1.0263519566298853,1.3765822818332791,-0.2290778130332124,0.013989854859610228,0.2309555732143903,0.18470131281221994,0.0025201104082715037,0.0006057380456292723,-0.031199179203312527,2.2997835971460456,231,0.06722926930796083,0.14092028878398402
2019-02-07 00:00:00-05:00,59.80733789024308,60.38556788656254,59.5849396494877,60.24323654174805,3058600,0.0,0.0,0.05280829015544042,6.083607,0.0016,0.098500006,0.34451,0.06216,0.356,142027210752,0.181,29.523,12943287296,0.315,0.227,0.45,0.2202793529903911,-0.018757948025446166,1.0263519566298853,1.3765822818332791,-0.2290778130332124,0.013989854859610228,0.2309555732143903,0.18470131281221994,0.0025201104082715037,0.0006057380456292723,-0.031199179203312527,2.2997835971460456,231,0.06722926930796083,0.14092028878398402
2019-02-08 00:00:00-05:00,59.86960615706742,60.821470308812586,59.789539265097275,60.81257247924805,2564100,0.0,0.0,0.05280829015544042,6.083607,0.0016,0.098500006,0.34451,0.06216,0.356,142027210752,0.181,29.523,12943287296,0.315,0.227,0.45,0.2202793529903911,-0.018757948025446166,1.0263519566298853,1.3765822818332791,-0.2290778130332124,0.013989854859610228,0.2309555732143903,0.18470131281221994,0.0025201104082715037,0.0006057380456292723,-0.031199179203312527,2.2997835971460456,231,0.06722926930796083,0.14092028878398402
2019-02-11 00:00:00-05:00,60.90151958171718,61.57761198020926,60.51009659516058,61.52423858642578,3861600,0.0,0.0,0.05280829015544042,6.083607,0.0016,0.098500006,0.34451,0.06216,0.356,142027210752,0.181,29.523,12943287296,0.315,0.227,0.45,0.2202793529903911,-0.018757948025446166,1.0263519566298853,1.3765822818332791,-0.2290778130332124,0.013989854859610228,0.2309555732143903,0.18470131281221994,0.0025201104082715037,0.0006057380456292723,-0.031199179203312527,2.2997835971460456,231,0.06722926930796083,0.14092028878398402
2019-02-12 00:00:00-05:00,61.88008919811919,62.289301178816046,61.6043175297717,61.648799896240234,4762700,0.0,0.0,0.05280829015544042,6.083607,0.0016,0.098500006,0.34451,0.06216,0.356,142027210752,0.181,29.523,12943287296,0.315,0.227,0.45,0.2202793529903911,-0.018757948025446166,1.0263519566298853,1.3765822818332791,-0.2290778130332124,0.013989854859610228,0.2309555732143903,0.18470131281221994,0.0025201104082715037,0.0006057380456292723,-0.031199179203312527,2.2997835971460456,231,0.06722926930796083,0.14092028878398402
2019-02-13 00:00:00-05:00,62.27149641084417,63.16108921671337,61.99572481288215,62.98317337036133,4510000,0.0,0.0,0.05280829015544042,6.083607,0.0016,0.098500006,0.34451,0.06216,0.356,142027210752,0.181,29.523,12943287296,0.315,0.227,0.45,0.2202793529903911,-0.018757948025446166,1.0263519566298853,1.3765822818332791,-0.2290778130332124,0.013989854859610228,0.2309555732143903,0.18470131281221994,0.0025201104082715037,0.0006057380456292723,-0.031199179203312527,2.2997835971460456,231,0.06722926930796083,0.14092028878398402
2019-02-14 00:00:00-05:00,62.54725682920477,63.23224696804047,62.102460505772385,62.90309524536133,5961800,0.0,0.0,0.05280829015544042,6.083607,0.0016,0.098500006,0.34451,0.06216,0.356,142027210752,0.181,29.523,12943287296,0.315,0.227,0.45,0.2202793529903911,-0.018757948025446166,1.0263519566298853,1.3765822818332791,-0.2290778130332124,0.013989854859610228,0.2309555732143903,0.18470131281221994,0.0025201104082715037,0.0006057380456292723,-0.031199179203312527,2.2997835971460456,231,0.06722926930796083,0.14092028878398402
2019-02-15 00:00:00-05:00,63.516945132972175,63.846090217784926,63.20558892285619,63.39240264892578,4789700,0.0,0.0,0.05280829015544042,6.083607,0.0016,0.098500006,0.34451,0.06216,0.356,142027210752,0.181,29.523,12943287296,0.315,0.227,0.45,0.2202793529903911,-0.018757948025446166,1.0263519566298853,1.3765822818332791,-0.2290778130332124,0.013989854859610228,0.2309555732143903,0.18470131281221994,0.0025201104082715037,0.0006057380456292723,-0.031199179203312527,2.2997835971460456,231,0.06722926930796083,0.14092028878398402
2019-02-19 00:00:00-05:00,63.35681528716395,64.09517911469577,63.312332921821145,63.88167190551758,3478300,0.0,0.0,0.05280829015544042,6.083607,0.0016,0.098500006,0.34451,0.06216,0.356,142027210752,0.181,29.523,12943287296,0.315,0.227,0.45,0.2202793529903911,-0.018757948025446166,1.0263519566298853,1.3765822818332791,-0.2290778130332124,0.013989854859610228,0.2309555732143903,0.18470131281221994,0.0025201104082715037,0.0006057380456292723,-0.031199179203312527,2.2997835971460456,231,0.06722926930796083,0.14092028878398402
2019-02-20 00:00:00-05:00,64.0951740440894,64.47769927978516,63.77492004271364,64.47769927978516,5379300,0.0,0.0,0.05280829015544042,6.083607,0.0016,0.098500006,0.34451,0.06216,0.356,142027210752,0.181,29.523,12943287296,0.315,0.227,0.45,0.2202793529903911,-0.018757948025446166,1.0263519566298853,1.3765822818332791,-0.2290778130332124,0.013989854859610228,0.2309555732143903,0.18470131281221994,0.0025201104082715037,0.0006057380456292723,-0.031199179203312527,2.2997835971460456,231,0.06722926930796083,0.14092028878398402
2019-02-21 00:00:00-05:00,64.47769612657828,64.66450982040232,63.89945938642472,64.14854431152344,4251000,0.0,0.0,0.05280829015544042,6.083607,0.0016,0.098500006,0.34451,0.06216,0.356,142027210752,0.181,29.523,12943287296,0.315,0.227,0.45,0.2202793529903911,-0.018757948025446166,1.0263519566298853,1.3765822818332791,-0.2290778130332124,0.013989854859610228,0.2309555732143903,0.18470131281221994,0.0025201104082715037,0.0006057380456292723,-0.031199179203312527,2.2997835971460456,231,0.06722926930796083,0.14092028878398402
2019-02-22 00:00:00-05:00,64.26418396760376,64.50437783181442,64.01509906179615,64.2908706665039,2749900,0.0,0.0,0.05280829015544042,6.083607,0.0016,0.098500006,0.34451,0.06216,0.356,142027210752,0.181,29.523,12943287296,0.315,0.227,0.45,0.2202793529903911,-0.018757948025446166,1.0263519566298853,1.3765822818332791,-0.2290778130332124,0.013989854859610228,0.2309555732143903,0.18470131281221994,0.0025201104082715037,0.0006057380456292723,-0.031199179203312527,2.2997835971460456,231,0.06722926930796083,0.14092028878398402
2019-02-25 00:00:00-05:00,64.5221734739386,64.87801199974822,64.13964824642794,64.7000961303711,2661000,0.0,0.0,0.05280829015544042,6.083607,0.0016,0.098500006,0.34451,0.06216,0.356,142027210752,0.181,29.523,12943287296,0.315,0.227,0.45,0.2202793529903911,-0.018757948025446166,1.0263519566298853,1.3765822818332791,-0.2290778130332124,0.013989854859610228,0.2309555732143903,0.18470131281221994,0.0025201104082715037,0.0006057380456292723,-0.031199179203312527,2.2997835971460456,231,0.06722926930796083,0.14092028878398402
2019-02-26 00:00:00-05:00,64.41541691665994,64.89579104867568,64.20190976125923,64.3353500366211,2847100,0.0,0.0,0.05280829015544042,6.083607,0.0016,0.098500006,0.34451,0.06216,0.356,142027210752,0.181,29.523,12943287296,0.315,0.227,0.45,0.2202793529903911,-0.018757948025446166,1.0263519566298853,1.3765822818332791,-0.2290778130332124,0.013989854859610228,0.2309555732143903,0.18470131281221994,0.0025201104082715037,0.0006057380456292723,-0.031199179203312527,2.2997835971460456,231,0.06722926930796083,0.14092028878398402
2019-02-27 00:00:00-05:00,64.19302474674076,64.92249062854214,64.11295785918496,64.68229675292969,2499000,0.0,0.0,0.05280829015544042,6.083607,0.0016,0.098500006,0.34451,0.06216,0.356,142027210752,0.181,29.523,12943287296,0.315,0.227,0.45,0.2202793529903911,-0.018757948025446166,1.0263519566298853,1.3765822818332791,-0.2290778130332124,0.013989854859610228,0.2309555732143903,0.18470131281221994,0.0025201104082715037,0.0006057380456292723,-0.031199179203312527,2.2997835971460456,231,0.06722926930796083,0.14092028878398402
2019-02-28 00:00:00-05:00,64.76236805313349,65.31391132631022,64.56665652250094,64.85132598876953,3639400,0.0,0.0,0.05280829015544042,6.083607,0.0016,0.098500006,0.34451,0.06216,0.356,142027210752,0.181,29.523,12943287296,0.315,0.227,0.45,0.2202793529903911,-0.018757948025446166,1.0263519566298853,1.3765822818332791,-0.2290778130332124,0.013989854859610228,0.2309555732143903,0.18470131281221994,0.0025201104082715037,0.0006057380456292723,-0.031199179203312527,2.2997835971460456,231,0.06722926930796083,0.14092028878398402
2019-03-01 00:00:00-05:00,65.33171068717992,65.63416904288998,64.65561812134071,64.95807647705078,3265300,0.0,0.0,0.05280829015544042,6.083607,0.0016,0.098500006,0.34451,0.06216,0.356,142027210752,0.181,29.523,12943287296,0.315,0.227,0.45,0.2202793529903911,-0.018757948025446166,1.0263519566298853,1.3765822818332791,-0.2290778130332124,0.013989854859610228,0.2309555732143903,0.18470131281221994,0.0025201104082715037,0.0006057380456292723,-0.031199179203312527,2.2997835971460456,231,0.06722926930796083,0.14092028878398402
2019-03-04 00:00:00-05:00,65.01144855811695,65.55410075169473,64.10406003011099,64.68229675292969,2499600,0.0,0.0,0.05280829015544042,6.083607,0.0016,0.098500006,0.34451,0.06216,0.356,142027210752,0.181,29.523,12943287296,0.315,0.227,0.45,0.2202793529903911,-0.018757948025446166,1.0263519566298853,1.3765822818332791,-0.2290778130332124,0.013989854859610228,0.2309555732143903,0.18470131281221994,0.0025201104082715037,0.0006057380456292723,-0.031199179203312527,2.2997835971460456,231,0.06722926930796083,0.14092028878398402
2019-03-05 00:00:00-05:00,64.73567048823783,64.91359313536307,64.39762763928238,64.4954833984375,1723000,0.0,0.0,0.05280829015544042,6.083607,0.0016,0.098500006,0.34451,0.06216,0.356,142027210752,0.181,29.523,12943287296,0.315,0.227,0.45,0.2202793529903911,-0.018757948025446166,1.0263519566298853,1.3765822818332791,-0.2290778130332124,0.013989854859610228,0.2309555732143903,0.18470131281221994,0.0025201104082715037,0.0006057380456292723,-0.031199179203312527,2.2997835971460456,231,0.06722926930796083,0.14092028878398402
2019-03-06 00:00:00-05:00,64.56665242777808,64.78015281717579,63.89945777223711,63.97062683105469,2215000,0.0,0.0,0.05280829015544042,6.083607,0.0016,0.098500006,0.34451,0.06216,0.356,142027210752,0.181,29.523,12943287296,0.315,0.227,0.45,0.2202793529903911,-0.018757948025446166,1.0263519566298853,1.3765822818332791,-0.2290778130332124,0.013989854859610228,0.2309555732143903,0.18470131281221994,0.0025201104082715037,0.0006057380456292723,-0.031199179203312527,2.2997835971460456,231,0.06722926930796083,0.14092028878398402
2019-03-07 00:00:00-05:00,63.979518346767094,64.53996620528581,63.5969931366095,64.24639892578125,3048400,0.0,0.0,0.05280829015544042,6.083607,0.0016,0.098500006,0.34451,0.06216,0.356,142027210752,0.181,29.523,12943287296,0.315,0.227,0.45,0.2202793529903911,-0.018757948025446166,1.0263519566298853,1.3765822818332791,-0.2290778130332124,0.013989854859610228,0.2309555732143903,0.18470131281221994,0.0025201104082715037,0.0006057380456292723,-0.031199179203312527,2.2997835971460456,231,0.06722926930796083,0.14092028878398402
2019-03-08 00:00:00-05:00,63.80159868354029,64.43320877671091,63.78380302623709,64.2908706665039,2436600,0.0,0.0,0.05280829015544042,6.083607,0.0016,0.098500006,0.34451,0.06216,0.356,142027210752,0.181,29.523,12943287296,0.315,0.227,0.45,0.2202793529903911,-0.018757948025446166,1.0263519566298853,1.3765822818332791,-0.2290778130332124,0.013989854859610228,0.2309555732143903,0.18470131281221994,0.0025201104082715037,0.0006057380456292723,-0.031199179203312527,2.2997835971460456,231,0.06722926930796083,0.14092028878398402
2019-03-11 00:00:00-04:00,64.48656223916623,64.87798513417657,64.31754426936386,64.80681610107422,1901700,0.0,0.0,0.05280829015544042,6.083607,0.0016,0.098500006,0.34451,0.06216,0.356,142027210752,0.181,29.523,12943287296,0.315,0.227,0.45,0.2202793529903911,-0.018757948025446166,1.0263519566298853,1.3765822818332791,-0.2290778130332124,0.013989854859610228,0.2309555732143903,0.18470131281221994,0.0025201104082715037,0.0006057380456292723,-0.031199179203312527,2.2997835971460456,231,0.06722926930796083,0.14092028878398402
2019-03-12 00:00:00-04:00,64.94027235631324,65.58967806618024,64.8780011337551,65.45623779296875,3428400,0.0,0.0,0.05280829015544042,6.083607,0.0016,0.098500006,0.34451,0.06216,0.356,142027210752,0.181,29.523,12943287296,0.315,0.227,0.45,0.2202793529903911,-0.018757948025446166,1.0263519566298853,1.3765822818332791,-0.2290778130332124,0.013989854859610228,0.2309555732143903,0.18470131281221994,0.0025201104082715037,0.0006057380456292723,-0.031199179203312527,2.2997835971460456,231,0.06722926930796083,0.14092028878398402
2019-03-13 00:00:00-04:00,65.15377377116077,65.20715395353812,64.24639211539797,64.3353500366211,3829800,0.0,0.0,0.05280829015544042,6.083607,0.0016,0.098500006,0.34451,0.06216,0.356,142027210752,0.181,29.523,12943287296,0.315,0.227,0.45,0.2202793529903911,-0.018757948025446166,1.0263519566298853,1.3765822818332791,-0.2290778130332124,0.013989854859610228,0.2309555732143903,0.18470131281221994,0.0025201104082715037,0.0006057380456292723,-0.031199179203312527,2.2997835971460456,231,0.06722926930796083,0.14092028878398402
2019-03-14 00:00:00-04:00,64.32644851467306,64.94916750158626,64.00619458701574,64.81572723388672,2334400,0.0,0.0,0.05280829015544042,6.083607,0.0016,0.098500006,0.34451,0.06216,0.356,142027210752,0.181,29.523,12943287296,0.315,0.227,0.45,0.2202793529903911,-0.018757948025446166,1.0263519566298853,1.3765822818332791,-0.2290778130332124,0.013989854859610228,0.2309555732143903,0.18470131281221994,0.0025201104082715037,0.0006057380456292723,-0.031199179203312527,2.2997835971460456,231,0.06722926930796083,0.14092028878398402
2019-03-15 00:00:00-04:00,64.61115161114195,65.52743830739783,64.51329581627051,65.48295593261719,8243400,0.0,0.0,0.05280829015544042,6.083607,0.0016,0.098500006,0.34451,0.06216,0.356,142027210752,0.181,29.523,12943287296,0.315,0.227,0.45,0.2202793529903911,-0.018757948025446166,1.0263519566298853,1.3765822818332791,-0.2290778130332124,0.013989854859610228,0.2309555732143903,0.18470131281221994,0.0025201104082715037,0.0006057380456292723,-0.031199179203312527,2.2997835971460456,231,0.06722926930796083,0.14092028878398402
2019-03-18 00:00:00-04:00,65.42957309405762,65.55411558104677,64.86023407151961,64.99366760253906,4090200,0.0,0.0,0.05280829015544042,6.083607,0.0016,0.098500006,0.34451,0.06216,0.356,142027210752,0.181,29.523,12943287296,0.315,0.227,0.45,0.2202793529903911,-0.018757948025446166,1.0263519566298853,1.3765822818332791,-0.2290778130332124,0.013989854859610228,0.2309555732143903,0.18470131281221994,0.0025201104082715037,0.0006057380456292723,-0.031199179203312527,2.2997835971460456,231,0.06722926930796083,0.14092028878398402
2019-03-19 00:00:00-04:00,65.27831413079268,65.34058535236296,64.23749223295175,64.4065170288086,3381700,0.0,0.0,0.05280829015544042,6.083607,0.0016,0.098500006,0.34451,0.06216,0.356,142027210752,0.181,29.523,12943287296,0.315,0.227,0.45,0.2202793529903911,-0.018757948025446166,1.0263519566298853,1.3765822818332791,-0.2290778130332124,0.013989854859610228,0.2309555732143903,0.18470131281221994,0.0025201104082715037,0.0006057380456292723,-0.031199179203312527,2.2997835971460456,231,0.06722926930796083,0.14092028878398402
2019-03-20 00:00:00-04:00,64.43322062811748,64.73567898735752,63.95283959839281,64.0595932006836,2620500,0.0,0.0,0.05280829015544042,6.083607,0.0016,0.098500006,0.34451,0.06216,0.356,142027210752,0.181,29.523,12943287296,0.315,0.227,0.45,0.2202793529903911,-0.018757948025446166,1.0263519566298853,1.3765822818332791,-0.2290778130332124,0.013989854859610228,0.2309555732143903,0.18470131281221994,0.0025201104082715037,0.0006057380456292723,-0.031199179203312527,2.2997835971460456,231,0.06722926930796083,0.14092028878398402
2019-03-21 00:00:00-04:00,63.74822018173041,65.20715175926942,63.668153304385875,65.05591583251953,2090700,0.0,0.0,0.05280829015544042,6.083607,0.0016,0.098500006,0.34451,0.06216,0.356,142027210752,0.181,29.523,12943287296,0.315,0.227,0.45,0.2202793529903911,-0.018757948025446166,1.0263519566298853,1.3765822818332791,-0.2290778130332124,0.013989854859610228,0.2309555732143903,0.18470131281221994,0.0025201104082715037,0.0006057380456292723,-0.031199179203312527,2.2997835971460456,231,0.06722926930796083,0.14092028878398402
2019-03-22 00:00:00-04:00,64.68229664179289,65.31390676386025,64.61112758343333,64.74456787109375,2576600,0.0,0.0,0.05280829015544042,6.083607,0.0016,0.098500006,0.34451,0.06216,0.356,142027210752,0.181,29.523,12943287296,0.315,0.227,0.45,0.2202793529903911,-0.018757948025446166,1.0263519566298853,1.3765822818332791,-0.2290778130332124,0.013989854859610228,0.2309555732143903,0.18470131281221994,0.0025201104082715037,0.0006057380456292723,-0.031199179203312527,2.2997835971460456,231,0.06722926930796083,0.14092028878398402
2019-03-25 00:00:00-04:00,64.76236932107203,65.0292431332051,64.50438655173784,64.69120025634766,1950600,0.0,0.0,0.05280829015544042,6.083607,0.0016,0.098500006,0.34451,0.06216,0.356,142027210752,0.181,29.523,12943287296,0.315,0.227,0.45,0.2202793529903911,-0.018757948025446166,1.0263519566298853,1.3765822818332791,-0.2290778130332124,0.013989854859610228,0.2309555732143903,0.18470131281221994,0.0025201104082715037,0.0006057380456292723,-0.031199179203312527,2.2997835971460456,231,0.06722926930796083,0.14092028878398402
2019-03-26 00:00:00-04:00,65.03815447241027,65.11821459656315,64.50439995022015,65.10042572021484,2304900,0.0,0.0,0.05280829015544042,6.083607,0.0016,0.098500006,0.34451,0.06216,0.356,142027210752,0.181,29.523,12943287296,0.315,0.227,0.45,0.2202793529903911,-0.018757948025446166,1.0263519566298853,1.3765822818332791,-0.2290778130332124,0.013989854859610228,0.2309555732143903,0.18470131281221994,0.0025201104082715037,0.0006057380456292723,-0.031199179203312527,2.2997835971460456,231,0.06722926930796083,0.14092028878398402
2019-03-27 00:00:00-04:00,64.99365289996899,65.27832234684136,64.35314494774244,64.68229675292969,2967200,0.0,0.0,0.05280829015544042,6.083607,0.0016,0.098500006,0.34451,0.06216,0.356,142027210752,0.181,29.523,12943287296,0.315,0.227,0.45,0.2202793529903911,-0.018757948025446166,1.0263519566298853,1.3765822818332791,-0.2290778130332124,0.013989854859610228,0.2309555732143903,0.18470131281221994,0.0025201104082715037,0.0006057380456292723,-0.031199179203312527,2.2997835971460456,231,0.06722926930796083,0.14092028878398402
2019-03-28 00:00:00-04:00,64.78904508167773,64.98475658308924,63.79269870497113,64.42430877685547,1820700,0.0,0.0,0.05280829015544042,6.083607,0.0016,0.098500006,0.34451,0.06216,0.356,142027210752,0.181,29.523,12943287296,0.315,0.227,0.45,0.2202793529903911,-0.018757948025446166,1.0263519566298853,1.3765822818332791,-0.2290778130332124,0.013989854859610228,0.2309555732143903,0.18470131281221994,0.0025201104082715037,0.0006057380456292723,-0.031199179203312527,2.2997835971460456,231,0.06722926930796083,0.14092028878398402
2019-03-29 00:00:00-04:00,64.83353952203585,64.86023301486138,64.05959790650554,64.1307601928711,4400400,0.0,0.0,0.05280829015544042,6.083607,0.0016,0.098500006,0.34451,0.06216,0.356,142027210752,0.181,29.523,12943287296,0.315,0.227,0.45,0.2202793529903911,-0.018757948025446166,1.0263519566298853,1.3765822818332791,-0.2290778130332124,0.013989854859610228,0.2309555732143903,0.18470131281221994,0.0025201104082715037,0.0006057380456292723,-0.031199179203312527,2.2997835971460456,231,0.06722926930796083,0.14092028878398402
2019-04-01 00:00:00-04:00,64.62892798677593,64.98476651764533,64.39763192365251,64.7267837524414,2483100,0.0,0.0,0.05280829015544042,6.083607,0.0016,0.098500006,0.34451,0.06216,0.356,142027210752,0.181,29.523,12943287296,0.315,0.227,0.45,0.2202793529903911,-0.018757948025446166,1.0263519566298853,1.3765822818332791,-0.2290778130332124,0.013989854859610228,0.2309555732143903,0.18470131281221994,0.0025201104082715037,0.0006057380456292723,-0.031199179203312527,2.2997835971460456,231,0.06722926930796083,0.14092028878398402
2019-04-02 00:00:00-04:00,64.7356901865153,64.86913051569975,64.37985835809957,64.6645278930664,1538000,0.0,0.0,0.05280829015544042,6.083607,0.0016,0.098500006,0.34451,0.06216,0.356,142027210752,0.181,29.523,12943287296,0.315,0.227,0.45,0.2202793529903911,-0.018757948025446166,1.0263519566298853,1.3765822818332791,-0.2290778130332124,0.013989854859610228,0.2309555732143903,0.18470131281221994,0.0025201104082715037,0.0006057380456292723,-0.031199179203312527,2.2997835971460456,231,0.06722926930796083,0.14092028878398402
2019-04-03 00:00:00-04:00,64.92248915143168,65.05592264923052,64.0417873436303,64.96696472167969,2787400,0.0,0.0,0.05280829015544042,6.083607,0.0016,0.098500006,0.34451,0.06216,0.356,142027210752,0.181,29.523,12943287296,0.315,0.227,0.45,0.2202793529903911,-0.018757948025446166,1.0263519566298853,1.3765822818332791,-0.2290778130332124,0.013989854859610228,0.2309555732143903,0.18470131281221994,0.0025201104082715037,0.0006057380456292723,-0.031199179203312527,2.2997835971460456,231,0.06722926930796083,0.14092028878398402
2019-04-04 00:00:00-04:00,65.12733752732856,65.13624756011255,64.53939769813118,64.61066436767578,1453900,0.1,0.0,0.05280829015544042,6.083607,0.0016,0.098500006,0.34451,0.06216,0.356,142027210752,0.181,29.523,12943287296,0.315,0.227,0.45,0.2202793529903911,-0.018757948025446166,1.0263519566298853,1.3765822818332791,-0.2290778130332124,0.013989854859610228,0.2309555732143903,0.18470131281221994,0.0025201104082715037,0.0006057380456292723,-0.031199179203312527,2.2997835971460456,231,0.06722926930796083,0.14092028878398402
2019-04-05 00:00:00-04:00,64.73533116055866,65.08274742968548,64.47699476622049,64.76205444335938,1719500,0.0,0.0,0.05280829015544042,6.083607,0.0016,0.098500006,0.34451,0.06216,0.356,142027210752,0.181,29.523,12943287296,0.315,0.227,0.45,0.2202793529903911,-0.018757948025446166,1.0263519566298853,1.3765822818332791,-0.2290778130332124,0.013989854859610228,0.2309555732143903,0.18470131281221994,0.0025201104082715037,0.0006057380456292723,-0.031199179203312527,2.2997835971460456,231,0.06722926930796083,0.14092028878398402
2019-04-08 00:00:00-04:00,64.48592149153089,64.61954473649558,63.64855549968866,64.14741516113281,2221000,0.0,0.0,0.05280829015544042,6.083607,0.0016,0.098500006,0.34451,0.06216,0.356,142027210752,0.181,29.523,12943287296,0.315,0.227,0.45,0.2202793529903911,-0.018757948025446166,1.0263519566298853,1.3765822818332791,-0.2290778130332124,0.013989854859610228,0.2309555732143903,0.18470131281221994,0.0025201104082715037,0.0006057380456292723,-0.031199179203312527,2.2997835971460456,231,0.06722926930796083,0.14092028878398402
2019-04-09 00:00:00-04:00,63.80891710761986,64.1117969875116,63.595123942989446,63.7198371887207,1938000,0.0,0.0,0.05280829015544042,6.083607,0.0016,0.098500006,0.34451,0.06216,0.356,142027210752,0.181,29.523,12943287296,0.315,0.227,0.45,0.2202793529903911,-0.018757948025446166,1.0263519566298853,1.3765822818332791,-0.2290778130332124,0.013989854859610228,0.2309555732143903,0.18470131281221994,0.0025201104082715037,0.0006057380456292723,-0.031199179203312527,2.2997835971460456,231,0.06722926930796083,0.14092028878398402
2019-04-10 00:00:00-04:00,63.933620188648206,64.27213334155238,63.60402386148709,64.20086669921875,1717000,0.0,0.0,0.05280829015544042,6.083607,0.0016,0.098500006,0.34451,0.06216,0.356,142027210752,0.181,29.523,12943287296,0.315,0.227,0.45,0.2202793529903911,-0.018757948025446166,1.0263519566298853,1.3765822818332791,-0.2290778130332124,0.013989854859610228,0.2309555732143903,0.18470131281221994,0.0025201104082715037,0.0006057380456292723,-0.031199179203312527,2.2997835971460456,231,0.06722926930796083,0.14092028878398402
2019-04-11 00:00:00-04:00,64.4324763104544,64.5660995583191,63.65746690992775,63.933616638183594,2657300,0.0,0.0,0.05280829015544042,6.083607,0.0016,0.098500006,0.34451,0.06216,0.356,142027210752,0.181,29.523,12943287296,0.315,0.227,0.45,0.2202793529903911,-0.018757948025446166,1.0263519566298853,1.3765822818332791,-0.2290778130332124,0.013989854859610228,0.2309555732143903,0.18470131281221994,0.0025201104082715037,0.0006057380456292723,-0.031199179203312527,2.2997835971460456,231,0.06722926930796083,0.14092028878398402
2019-04-12 00:00:00-04:00,64.25430700852672,64.71753334210138,64.10287050562596,64.68190002441406,2086300,0.0,0.0,0.05280829015544042,6.083607,0.0016,0.098500006,0.34451,0.06216,0.356,142027210752,0.181,29.523,12943287296,0.315,0.227,0.45,0.2202793529903911,-0.018757948025446166,1.0263519566298853,1.3765822818332791,-0.2290778130332124,0.013989854859610228,0.2309555732143903,0.18470131281221994,0.0025201104082715037,0.0006057380456292723,-0.031199179203312527,2.2997835971460456,231,0.06722926930796083,0.14092028878398402
2019-04-15 00:00:00-04:00,64.67300552481474,65.02042196023518,64.25432243690754,64.37013244628906,2729400,0.0,0.0,0.05280829015544042,6.083607,0.0016,0.098500006,0.34451,0.06216,0.356,142027210752,0.181,29.523,12943287296,0.315,0.227,0.45,0.2202793529903911,-0.018757948025446166,1.0263519566298853,1.3765822818332791,-0.2290778130332124,0.013989854859610228,0.2309555732143903,0.18470131281221994,0.0025201104082715037,0.0006057380456292723,-0.031199179203312527,2.2997835971460456,231,0.06722926930796083,0.14092028878398402
2019-04-16 00:00:00-04:00,66.14285487866982,68.85983682118723,66.1161315802783,68.82420349121094,6385000,0.0,0.0,0.05280829015544042,6.083607,0.0016,0.098500006,0.34451,0.06216,0.356,142027210752,0.181,29.523,12943287296,0.315,0.227,0.45,0.2202793529903911,-0.018757948025446166,1.0263519566298853,1.3765822818332791,-0.2290778130332124,0.013989854859610228,0.2309555732143903,0.18470131281221994,0.0025201104082715037,0.0006057380456292723,-0.031199179203312527,2.2997835971460456,231,0.06722926930796083,0.14092028878398402
2019-04-17 00:00:00-04:00,68.8152819089193,68.89545179063728,67.64831943261348,67.84429931640625,3274200,0.0,0.0,0.05280829015544042,6.083607,0.0016,0.098500006,0.34451,0.06216,0.356,142027210752,0.181,29.523,12943287296,0.315,0.227,0.45,0.2202793529903911,-0.018757948025446166,1.0263519566298853,1.3765822818332791,-0.2290778130332124,0.013989854859610228,0.2309555732143903,0.18470131281221994,0.0025201104082715037,0.0006057380456292723,-0.031199179203312527,2.2997835971460456,231,0.06722926930796083,0.14092028878398402
2019-04-18 00:00:00-04:00,67.85319269260391,68.12043918556223,66.73967696587866,66.81094360351562,3057100,0.0,0.0,0.05280829015544042,6.083607,0.0016,0.098500006,0.34451,0.06216,0.356,142027210752,0.181,29.523,12943287296,0.315,0.227,0.45,0.2202793529903911,-0.018757948025446166,1.0263519566298853,1.3765822818332791,-0.2290778130332124,0.013989854859610228,0.2309555732143903,0.18470131281221994,0.0025201104082715037,0.0006057380456292723,-0.031199179203312527,2.2997835971460456,231,0.06722926930796083,0.14092028878398402
2019-04-22 00:00:00-04:00,66.48134770446524,66.65951431786067,66.15175136331611,66.41899108886719,1931400,0.0,0.0,0.05280829015544042,6.083607,0.0016,0.098500006,0.34451,0.06216,0.356,142027210752,0.181,29.523,12943287296,0.315,0.227,0.45,0.2202793529903911,-0.018757948025446166,1.0263519566298853,1.3765822818332791,-0.2290778130332124,0.013989854859610228,0.2309555732143903,0.18470131281221994,0.0025201104082715037,0.0006057380456292723,-0.031199179203312527,2.2997835971460456,231,0.06722926930796083,0.14092028878398402
2019-04-23 00:00:00-04:00,66.49917493227632,67.55033427735444,66.24083841227655,67.42562103271484,2645200,0.0,0.0,0.05280829015544042,6.083607,0.0016,0.098500006,0.34451,0.06216,0.356,142027210752,0.181,29.523,12943287296,0.315,0.227,0.45,0.2202793529903911,-0.018757948025446166,1.0263519566298853,1.3765822818332791,-0.2290778130332124,0.013989854859610228,0.2309555732143903,0.18470131281221994,0.0025201104082715037,0.0006057380456292723,-0.031199179203312527,2.2997835971460456,231,0.06722926930796083,0.14092028878398402
2019-04-24 00:00:00-04:00,67.40780020279378,67.52361021175463,66.79314401732373,66.8733139038086,1927700,0.0,0.0,0.05280829015544042,6.083607,0.0016,0.098500006,0.34451,0.06216,0.356,142027210752,0.181,29.523,12943287296,0.315,0.227,0.45,0.2202793529903911,-0.018757948025446166,1.0263519566298853,1.3765822818332791,-0.2290778130332124,0.013989854859610228,0.2309555732143903,0.18470131281221994,0.0025201104082715037,0.0006057380456292723,-0.031199179203312527,2.2997835971460456,231,0.06722926930796083,0.14092028878398402
2019-04-25 00:00:00-04:00,66.81094228776684,67.5681316077561,66.41898258484325,67.34542846679688,2209600,0.0,0.0,0.05280829015544042,6.083607,0.0016,0.098500006,0.34451,0.06216,0.356,142027210752,0.181,29.523,12943287296,0.315,0.227,0.45,0.2202793529903911,-0.018757948025446166,1.0263519566298853,1.3765822818332791,-0.2290778130332124,0.013989854859610228,0.2309555732143903,0.18470131281221994,0.0025201104082715037,0.0006057380456292723,-0.031199179203312527,2.2997835971460456,231,0.06722926930796083,0.14092028878398402
2019-04-26 00:00:00-04:00,67.46124445577131,67.87992068910614,67.25635455744907,67.87101745605469,1791500,0.0,0.0,0.05280829015544042,6.083607,0.0016,0.098500006,0.34451,0.06216,0.356,142027210752,0.181,29.523,12943287296,0.315,0.227,0.45,0.2202793529903911,-0.018757948025446166,1.0263519566298853,1.3765822818332791,-0.2290778130332124,0.013989854859610228,0.2309555732143903,0.18470131281221994,0.0025201104082715037,0.0006057380456292723,-0.031199179203312527,2.2997835971460456,231,0.06722926930796083,0.14092028878398402
2019-04-29 00:00:00-04:00,68.09373170899266,68.85983125060032,68.05809838189903,68.6905746459961,2183000,0.0,0.0,0.05280829015544042,6.083607,0.0016,0.098500006,0.34451,0.06216,0.356,142027210752,0.181,29.523,12943287296,0.315,0.227,0.45,0.2202793529903911,-0.018757948025446166,1.0263519566298853,1.3765822818332791,-0.2290778130332124,0.013989854859610228,0.2309555732143903,0.18470131281221994,0.0025201104082715037,0.0006057380456292723,-0.031199179203312527,2.2997835971460456,231,0.06722926930796083,0.14092028878398402
2019-04-30 00:00:00-04:00,68.75293017504855,69.670466244929,68.44114706339434,69.61701965332031,2568700,0.0,0.0,0.05280829015544042,6.083607,0.0016,0.098500006,0.34451,0.06216,0.356,142027210752,0.181,29.523,12943287296,0.315,0.227,0.45,0.2202793529903911,-0.018757948025446166,1.0263519566298853,1.3765822818332791,-0.2290778130332124,0.013989854859610228,0.2309555732143903,0.18470131281221994,0.0025201104082715037,0.0006057380456292723,-0.031199179203312527,2.2997835971460456,231,0.06722926930796083,0.14092028878398402
2019-05-01 00:00:00-04:00,69.57248334126751,70.00007650652321,68.40552066389225,68.51242065429688,3306000,0.0,0.0,0.05280829015544042,6.083607,0.0016,0.098500006,0.34451,0.06216,0.356,142027210752,0.181,29.523,12943287296,0.315,0.227,0.45,0.2202793529903911,-0.018757948025446166,1.0263519566298853,1.3765822818332791,-0.2290778130332124,0.013989854859610228,0.2309555732143903,0.18470131281221994,0.0025201104082715037,0.0006057380456292723,-0.031199179203312527,2.2997835971460456,231,0.06722926930796083,0.14092028878398402
2019-05-02 00:00:00-04:00,68.72621036995527,68.76184369829163,66.99803132563484,67.309814453125,3902400,0.0,0.0,0.05280829015544042,6.083607,0.0016,0.098500006,0.34451,0.06216,0.356,142027210752,0.181,29.523,12943287296,0.315,0.227,0.45,0.2202793529903911,-0.018757948025446166,1.0263519566298853,1.3765822818332791,-0.2290778130332124,0.013989854859610228,0.2309555732143903,0.18470131281221994,0.0025201104082715037,0.0006057380456292723,-0.031199179203312527,2.2997835971460456,231,0.06722926930796083,0.14092028878398402
2019-05-03 00:00:00-04:00,67.6215901957851,67.70176007045734,65.86668822233048,66.30318450927734,4016100,0.0,0.0,0.05280829015544042,6.083607,0.0016,0.098500006,0.34451,0.06216,0.356,142027210752,0.181,29.523,12943287296,0.315,0.227,0.45,0.2202793529903911,-0.018757948025446166,1.0263519566298853,1.3765822818332791,-0.2290778130332124,0.013989854859610228,0.2309555732143903,0.18470131281221994,0.0025201104082715037,0.0006057380456292723,-0.031199179203312527,2.2997835971460456,231,0.06722926930796083,0.14092028878398402
2019-05-06 00:00:00-04:00,65.41238544324612,66.40118821411356,65.38566214614632,66.13394165039062,4413200,0.0,0.0,0.05280829015544042,6.083607,0.0016,0.098500006,0.34451,0.06216,0.356,142027210752,0.181,29.523,12943287296,0.315,0.227,0.45,0.2202793529903911,-0.018757948025446166,1.0263519566298853,1.3765822818332791,-0.2290778130332124,0.013989854859610228,0.2309555732143903,0.18470131281221994,0.0025201104082715037,0.0006057380456292723,-0.031199179203312527,2.2997835971460456,231,0.06722926930796083,0.14092028878398402
2019-05-07 00:00:00-04:00,65.70635174137426,66.00922482056643,64.69972896277922,64.8422622680664,3665900,0.0,0.0,0.05280829015544042,6.083607,0.0016,0.098500006,0.34451,0.06216,0.356,142027210752,0.181,29.523,12943287296,0.315,0.227,0.45,0.2202793529903911,-0.018757948025446166,1.0263519566298853,1.3765822818332791,-0.2290778130332124,0.013989854859610228,0.2309555732143903,0.18470131281221994,0.0025201104082715037,0.0006057380456292723,-0.031199179203312527,2.2997835971460456,231,0.06722926930796083,0.14092028878398402
2019-05-08 00:00:00-04:00,64.61954592223316,65.77759820833556,64.45919938460536,65.49253845214844,3971300,0.0,0.0,0.05280829015544042,6.083607,0.0016,0.098500006,0.34451,0.06216,0.356,142027210752,0.181,29.523,12943287296,0.315,0.227,0.45,0.2202793529903911,-0.018757948025446166,1.0263519566298853,1.3765822818332791,-0.2290778130332124,0.013989854859610228,0.2309555732143903,0.18470131281221994,0.0025201104082715037,0.0006057380456292723,-0.031199179203312527,2.2997835971460456,231,0.06722926930796083,0.14092028878398402
2019-05-09 00:00:00-04:00,65.10060374903023,65.2342270338321,64.6641005655866,64.89571380615234,2415600,0.0,0.0,0.05280829015544042,6.083607,0.0016,0.098500006,0.34451,0.06216,0.356,142027210752,0.181,29.523,12943287296,0.315,0.227,0.45,0.2202793529903911,-0.018757948025446166,1.0263519566298853,1.3765822818332791,-0.2290778130332124,0.013989854859610228,0.2309555732143903,0.18470131281221994,0.0025201104082715037,0.0006057380456292723,-0.031199179203312527,2.2997835971460456,231,0.06722926930796083,0.14092028878398402
2019-05-10 00:00:00-04:00,64.58391279362077,65.55489525474759,63.98706998927526,65.41236877441406,1851600,0.0,0.0,0.05280829015544042,6.083607,0.0016,0.098500006,0.34451,0.06216,0.356,142027210752,0.181,29.523,12943287296,0.315,0.227,0.45,0.2202793529903911,-0.018757948025446166,1.0263519566298853,1.3765822818332791,-0.2290778130332124,0.013989854859610228,0.2309555732143903,0.18470131281221994,0.0025201104082715037,0.0006057380456292723,-0.031199179203312527,2.2997835971460456,231,0.06722926930796083,0.14092028878398402
2019-05-13 00:00:00-04:00,64.38793181051217,64.69971485237835,63.79108901660256,64.61954498291016,3182600,0.0,0.0,0.05280829015544042,6.083607,0.0016,0.098500006,0.34451,0.06216,0.356,142027210752,0.181,29.523,12943287296,0.315,0.227,0.45,0.2202793529903911,-0.018757948025446166,1.0263519566298853,1.3765822818332791,-0.2290778130332124,0.013989854859610228,0.2309555732143903,0.18470131281221994,0.0025201104082715037,0.0006057380456292723,-0.031199179203312527,2.2997835971460456,231,0.06722926930796083,0.14092028878398402
2019-05-14 00:00:00-04:00,64.67299557757353,66.42789754605997,64.67299557757353,65.59944152832031,3011200,0.0,0.0,0.05280829015544042,6.083607,0.0016,0.098500006,0.34451,0.06216,0.356,142027210752,0.181,29.523,12943287296,0.315,0.227,0.45,0.2202793529903911,-0.018757948025446166,1.0263519566298853,1.3765822818332791,-0.2290778130332124,0.013989854859610228,0.2309555732143903,0.18470131281221994,0.0025201104082715037,0.0006057380456292723,-0.031199179203312527,2.2997835971460456,231,0.06722926930796083,0.14092028878398402
2019-05-15 00:00:00-04:00,66.0804887558987,69.28741323300487,65.76870565885648,69.0379867553711,5317100,0.0,0.0,0.05280829015544042,6.083607,0.0016,0.098500006,0.34451,0.06216,0.356,142027210752,0.181,29.523,12943287296,0.315,0.227,0.45,0.2202793529903911,-0.018757948025446166,1.0263519566298853,1.3765822818332791,-0.2290778130332124,0.013989854859610228,0.2309555732143903,0.18470131281221994,0.0025201104082715037,0.0006057380456292723,-0.031199179203312527,2.2997835971460456,231,0.06722926930796083,0.14092028878398402
2019-05-16 00:00:00-04:00,69.13596122856092,69.88424049401416,68.91325809531504,69.3497543334961,2772900,0.0,0.0,0.05280829015544042,6.083607,0.0016,0.098500006,0.34451,0.06216,0.356,142027210752,0.181,29.523,12943287296,0.315,0.227,0.45,0.2202793529903911,-0.018757948025446166,1.0263519566298853,1.3765822818332791,-0.2290778130332124,0.013989854859610228,0.2309555732143903,0.18470131281221994,0.0025201104082715037,0.0006057380456292723,-0.031199179203312527,2.2997835971460456,231,0.06722926930796083,0.14092028878398402
2019-05-17 00:00:00-04:00,68.83309322635587,69.89316249706235,68.6193000847917,69.23396301269531,2196800,0.0,0.0,0.05280829015544042,6.083607,0.0016,0.098500006,0.34451,0.06216,0.356,142027210752,0.181,29.523,12943287296,0.315,0.227,0.45,0.2202793529903911,-0.018757948025446166,1.0263519566298853,1.3765822818332791,-0.2290778130332124,0.013989854859610228,0.2309555732143903,0.18470131281221994,0.0025201104082715037,0.0006057380456292723,-0.031199179203312527,2.2997835971460456,231,0.06722926930796083,0.14092028878398402
2019-05-20 00:00:00-04:00,69.17160365775635,69.76844650235388,68.83309050095805,69.7506332397461,2238200,0.0,0.0,0.05280829015544042,6.083607,0.0016,0.098500006,0.34451,0.06216,0.356,142027210752,0.181,29.523,12943287296,0.315,0.227,0.45,0.2202793529903911,-0.018757948025446166,1.0263519566298853,1.3765822818332791,-0.2290778130332124,0.013989854859610228,0.2309555732143903,0.18470131281221994,0.0025201104082715037,0.0006057380456292723,-0.031199179203312527,2.2997835971460456,231,0.06722926930796083,0.14092028878398402
2019-05-21 00:00:00-04:00,70.06243232716324,71.57681146043525,70.06243232716324,71.32738494873047,3842300,0.0,0.0,0.05280829015544042,6.083607,0.0016,0.098500006,0.34451,0.06216,0.356,142027210752,0.181,29.523,12943287296,0.315,0.227,0.45,0.2202793529903911,-0.018757948025446166,1.0263519566298853,1.3765822818332791,-0.2290778130332124,0.013989854859610228,0.2309555732143903,0.18470131281221994,0.0025201104082715037,0.0006057380456292723,-0.031199179203312527,2.2997835971460456,231,0.06722926930796083,0.14092028878398402
2019-05-22 00:00:00-04:00,71.31846189000346,71.73714494232856,71.03340210064448,71.66587829589844,2467700,0.0,0.0,0.05280829015544042,6.083607,0.0016,0.098500006,0.34451,0.06216,0.356,142027210752,0.181,29.523,12943287296,0.315,0.227,0.45,0.2202793529903911,-0.018757948025446166,1.0263519566298853,1.3765822818332791,-0.2290778130332124,0.013989854859610228,0.2309555732143903,0.18470131281221994,0.0025201104082715037,0.0006057380456292723,-0.031199179203312527,2.2997835971460456,231,0.06722926930796083,0.14092028878398402
2019-05-23 00:00:00-04:00,71.24722956332036,71.33630950758958,70.6147463273715,71.00670623779297,2846300,0.0,0.0,0.05280829015544042,6.083607,0.0016,0.098500006,0.34451,0.06216,0.356,142027210752,0.181,29.523,12943287296,0.315,0.227,0.45,0.2202793529903911,-0.018757948025446166,1.0263519566298853,1.3765822818332791,-0.2290778130332124,0.013989854859610228,0.2309555732143903,0.18470131281221994,0.0025201104082715037,0.0006057380456292723,-0.031199179203312527,2.2997835971460456,231,0.06722926930796083,0.14092028878398402
2019-05-24 00:00:00-04:00,71.36300097187559,71.82622055322366,71.13138778302103,71.46099090576172,4398400,0.0,0.0,0.05280829015544042,6.083607,0.0016,0.098500006,0.34451,0.06216,0.356,142027210752,0.181,29.523,12943287296,0.315,0.227,0.45,0.2202793529903911,-0.018757948025446166,1.0263519566298853,1.3765822818332791,-0.2290778130332124,0.013989854859610228,0.2309555732143903,0.18470131281221994,0.0025201104082715037,0.0006057380456292723,-0.031199179203312527,2.2997835971460456,231,0.06722926930796083,0.14092028878398402
2019-05-28 00:00:00-04:00,71.55898566333819,72.15582853988703,70.57909305478486,70.81069946289062,3429400,0.0,0.0,0.05280829015544042,6.083607,0.0016,0.098500006,0.34451,0.06216,0.356,142027210752,0.181,29.523,12943287296,0.315,0.227,0.45,0.2202793529903911,-0.018757948025446166,1.0263519566298853,1.3765822818332791,-0.2290778130332124,0.013989854859610228,0.2309555732143903,0.18470131281221994,0.0025201104082715037,0.0006057380456292723,-0.031199179203312527,2.2997835971460456,231,0.06722926930796083,0.14092028878398402
2019-05-29 00:00:00-04:00,70.5434536444817,71.26500969278565,69.83080082900946,71.21156311035156,2663400,0.0,0.0,0.05280829015544042,6.083607,0.0016,0.098500006,0.34451,0.06216,0.356,142027210752,0.181,29.523,12943287296,0.315,0.227,0.45,0.2202793529903911,-0.018757948025446166,1.0263519566298853,1.3765822818332791,-0.2290778130332124,0.013989854859610228,0.2309555732143903,0.18470131281221994,0.0025201104082715037,0.0006057380456292723,-0.031199179203312527,2.2997835971460456,231,0.06722926930796083,0.14092028878398402
2019-05-30 00:00:00-04:00,71.38972473144531,71.6391511842951,71.07794166538307,71.38972473144531,1622900,0.0,0.0,0.05280829015544042,6.083607,0.0016,0.098500006,0.34451,0.06216,0.356,142027210752,0.181,29.523,12943287296,0.315,0.227,0.45,0.2202793529903911,-0.018757948025446166,1.0263519566298853,1.3765822818332791,-0.2290778130332124,0.013989854859610228,0.2309555732143903,0.18470131281221994,0.0025201104082715037,0.0006057380456292723,-0.031199179203312527,2.2997835971460456,231,0.06722926930796083,0.14092028878398402
2019-05-31 00:00:00-04:00,70.86416524428274,71.31847490637772,70.32967209486772,70.62364196777344,2245600,0.0,0.0,0.05280829015544042,6.083607,0.0016,0.098500006,0.34451,0.06216,0.356,142027210752,0.181,29.523,12943287296,0.315,0.227,0.45,0.2202793529903911,-0.018757948025446166,1.0263519566298853,1.3765822818332791,-0.2290778130332124,0.013989854859610228,0.2309555732143903,0.18470131281221994,0.0025201104082715037,0.0006057380456292723,-0.031199179203312527,2.2997835971460456,231,0.06722926930796083,0.14092028878398402
2019-06-03 00:00:00-04:00,70.62362909749774,71.3184619094774,70.24057936828311,71.11357879638672,2792700,0.0,0.0,0.05280829015544042,6.083607,0.0016,0.098500006,0.34451,0.06216,0.356,142027210752,0.181,29.523,12943287296,0.315,0.227,0.45,0.2202793529903911,-0.018757948025446166,1.0263519566298853,1.3765822818332791,-0.2290778130332124,0.013989854859610228,0.2309555732143903,0.18470131281221994,0.0025201104082715037,0.0006057380456292723,-0.031199179203312527,2.2997835971460456,231,0.06722926930796083,0.14092028878398402
2019-06-04 00:00:00-04:00,71.7994989722642,72.91301479626446,71.48771590081638,72.88629150390625,4058300,0.0,0.0,0.05280829015544042,6.083607,0.0016,0.098500006,0.34451,0.06216,0.356,142027210752,0.181,29.523,12943287296,0.315,0.227,0.45,0.2202793529903911,-0.018757948025446166,1.0263519566298853,1.3765822818332791,-0.2290778130332124,0.013989854859610228,0.2309555732143903,0.18470131281221994,0.0025201104082715037,0.0006057380456292723,-0.031199179203312527,2.2997835971460456,231,0.06722926930796083,0.14092028878398402
2019-06-05 00:00:00-04:00,72.93972523133418,74.45411056284634,72.88627865603894,74.24031066894531,3922200,0.0,0.0,0.05280829015544042,6.083607,0.0016,0.098500006,0.34451,0.06216,0.356,142027210752,0.181,29.523,12943287296,0.315,0.227,0.45,0.2202793529903911,-0.018757948025446166,1.0263519566298853,1.3765822818332791,-0.2290778130332124,0.013989854859610228,0.2309555732143903,0.18470131281221994,0.0025201104082715037,0.0006057380456292723,-0.031199179203312527,2.2997835971460456,231,0.06722926930796083,0.14092028878398402
2019-06-06 00:00:00-04:00,74.24923525627884,74.39176854682849,73.61675907127781,74.07107543945312,2602800,0.0,0.0,0.05280829015544042,6.083607,0.0016,0.098500006,0.34451,0.06216,0.356,142027210752,0.181,29.523,12943287296,0.315,0.227,0.45,0.2202793529903911,-0.018757948025446166,1.0263519566298853,1.3765822818332791,-0.2290778130332124,0.013989854859610228,0.2309555732143903,0.18470131281221994,0.0025201104082715037,0.0006057380456292723,-0.031199179203312527,2.2997835971460456,231,0.06722926930796083,0.14092028878398402
2019-06-07 00:00:00-04:00,74.24923773749468,75.09551388660053,73.97308797327824,74.0978012084961,2059700,0.0,0.0,0.05280829015544042,6.083607,0.0016,0.098500006,0.34451,0.06216,0.356,142027210752,0.181,29.523,12943287296,0.315,0.227,0.45,0.2202793529903911,-0.018757948025446166,1.0263519566298853,1.3765822818332791,-0.2290778130332124,0.013989854859610228,0.2309555732143903,0.18470131281221994,0.0025201104082715037,0.0006057380456292723,-0.031199179203312527,2.2997835971460456,231,0.06722926930796083,0.14092028878398402
2019-06-10 00:00:00-04:00,74.32940068771762,74.47192716034635,73.36732151112238,73.57220458984375,2111600,0.0,0.0,0.05280829015544042,6.083607,0.0016,0.098500006,0.34451,0.06216,0.356,142027210752,0.181,29.523,12943287296,0.315,0.227,0.45,0.2202793529903911,-0.018757948025446166,1.0263519566298853,1.3765822818332791,-0.2290778130332124,0.013989854859610228,0.2309555732143903,0.18470131281221994,0.0025201104082715037,0.0006057380456292723,-0.031199179203312527,2.2997835971460456,231,0.06722926930796083,0.14092028878398402
2019-06-11 00:00:00-04:00,74.16013505054,74.4362847299472,73.32276918864781,73.55438232421875,2124200,0.0,0.0,0.05280829015544042,6.083607,0.0016,0.098500006,0.34451,0.06216,0.356,142027210752,0.181,29.523,12943287296,0.315,0.227,0.45,0.2202793529903911,-0.018757948025446166,1.0263519566298853,1.3765822818332791,-0.2290778130332124,0.013989854859610228,0.2309555732143903,0.18470131281221994,0.0025201104082715037,0.0006057380456292723,-0.031199179203312527,2.2997835971460456,231,0.06722926930796083,0.14092028878398402
2019-06-12 00:00:00-04:00,73.92854144026609,73.93745146993037,71.959846258859,72.2716293334961,2914700,0.0,0.0,0.05280829015544042,6.083607,0.0016,0.098500006,0.34451,0.06216,0.356,142027210752,0.181,29.523,12943287296,0.315,0.227,0.45,0.2202793529903911,-0.018757948025446166,1.0263519566298853,1.3765822818332791,-0.2290778130332124,0.013989854859610228,0.2309555732143903,0.18470131281221994,0.0025201104082715037,0.0006057380456292723,-0.031199179203312527,2.2997835971460456,231,0.06722926930796083,0.14092028878398402
2019-06-13 00:00:00-04:00,72.44087714216585,73.04662995511143,72.16472742326846,72.72593688964844,1801800,0.0,0.0,0.05280829015544042,6.083607,0.0016,0.098500006,0.34451,0.06216,0.356,142027210752,0.181,29.523,12943287296,0.315,0.227,0.45,0.2202793529903911,-0.018757948025446166,1.0263519566298853,1.3765822818332791,-0.2290778130332124,0.013989854859610228,0.2309555732143903,0.18470131281221994,0.0025201104082715037,0.0006057380456292723,-0.031199179203312527,2.2997835971460456,231,0.06722926930796083,0.14092028878398402
2019-06-14 00:00:00-04:00,72.54779717646544,73.19808671960847,72.20928396013562,73.01101684570312,1991900,0.0,0.0,0.05280829015544042,6.083607,0.0016,0.098500006,0.34451,0.06216,0.356,142027210752,0.181,29.523,12943287296,0.315,0.227,0.45,0.2202793529903911,-0.018757948025446166,1.0263519566298853,1.3765822818332791,-0.2290778130332124,0.013989854859610228,0.2309555732143903,0.18470131281221994,0.0025201104082715037,0.0006057380456292723,-0.031199179203312527,2.2997835971460456,231,0.06722926930796083,0.14092028878398402
2019-06-17 00:00:00-04:00,73.25151937800293,73.34059927421863,72.45868995151005,72.56558990478516,2082500,0.0,0.0,0.05280829015544042,6.083607,0.0016,0.098500006,0.34451,0.06216,0.356,142027210752,0.181,29.523,12943287296,0.315,0.227,0.45,0.2202793529903911,-0.018757948025446166,1.0263519566298853,1.3765822818332791,-0.2290778130332124,0.013989854859610228,0.2309555732143903,0.18470131281221994,0.0025201104082715037,0.0006057380456292723,-0.031199179203312527,2.2997835971460456,231,0.06722926930796083,0.14092028878398402
2019-06-18 00:00:00-04:00,72.83283297770198,72.89518958176772,72.2627135129981,72.44978332519531,1730700,0.0,0.0,0.05280829015544042,6.083607,0.0016,0.098500006,0.34451,0.06216,0.356,142027210752,0.181,29.523,12943287296,0.315,0.227,0.45,0.2202793529903911,-0.018757948025446166,1.0263519566298853,1.3765822818332791,-0.2290778130332124,0.013989854859610228,0.2309555732143903,0.18470131281221994,0.0025201104082715037,0.0006057380456292723,-0.031199179203312527,2.2997835971460456,231,0.06722926930796083,0.14092028878398402
2019-06-19 00:00:00-04:00,72.49433222650089,73.02882526255667,72.23599573810361,72.81502532958984,1696200,0.0,0.0,0.05280829015544042,6.083607,0.0016,0.098500006,0.34451,0.06216,0.356,142027210752,0.181,29.523,12943287296,0.315,0.227,0.45,0.2202793529903911,-0.018757948025446166,1.0263519566298853,1.3765822818332791,-0.2290778130332124,0.013989854859610228,0.2309555732143903,0.18470131281221994,0.0025201104082715037,0.0006057380456292723,-0.031199179203312527,2.2997835971460456,231,0.06722926930796083,0.14092028878398402
2019-06-20 00:00:00-04:00,73.09118609938116,73.37624589677554,72.41416653193389,72.93083953857422,2698000,0.0,0.0,0.05280829015544042,6.083607,0.0016,0.098500006,0.34451,0.06216,0.356,142027210752,0.181,29.523,12943287296,0.315,0.227,0.45,0.2202793529903911,-0.018757948025446166,1.0263519566298853,1.3765822818332791,-0.2290778130332124,0.013989854859610228,0.2309555732143903,0.18470131281221994,0.0025201104082715037,0.0006057380456292723,-0.031199179203312527,2.2997835971460456,231,0.06722926930796083,0.14092028878398402
2019-06-21 00:00:00-04:00,73.04663538665802,73.40296179659684,71.37191009521484,71.37191009521484,5146800,0.0,0.0,0.05280829015544042,6.083607,0.0016,0.098500006,0.34451,0.06216,0.356,142027210752,0.181,29.523,12943287296,0.315,0.227,0.45,0.2202793529903911,-0.018757948025446166,1.0263519566298853,1.3765822818332791,-0.2290778130332124,0.013989854859610228,0.2309555732143903,0.18470131281221994,0.0025201104082715037,0.0006057380456292723,-0.031199179203312527,2.2997835971460456,231,0.06722926930796083,0.14092028878398402
2019-06-24 00:00:00-04:00,71.75495755738997,72.14691047936672,71.53225440767288,71.58570098876953,2266900,0.0,0.0,0.05280829015544042,6.083607,0.0016,0.098500006,0.34451,0.06216,0.356,142027210752,0.181,29.523,12943287296,0.315,0.227,0.45,0.2202793529903911,-0.018757948025446166,1.0263519566298853,1.3765822818332791,-0.2290778130332124,0.013989854859610228,0.2309555732143903,0.18470131281221994,0.0025201104082715037,0.0006057380456292723,-0.031199179203312527,2.2997835971460456,231,0.06722926930796083,0.14092028878398402
2019-06-25 00:00:00-04:00,71.60352062868097,71.77277721237851,70.79288462560814,70.87305450439453,3015400,0.0,0.0,0.05280829015544042,6.083607,0.0016,0.098500006,0.34451,0.06216,0.356,142027210752,0.181,29.523,12943287296,0.315,0.227,0.45,0.2202793529903911,-0.018757948025446166,1.0263519566298853,1.3765822818332791,-0.2290778130332124,0.013989854859610228,0.2309555732143903,0.18470131281221994,0.0025201104082715037,0.0006057380456292723,-0.031199179203312527,2.2997835971460456,231,0.06722926930796083,0.14092028878398402
2019-06-26 00:00:00-04:00,71.17594151545998,71.6213478994161,69.92880228111044,70.00897216796875,3561100,0.0,0.0,0.05280829015544042,6.083607,0.0016,0.098500006,0.34451,0.06216,0.356,142027210752,0.181,29.523,12943287296,0.315,0.227,0.45,0.2202793529903911,-0.018757948025446166,1.0263519566298853,1.3765822818332791,-0.2290778130332124,0.013989854859610228,0.2309555732143903,0.18470131281221994,0.0025201104082715037,0.0006057380456292723,-0.031199179203312527,2.2997835971460456,231,0.06722926930796083,0.14092028878398402
2019-06-27 00:00:00-04:00,70.43656994346502,71.12249282970389,70.11587678210691,70.98887634277344,2783500,0.0,0.0,0.05280829015544042,6.083607,0.0016,0.098500006,0.34451,0.06216,0.356,142027210752,0.181,29.523,12943287296,0.315,0.227,0.45,0.2202793529903911,-0.018757948025446166,1.0263519566298853,1.3765822818332791,-0.2290778130332124,0.013989854859610228,0.2309555732143903,0.18470131281221994,0.0025201104082715037,0.0006057380456292723,-0.031199179203312527,2.2997835971460456,231,0.06722926930796083,0.14092028878398402
2019-06-28 00:00:00-04:00,71.37192384283239,71.69261699391295,70.82852749218823,71.20266723632812,7799600,0.0,0.0,0.05280829015544042,6.083607,0.0016,0.098500006,0.34451,0.06216,0.356,142027210752,0.181,29.523,12943287296,0.315,0.227,0.45,0.2202793529903911,-0.018757948025446166,1.0263519566298853,1.3765822818332791,-0.2290778130332124,0.013989854859610228,0.2309555732143903,0.18470131281221994,0.0025201104082715037,0.0006057380456292723,-0.031199179203312527,2.2997835971460456,231,0.06722926930796083,0.14092028878398402
2019-07-01 00:00:00-04:00,72.1023728139015,72.85956215197562,71.33627344699525,72.82392883300781,2526000,0.0,0.0,0.05280829015544042,6.083607,0.0016,0.098500006,0.34451,0.06216,0.356,142027210752,0.181,29.523,12943287296,0.315,0.227,0.45,0.2202793529903911,-0.018757948025446166,1.0263519566298853,1.3765822818332791,-0.2290778130332124,0.013989854859610228,0.2309555732143903,0.18470131281221994,0.0025201104082715037,0.0006057380456292723,-0.031199179203312527,2.2997835971460456,231,0.06722926930796083,0.14092028878398402
2019-07-02 00:00:00-04:00,72.77048337415708,74.15123882454417,72.77048337415708,73.61675262451172,2524000,0.0,0.0,0.05280829015544042,6.083607,0.0016,0.098500006,0.34451,0.06216,0.356,142027210752,0.181,29.523,12943287296,0.315,0.227,0.45,0.2202793529903911,-0.018757948025446166,1.0263519566298853,1.3765822818332791,-0.2290778130332124,0.013989854859610228,0.2309555732143903,0.18470131281221994,0.0025201104082715037,0.0006057380456292723,-0.031199179203312527,2.2997835971460456,231,0.06722926930796083,0.14092028878398402
2019-07-03 00:00:00-04:00,73.91109864724302,74.84758124250452,73.82190399613539,74.60677337646484,1678400,0.1,0.0,0.05280829015544042,6.083607,0.0016,0.098500006,0.34451,0.06216,0.356,142027210752,0.181,29.523,12943287296,0.315,0.227,0.45,0.2202793529903911,-0.018757948025446166,1.0263519566298853,1.3765822818332791,-0.2290778130332124,0.013989854859610228,0.2309555732143903,0.18470131281221994,0.0025201104082715037,0.0006057380456292723,-0.031199179203312527,2.2997835971460456,231,0.06722926930796083,0.14092028878398402
2019-07-05 00:00:00-04:00,74.58893720618389,75.09731545371575,74.26785549146933,74.91001892089844,1875800,0.0,0.0,0.05280829015544042,6.083607,0.0016,0.098500006,0.34451,0.06216,0.356,142027210752,0.181,29.523,12943287296,0.315,0.227,0.45,0.2202793529903911,-0.018757948025446166,1.0263519566298853,1.3765822818332791,-0.2290778130332124,0.013989854859610228,0.2309555732143903,0.18470131281221994,0.0025201104082715037,0.0006057380456292723,-0.031199179203312527,2.2997835971460456,231,0.06722926930796083,0.14092028878398402
2019-07-08 00:00:00-04:00,74.77621997925004,75.0527111188524,74.43730347812597,74.58000946044922,2017800,0.0,0.0,0.05280829015544042,6.083607,0.0016,0.098500006,0.34451,0.06216,0.356,142027210752,0.181,29.523,12943287296,0.315,0.227,0.45,0.2202793529903911,-0.018757948025446166,1.0263519566298853,1.3765822818332791,-0.2290778130332124,0.013989854859610228,0.2309555732143903,0.18470131281221994,0.0025201104082715037,0.0006057380456292723,-0.031199179203312527,2.2997835971460456,231,0.06722926930796083,0.14092028878398402
2019-07-09 00:00:00-04:00,74.3213616292865,74.83866061985725,73.90217130260316,74.45514678955078,1962300,0.0,0.0,0.05280829015544042,6.083607,0.0016,0.098500006,0.34451,0.06216,0.356,142027210752,0.181,29.523,12943287296,0.315,0.227,0.45,0.2202793529903911,-0.018757948025446166,1.0263519566298853,1.3765822818332791,-0.2290778130332124,0.013989854859610228,0.2309555732143903,0.18470131281221994,0.0025201104082715037,0.0006057380456292723,-0.031199179203312527,2.2997835971460456,231,0.06722926930796083,0.14092028878398402
2019-07-10 00:00:00-04:00,74.58000699638212,74.9991904952667,73.84865587262817,74.4105453491211,2336800,0.0,0.0,0.05280829015544042,6.083607,0.0016,0.098500006,0.34451,0.06216,0.356,142027210752,0.181,29.523,12943287296,0.315,0.227,0.45,0.2202793529903911,-0.018757948025446166,1.0263519566298853,1.3765822818332791,-0.2290778130332124,0.013989854859610228,0.2309555732143903,0.18470131281221994,0.0025201104082715037,0.0006057380456292723,-0.031199179203312527,2.2997835971460456,231,0.06722926930796083,0.14092028878398402
2019-07-11 00:00:00-04:00,74.4016045844669,74.79403911312042,73.71485096391693,74.69593048095703,1557300,0.0,0.0,0.05280829015544042,6.083607,0.0016,0.098500006,0.34451,0.06216,0.356,142027210752,0.181,29.523,12943287296,0.315,0.227,0.45,0.2202793529903911,-0.018757948025446166,1.0263519566298853,1.3765822818332791,-0.2290778130332124,0.013989854859610228,0.2309555732143903,0.18470131281221994,0.0025201104082715037,0.0006057380456292723,-0.031199179203312527,2.2997835971460456,231,0.06722926930796083,0.14092028878398402
2019-07-12 00:00:00-04:00,75.0170331203185,75.28460342951598,74.26784033732292,75.26676177978516,1418400,0.0,0.0,0.05280829015544042,6.083607,0.0016,0.098500006,0.34451,0.06216,0.356,142027210752,0.181,29.523,12943287296,0.315,0.227,0.45,0.2202793529903911,-0.018757948025446166,1.0263519566298853,1.3765822818332791,-0.2290778130332124,0.013989854859610228,0.2309555732143903,0.18470131281221994,0.0025201104082715037,0.0006057380456292723,-0.031199179203312527,2.2997835971460456,231,0.06722926930796083,0.14092028878398402
2019-07-15 00:00:00-04:00,75.3559315920528,75.77512180072806,74.73161009270282,74.89215087890625,2158900,0.0,0.0,0.05280829015544042,6.083607,0.0016,0.098500006,0.34451,0.06216,0.356,142027210752,0.181,29.523,12943287296,0.315,0.227,0.45,0.2202793529903911,-0.018757948025446166,1.0263519566298853,1.3765822818332791,-0.2290778130332124,0.013989854859610228,0.2309555732143903,0.18470131281221994,0.0025201104082715037,0.0006057380456292723,-0.031199179203312527,2.2997835971460456,231,0.06722926930796083,0.14092028878398402
2019-07-16 00:00:00-04:00,75.11513539809046,75.27567620904989,74.63351296521215,75.02594757080078,3254200,0.0,0.0,0.05280829015544042,6.083607,0.0016,0.098500006,0.34451,0.06216,0.356,142027210752,0.181,29.523,12943287296,0.315,0.227,0.45,0.2202793529903911,-0.018757948025446166,1.0263519566298853,1.3765822818332791,-0.2290778130332124,0.013989854859610228,0.2309555732143903,0.18470131281221994,0.0025201104082715037,0.0006057380456292723,-0.031199179203312527,2.2997835971460456,231,0.06722926930796083,0.14092028878398402
2019-07-17 00:00:00-04:00,73.13513998417423,73.33135730213536,71.22649175334514,71.52973175048828,6544100,0.0,0.0,0.05280829015544042,6.083607,0.0016,0.098500006,0.34451,0.06216,0.356,142027210752,0.181,29.523,12943287296,0.315,0.227,0.45,0.2202793529903911,-0.018757948025446166,1.0263519566298853,1.3765822818332791,-0.2290778130332124,0.013989854859610228,0.2309555732143903,0.18470131281221994,0.0025201104082715037,0.0006057380456292723,-0.031199179203312527,2.2997835971460456,231,0.06722926930796083,0.14092028878398402
2019-07-18 00:00:00-04:00,71.39594826117484,72.41270446777344,71.22648662521006,72.41270446777344,3402900,0.0,0.0,0.05280829015544042,6.083607,0.0016,0.098500006,0.34451,0.06216,0.356,142027210752,0.181,29.523,12943287296,0.315,0.227,0.45,0.2202793529903911,-0.018757948025446166,1.0263519566298853,1.3765822818332791,-0.2290778130332124,0.013989854859610228,0.2309555732143903,0.18470131281221994,0.0025201104082715037,0.0006057380456292723,-0.031199179203312527,2.2997835971460456,231,0.06722926930796083,0.14092028878398402
2019-07-19 00:00:00-04:00,72.48405357433987,72.55540656126912,71.3067565083886,71.3335189819336,3127200,0.0,0.0,0.05280829015544042,6.083607,0.0016,0.098500006,0.34451,0.06216,0.356,142027210752,0.181,29.523,12943287296,0.315,0.227,0.45,0.2202793529903911,-0.018757948025446166,1.0263519566298853,1.3765822818332791,-0.2290778130332124,0.013989854859610228,0.2309555732143903,0.18470131281221994,0.0025201104082715037,0.0006057380456292723,-0.031199179203312527,2.2997835971460456,231,0.06722926930796083,0.14092028878398402
2019-07-22 00:00:00-04:00,71.3781294242014,72.84083204166315,71.30677641735028,72.26110076904297,3037500,0.0,0.0,0.05280829015544042,6.083607,0.0016,0.098500006,0.34451,0.06216,0.356,142027210752,0.181,29.523,12943287296,0.315,0.227,0.45,0.2202793529903911,-0.018757948025446166,1.0263519566298853,1.3765822818332791,-0.2290778130332124,0.013989854859610228,0.2309555732143903,0.18470131281221994,0.0025201104082715037,0.0006057380456292723,-0.031199179203312527,2.2997835971460456,231,0.06722926930796083,0.14092028878398402
2019-07-23 00:00:00-04:00,72.04703214118071,72.18081729740175,71.03027584125392,71.85081481933594,2887200,0.0,0.0,0.05280829015544042,6.083607,0.0016,0.098500006,0.34451,0.06216,0.356,142027210752,0.181,29.523,12943287296,0.315,0.227,0.45,0.2202793529903911,-0.018757948025446166,1.0263519566298853,1.3765822818332791,-0.2290778130332124,0.013989854859610228,0.2309555732143903,0.18470131281221994,0.0025201104082715037,0.0006057380456292723,-0.031199179203312527,2.2997835971460456,231,0.06722926930796083,0.14092028878398402
2019-07-24 00:00:00-04:00,71.8508311865449,72.3324537758941,70.93218333827777,72.26110076904297,2227900,0.0,0.0,0.05280829015544042,6.083607,0.0016,0.098500006,0.34451,0.06216,0.356,142027210752,0.181,29.523,12943287296,0.315,0.227,0.45,0.2202793529903911,-0.018757948025446166,1.0263519566298853,1.3765822818332791,-0.2290778130332124,0.013989854859610228,0.2309555732143903,0.18470131281221994,0.0025201104082715037,0.0006057380456292723,-0.031199179203312527,2.2997835971460456,231,0.06722926930796083,0.14092028878398402
2019-07-25 00:00:00-04:00,70.9143203728289,72.85864480875614,70.81621172845593,72.40377807617188,1951200,0.0,0.0,0.05280829015544042,6.083607,0.0016,0.098500006,0.34451,0.06216,0.356,142027210752,0.181,29.523,12943287296,0.315,0.227,0.45,0.2202793529903911,-0.018757948025446166,1.0263519566298853,1.3765822818332791,-0.2290778130332124,0.013989854859610228,0.2309555732143903,0.18470131281221994,0.0025201104082715037,0.0006057380456292723,-0.031199179203312527,2.2997835971460456,231,0.06722926930796083,0.14092028878398402
2019-07-26 00:00:00-04:00,72.35028438987791,72.90325309710273,71.9846053890133,72.8675765991211,1273200,0.0,0.0,0.05280829015544042,6.083607,0.0016,0.098500006,0.34451,0.06216,0.356,142027210752,0.181,29.523,12943287296,0.315,0.227,0.45,0.2202793529903911,-0.018757948025446166,1.0263519566298853,1.3765822818332791,-0.2290778130332124,0.013989854859610228,0.2309555732143903,0.18470131281221994,0.0025201104082715037,0.0006057380456292723,-0.031199179203312527,2.2997835971460456,231,0.06722926930796083,0.14092028878398402
2019-07-29 00:00:00-04:00,73.01029056284554,73.49191313129039,72.07380110121441,72.42163848876953,2015500,0.0,0.0,0.05280829015544042,6.083607,0.0016,0.098500006,0.34451,0.06216,0.356,142027210752,0.181,29.523,12943287296,0.315,0.227,0.45,0.2202793529903911,-0.018757948025446166,1.0263519566298853,1.3765822818332791,-0.2290778130332124,0.013989854859610228,0.2309555732143903,0.18470131281221994,0.0025201104082715037,0.0006057380456292723,-0.031199179203312527,2.2997835971460456,231,0.06722926930796083,0.14092028878398402
2019-07-30 00:00:00-04:00,72.16297871970858,72.60000385647128,71.86865275216427,71.9845962524414,1315400,0.0,0.0,0.05280829015544042,6.083607,0.0016,0.098500006,0.34451,0.06216,0.356,142027210752,0.181,29.523,12943287296,0.315,0.227,0.45,0.2202793529903911,-0.018757948025446166,1.0263519566298853,1.3765822818332791,-0.2290778130332124,0.013989854859610228,0.2309555732143903,0.18470131281221994,0.0025201104082715037,0.0006057380456292723,-0.031199179203312527,2.2997835971460456,231,0.06722926930796083,0.14092028878398402
2019-07-31 00:00:00-04:00,72.35028242807219,72.93000679191474,71.77947208503618,72.22541809082031,2453900,0.0,0.0,0.05280829015544042,6.083607,0.0016,0.098500006,0.34451,0.06216,0.356,142027210752,0.181,29.523,12943287296,0.315,0.227,0.45,0.2202793529903911,-0.018757948025446166,1.0263519566298853,1.3765822818332791,-0.2290778130332124,0.013989854859610228,0.2309555732143903,0.18470131281221994,0.0025201104082715037,0.0006057380456292723,-0.031199179203312527,2.2997835971460456,231,0.06722926930796083,0.14092028878398402
2019-08-01 00:00:00-04:00,72.24323636390992,72.45728849229431,71.32458889147433,71.4583740234375,2608000,0.0,0.0,0.05280829015544042,6.083607,0.0016,0.098500006,0.34451,0.06216,0.356,142027210752,0.181,29.523,12943287296,0.315,0.227,0.45,0.2202793529903911,-0.018757948025446166,1.0263519566298853,1.3765822818332791,-0.2290778130332124,0.013989854859610228,0.2309555732143903,0.18470131281221994,0.0025201104082715037,0.0006057380456292723,-0.031199179203312527,2.2997835971460456,231,0.06722926930796083,0.14092028878398402
2019-08-02 00:00:00-04:00,71.46730189096009,71.97568004725686,70.86973589760343,71.1373062133789,1648800,0.0,0.0,0.05280829015544042,6.083607,0.0016,0.098500006,0.34451,0.06216,0.356,142027210752,0.181,29.523,12943287296,0.315,0.227,0.45,0.2202793529903911,-0.018757948025446166,1.0263519566298853,1.3765822818332791,-0.2290778130332124,0.013989854859610228,0.2309555732143903,0.18470131281221994,0.0025201104082715037,0.0006057380456292723,-0.031199179203312527,2.2997835971460456,231,0.06722926930796083,0.14092028878398402
2019-08-05 00:00:00-04:00,70.25433351102424,70.70027953428847,68.70244325535168,68.97892761230469,2660500,0.0,0.0,0.05280829015544042,6.083607,0.0016,0.098500006,0.34451,0.06216,0.356,142027210752,0.181,29.523,12943287296,0.315,0.227,0.45,0.2202793529903911,-0.018757948025446166,1.0263519566298853,1.3765822818332791,-0.2290778130332124,0.013989854859610228,0.2309555732143903,0.18470131281221994,0.0025201104082715037,0.0006057380456292723,-0.031199179203312527,2.2997835971460456,231,0.06722926930796083,0.14092028878398402
2019-08-06 00:00:00-04:00,69.12163086238147,70.96784705323155,68.8183908448042,70.95001220703125,2303500,0.0,0.0,0.05280829015544042,6.083607,0.0016,0.098500006,0.34451,0.06216,0.356,142027210752,0.181,29.523,12943287296,0.315,0.227,0.45,0.2202793529903911,-0.018757948025446166,1.0263519566298853,1.3765822818332791,-0.2290778130332124,0.013989854859610228,0.2309555732143903,0.18470131281221994,0.0025201104082715037,0.0006057380456292723,-0.031199179203312527,2.2997835971460456,231,0.06722926930796083,0.14092028878398402
2019-08-07 00:00:00-04:00,70.20973598988472,70.64676114381496,68.87189805350611,69.98676300048828,2368100,0.0,0.0,0.05280829015544042,6.083607,0.0016,0.098500006,0.34451,0.06216,0.356,142027210752,0.181,29.523,12943287296,0.315,0.227,0.45,0.2202793529903911,-0.018757948025446166,1.0263519566298853,1.3765822818332791,-0.2290778130332124,0.013989854859610228,0.2309555732143903,0.18470131281221994,0.0025201104082715037,0.0006057380456292723,-0.031199179203312527,2.2997835971460456,231,0.06722926930796083,0.14092028878398402
2019-08-08 00:00:00-04:00,70.33460124979275,71.39595487082737,69.77271175873686,71.19973754882812,2641000,0.0,0.0,0.05280829015544042,6.083607,0.0016,0.098500006,0.34451,0.06216,0.356,142027210752,0.181,29.523,12943287296,0.315,0.227,0.45,0.2202793529903911,-0.018757948025446166,1.0263519566298853,1.3765822818332791,-0.2290778130332124,0.013989854859610228,0.2309555732143903,0.18470131281221994,0.0025201104082715037,0.0006057380456292723,-0.031199179203312527,2.2997835971460456,231,0.06722926930796083,0.14092028878398402
2019-08-09 00:00:00-04:00,71.20864252286556,72.34134899065461,71.01243203038861,71.88648223876953,2636400,0.0,0.0,0.05280829015544042,6.083607,0.0016,0.098500006,0.34451,0.06216,0.356,142027210752,0.181,29.523,12943287296,0.315,0.227,0.45,0.2202793529903911,-0.018757948025446166,1.0263519566298853,1.3765822818332791,-0.2290778130332124,0.013989854859610228,0.2309555732143903,0.18470131281221994,0.0025201104082715037,0.0006057380456292723,-0.031199179203312527,2.2997835971460456,231,0.06722926930796083,0.14092028878398402
2019-08-12 00:00:00-04:00,71.61892226937692,72.07378223892573,70.02243495232618,70.477294921875,2081800,0.0,0.0,0.05280829015544042,6.083607,0.0016,0.098500006,0.34451,0.06216,0.356,142027210752,0.181,29.523,12943287296,0.315,0.227,0.45,0.2202793529903911,-0.018757948025446166,1.0263519566298853,1.3765822818332791,-0.2290778130332124,0.013989854859610228,0.2309555732143903,0.18470131281221994,0.0025201104082715037,0.0006057380456292723,-0.031199179203312527,2.2997835971460456,231,0.06722926930796083,0.14092028878398402
2019-08-13 00:00:00-04:00,70.08487322720383,71.36919304771811,69.93325322412716,70.86973571777344,3192600,0.0,0.0,0.05280829015544042,6.083607,0.0016,0.098500006,0.34451,0.06216,0.356,142027210752,0.181,29.523,12943287296,0.315,0.227,0.45,0.2202793529903911,-0.018757948025446166,1.0263519566298853,1.3765822818332791,-0.2290778130332124,0.013989854859610228,0.2309555732143903,0.18470131281221994,0.0025201104082715037,0.0006057380456292723,-0.031199179203312527,2.2997835971460456,231,0.06722926930796083,0.14092028878398402
2019-08-14 00:00:00-04:00,69.56757182361099,70.77162459040822,66.96324897306079,67.40919494628906,5660100,0.0,0.0,0.05280829015544042,6.083607,0.0016,0.098500006,0.34451,0.06216,0.356,142027210752,0.181,29.523,12943287296,0.315,0.227,0.45,0.2202793529903911,-0.018757948025446166,1.0263519566298853,1.3765822818332791,-0.2290778130332124,0.013989854859610228,0.2309555732143903,0.18470131281221994,0.0025201104082715037,0.0006057380456292723,-0.031199179203312527,2.2997835971460456,231,0.06722926930796083,0.14092028878398402
2019-08-15 00:00:00-04:00,67.63216866633508,68.91648845603525,67.01676103913574,68.71135711669922,2957300,0.0,0.0,0.05280829015544042,6.083607,0.0016,0.098500006,0.34451,0.06216,0.356,142027210752,0.181,29.523,12943287296,0.315,0.227,0.45,0.2202793529903911,-0.018757948025446166,1.0263519566298853,1.3765822818332791,-0.2290778130332124,0.013989854859610228,0.2309555732143903,0.18470131281221994,0.0025201104082715037,0.0006057380456292723,-0.031199179203312527,2.2997835971460456,231,0.06722926930796083,0.14092028878398402
2019-08-16 00:00:00-04:00,69.24648656191589,69.63000035104588,68.80054061197846,69.11270141601562,1894100,0.0,0.0,0.05280829015544042,6.083607,0.0016,0.098500006,0.34451,0.06216,0.356,142027210752,0.181,29.523,12943287296,0.315,0.227,0.45,0.2202793529903911,-0.018757948025446166,1.0263519566298853,1.3765822818332791,-0.2290778130332124,0.013989854859610228,0.2309555732143903,0.18470131281221994,0.0025201104082715037,0.0006057380456292723,-0.031199179203312527,2.2997835971460456,231,0.06722926930796083,0.14092028878398402
2019-08-19 00:00:00-04:00,70.21866351976605,70.21866351976605,69.45163581863297,69.48731231689453,1588700,0.0,0.0,0.05280829015544042,6.083607,0.0016,0.098500006,0.34451,0.06216,0.356,142027210752,0.181,29.523,12943287296,0.315,0.227,0.45,0.2202793529903911,-0.018757948025446166,1.0263519566298853,1.3765822818332791,-0.2290778130332124,0.013989854859610228,0.2309555732143903,0.18470131281221994,0.0025201104082715037,0.0006057380456292723,-0.031199179203312527,2.2997835971460456,231,0.06722926930796083,0.14092028878398402
2019-08-20 00:00:00-04:00,69.3445945945946,69.3445945945946,68.37243569863809,68.43486785888672,2824700,0.0,0.0,0.05280829015544042,6.083607,0.0016,0.098500006,0.34451,0.06216,0.356,142027210752,0.181,29.523,12943287296,0.315,0.227,0.45,0.2202793529903911,-0.018757948025446166,1.0263519566298853,1.3765822818332791,-0.2290778130332124,0.013989854859610228,0.2309555732143903,0.18470131281221994,0.0025201104082715037,0.0006057380456292723,-0.031199179203312527,2.2997835971460456,231,0.06722926930796083,0.14092028878398402
2019-08-21 00:00:00-04:00,69.0859517414472,69.27324824011879,68.69351709398535,68.94325256347656,1523900,0.0,0.0,0.05280829015544042,6.083607,0.0016,0.098500006,0.34451,0.06216,0.356,142027210752,0.181,29.523,12943287296,0.315,0.227,0.45,0.2202793529903911,-0.018757948025446166,1.0263519566298853,1.3765822818332791,-0.2290778130332124,0.013989854859610228,0.2309555732143903,0.18470131281221994,0.0025201104082715037,0.0006057380456292723,-0.031199179203312527,2.2997835971460456,231,0.06722926930796083,0.14092028878398402
2019-08-22 00:00:00-04:00,69.17513856045726,69.70135835768374,68.41703175186584,68.73811340332031,2328700,0.0,0.0,0.05280829015544042,6.083607,0.0016,0.098500006,0.34451,0.06216,0.356,142027210752,0.181,29.523,12943287296,0.315,0.227,0.45,0.2202793529903911,-0.018757948025446166,1.0263519566298853,1.3765822818332791,-0.2290778130332124,0.013989854859610228,0.2309555732143903,0.18470131281221994,0.0025201104082715037,0.0006057380456292723,-0.031199179203312527,2.2997835971460456,231,0.06722926930796083,0.14092028878398402
2019-08-23 00:00:00-04:00,68.64001058642351,69.54082345217051,66.59757699813584,67.02568817138672,2249400,0.0,0.0,0.05280829015544042,6.083607,0.0016,0.098500006,0.34451,0.06216,0.356,142027210752,0.181,29.523,12943287296,0.315,0.227,0.45,0.2202793529903911,-0.018757948025446166,1.0263519566298853,1.3765822818332791,-0.2290778130332124,0.013989854859610228,0.2309555732143903,0.18470131281221994,0.0025201104082715037,0.0006057380456292723,-0.031199179203312527,2.2997835971460456,231,0.06722926930796083,0.14092028878398402
2019-08-26 00:00:00-04:00,67.45378298024582,67.69459760750665,66.60648838410953,67.59648895263672,1844900,0.0,0.0,0.05280829015544042,6.083607,0.0016,0.098500006,0.34451,0.06216,0.356,142027210752,0.181,29.523,12943287296,0.315,0.227,0.45,0.2202793529903911,-0.018757948025446166,1.0263519566298853,1.3765822818332791,-0.2290778130332124,0.013989854859610228,0.2309555732143903,0.18470131281221994,0.0025201104082715037,0.0006057380456292723,-0.031199179203312527,2.2997835971460456,231,0.06722926930796083,0.14092028878398402
2019-08-27 00:00:00-04:00,67.99786026017223,68.2029984627216,66.85623931884766,66.85623931884766,2315100,0.0,0.0,0.05280829015544042,6.083607,0.0016,0.098500006,0.34451,0.06216,0.356,142027210752,0.181,29.523,12943287296,0.315,0.227,0.45,0.2202793529903911,-0.018757948025446166,1.0263519566298853,1.3765822818332791,-0.2290778130332124,0.013989854859610228,0.2309555732143903,0.18470131281221994,0.0025201104082715037,0.0006057380456292723,-0.031199179203312527,2.2997835971460456,231,0.06722926930796083,0.14092028878398402
2019-08-28 00:00:00-04:00,66.61541642933452,67.10595295226072,66.24973743889139,66.76703643798828,1621100,0.0,0.0,0.05280829015544042,6.083607,0.0016,0.098500006,0.34451,0.06216,0.356,142027210752,0.181,29.523,12943287296,0.315,0.227,0.45,0.2202793529903911,-0.018757948025446166,1.0263519566298853,1.3765822818332791,-0.2290778130332124,0.013989854859610228,0.2309555732143903,0.18470131281221994,0.0025201104082715037,0.0006057380456292723,-0.031199179203312527,2.2997835971460456,231,0.06722926930796083,0.14092028878398402
2019-08-29 00:00:00-04:00,67.14162217138482,67.85513842414876,66.75810837632838,67.59648895263672,3338800,0.0,0.0,0.05280829015544042,6.083607,0.0016,0.098500006,0.34451,0.06216,0.356,142027210752,0.181,29.523,12943287296,0.315,0.227,0.45,0.2202793529903911,-0.018757948025446166,1.0263519566298853,1.3765822818332791,-0.2290778130332124,0.013989854859610228,0.2309555732143903,0.18470131281221994,0.0025201104082715037,0.0006057380456292723,-0.031199179203312527,2.2997835971460456,231,0.06722926930796083,0.14092028878398402
2019-08-30 00:00:00-04:00,68.20297364566328,68.49729960129501,67.10594363130639,67.60540771484375,1897100,0.0,0.0,0.05280829015544042,6.083607,0.0016,0.098500006,0.34451,0.06216,0.356,142027210752,0.181,29.523,12943287296,0.315,0.227,0.45,0.2202793529903911,-0.018757948025446166,1.0263519566298853,1.3765822818332791,-0.2290778130332124,0.013989854859610228,0.2309555732143903,0.18470131281221994,0.0025201104082715037,0.0006057380456292723,-0.031199179203312527,2.2997835971460456,231,0.06722926930796083,0.14092028878398402
2019-09-03 00:00:00-04:00,66.9900107848268,67.97109065496208,66.81163510101898,67.44487762451172,2024300,0.0,0.0,0.05280829015544042,6.083607,0.0016,0.098500006,0.34451,0.06216,0.356,142027210752,0.181,29.523,12943287296,0.315,0.227,0.45,0.2202793529903911,-0.018757948025446166,1.0263519566298853,1.3765822818332791,-0.2290778130332124,0.013989854859610228,0.2309555732143903,0.18470131281221994,0.0025201104082715037,0.0006057380456292723,-0.031199179203312527,2.2997835971460456,231,0.06722926930796083,0.14092028878398402
2019-09-04 00:00:00-04:00,67.76594976173885,68.15837757180542,67.5251351374345,68.01567840576172,1441700,0.0,0.0,0.05280829015544042,6.083607,0.0016,0.098500006,0.34451,0.06216,0.356,142027210752,0.181,29.523,12943287296,0.315,0.227,0.45,0.2202793529903911,-0.018757948025446166,1.0263519566298853,1.3765822818332791,-0.2290778130332124,0.013989854859610228,0.2309555732143903,0.18470131281221994,0.0025201104082715037,0.0006057380456292723,-0.031199179203312527,2.2997835971460456,231,0.06722926930796083,0.14092028878398402
2019-09-05 00:00:00-04:00,68.77379928705784,69.21082450385506,68.07812454880201,68.25650024414062,3631100,0.0,0.0,0.05280829015544042,6.083607,0.0016,0.098500006,0.34451,0.06216,0.356,142027210752,0.181,29.523,12943287296,0.315,0.227,0.45,0.2202793529903911,-0.018757948025446166,1.0263519566298853,1.3765822818332791,-0.2290778130332124,0.013989854859610228,0.2309555732143903,0.18470131281221994,0.0025201104082715037,0.0006057380456292723,-0.031199179203312527,2.2997835971460456,231,0.06722926930796083,0.14092028878398402
2019-09-06 00:00:00-04:00,68.43488380531142,69.44271942833686,68.26542212889423,69.02352905273438,2509300,0.0,0.0,0.05280829015544042,6.083607,0.0016,0.098500006,0.34451,0.06216,0.356,142027210752,0.181,29.523,12943287296,0.315,0.227,0.45,0.2202793529903911,-0.018757948025446166,1.0263519566298853,1.3765822818332791,-0.2290778130332124,0.013989854859610228,0.2309555732143903,0.18470131281221994,0.0025201104082715037,0.0006057380456292723,-0.031199179203312527,2.2997835971460456,231,0.06722926930796083,0.14092028878398402
2019-09-09 00:00:00-04:00,69.54972203763292,69.54972203763292,68.40809487555919,68.44377136230469,1738300,0.0,0.0,0.05280829015544042,6.083607,0.0016,0.098500006,0.34451,0.06216,0.356,142027210752,0.181,29.523,12943287296,0.315,0.227,0.45,0.2202793529903911,-0.018757948025446166,1.0263519566298853,1.3765822818332791,-0.2290778130332124,0.013989854859610228,0.2309555732143903,0.18470131281221994,0.0025201104082715037,0.0006057380456292723,-0.031199179203312527,2.2997835971460456,231,0.06722926930796083,0.14092028878398402
2019-09-10 00:00:00-04:00,68.44379684384496,68.46163849615716,67.24866471359789,67.89974212646484,2869000,0.0,0.0,0.05280829015544042,6.083607,0.0016,0.098500006,0.34451,0.06216,0.356,142027210752,0.181,29.523,12943287296,0.315,0.227,0.45,0.2202793529903911,-0.018757948025446166,1.0263519566298853,1.3765822818332791,-0.2290778130332124,0.013989854859610228,0.2309555732143903,0.18470131281221994,0.0025201104082715037,0.0006057380456292723,-0.031199179203312527,2.2997835971460456,231,0.06722926930796083,0.14092028878398402
2019-09-11 00:00:00-04:00,67.85516309261826,68.19407969336548,67.43597265206911,68.03353881835938,1998000,0.0,0.0,0.05280829015544042,6.083607,0.0016,0.098500006,0.34451,0.06216,0.356,142027210752,0.181,29.523,12943287296,0.315,0.227,0.45,0.2202793529903911,-0.018757948025446166,1.0263519566298853,1.3765822818332791,-0.2290778130332124,0.013989854859610228,0.2309555732143903,0.18470131281221994,0.0025201104082715037,0.0006057380456292723,-0.031199179203312527,2.2997835971460456,231,0.06722926930796083,0.14092028878398402
2019-09-12 00:00:00-04:00,68.46164244307917,69.11271989348177,67.98001987183228,68.6578598022461,2226600,0.0,0.0,0.05280829015544042,6.083607,0.0016,0.098500006,0.34451,0.06216,0.356,142027210752,0.181,29.523,12943287296,0.315,0.227,0.45,0.2202793529903911,-0.018757948025446166,1.0263519566298853,1.3765822818332791,-0.2290778130332124,0.013989854859610228,0.2309555732143903,0.18470131281221994,0.0025201104082715037,0.0006057380456292723,-0.031199179203312527,2.2997835971460456,231,0.06722926930796083,0.14092028878398402
2019-09-13 00:00:00-04:00,65.56298009212571,65.91973823817251,63.47594936073905,64.82270812988281,13251900,0.0,0.0,0.05280829015544042,6.083607,0.0016,0.098500006,0.34451,0.06216,0.356,142027210752,0.181,29.523,12943287296,0.315,0.227,0.45,0.2202793529903911,-0.018757948025446166,1.0263519566298853,1.3765822818332791,-0.2290778130332124,0.013989854859610228,0.2309555732143903,0.18470131281221994,0.0025201104082715037,0.0006057380456292723,-0.031199179203312527,2.2997835971460456,231,0.06722926930796083,0.14092028878398402
2019-09-16 00:00:00-04:00,64.82270338324086,65.84838042629687,64.49270093150776,65.4648666381836,3769100,0.0,0.0,0.05280829015544042,6.083607,0.0016,0.098500006,0.34451,0.06216,0.356,142027210752,0.181,29.523,12943287296,0.315,0.227,0.45,0.2202793529903911,-0.018757948025446166,1.0263519566298853,1.3765822818332791,-0.2290778130332124,0.013989854859610228,0.2309555732143903,0.18470131281221994,0.0025201104082715037,0.0006057380456292723,-0.031199179203312527,2.2997835971460456,231,0.06722926930796083,0.14092028878398402
2019-09-17 00:00:00-04:00,65.58079722714977,66.18728387026786,65.2953921483056,66.017822265625,3753600,0.0,0.0,0.05280829015544042,6.083607,0.0016,0.098500006,0.34451,0.06216,0.356,142027210752,0.181,29.523,12943287296,0.315,0.227,0.45,0.2202793529903911,-0.018757948025446166,1.0263519566298853,1.3765822818332791,-0.2290778130332124,0.013989854859610228,0.2309555732143903,0.18470131281221994,0.0025201104082715037,0.0006057380456292723,-0.031199179203312527,2.2997835971460456,231,0.06722926930796083,0.14092028878398402
2019-09-18 00:00:00-04:00,66.18730808249069,67.07920013071926,65.56298637056922,67.05244445800781,3617900,0.0,0.0,0.05280829015544042,6.083607,0.0016,0.098500006,0.34451,0.06216,0.356,142027210752,0.181,29.523,12943287296,0.315,0.227,0.45,0.2202793529903911,-0.018757948025446166,1.0263519566298853,1.3765822818332791,-0.2290778130332124,0.013989854859610228,0.2309555732143903,0.18470131281221994,0.0025201104082715037,0.0006057380456292723,-0.031199179203312527,2.2997835971460456,231,0.06722926930796083,0.14092028878398402
2019-09-19 00:00:00-04:00,66.99000422314938,67.96216317249237,66.82054257691343,67.58757019042969,3503800,0.0,0.0,0.05280829015544042,6.083607,0.0016,0.098500006,0.34451,0.06216,0.356,142027210752,0.181,29.523,12943287296,0.315,0.227,0.45,0.2202793529903911,-0.018757948025446166,1.0263519566298853,1.3765822818332791,-0.2290778130332124,0.013989854859610228,0.2309555732143903,0.18470131281221994,0.0025201104082715037,0.0006057380456292723,-0.031199179203312527,2.2997835971460456,231,0.06722926930796083,0.14092028878398402
2019-09-20 00:00:00-04:00,67.70352151607644,68.32784316223858,67.09703471497795,67.79270935058594,5353300,0.0,0.0,0.05280829015544042,6.083607,0.0016,0.098500006,0.34451,0.06216,0.356,142027210752,0.181,29.523,12943287296,0.315,0.227,0.45,0.2202793529903911,-0.018757948025446166,1.0263519566298853,1.3765822818332791,-0.2290778130332124,0.013989854859610228,0.2309555732143903,0.18470131281221994,0.0025201104082715037,0.0006057380456292723,-0.031199179203312527,2.2997835971460456,231,0.06722926930796083,0.14092028878398402
2019-09-23 00:00:00-04:00,67.43594220376994,68.33675486260752,67.42702138013144,68.12269592285156,2906300,0.0,0.0,0.05280829015544042,6.083607,0.0016,0.098500006,0.34451,0.06216,0.356,142027210752,0.181,29.523,12943287296,0.315,0.227,0.45,0.2202793529903911,-0.018757948025446166,1.0263519566298853,1.3765822818332791,-0.2290778130332124,0.013989854859610228,0.2309555732143903,0.18470131281221994,0.0025201104082715037,0.0006057380456292723,-0.031199179203312527,2.2997835971460456,231,0.06722926930796083,0.14092028878398402
2019-09-24 00:00:00-04:00,68.39028603168333,68.96109642740532,67.73920180912097,68.28325653076172,4187400,0.0,0.0,0.05280829015544042,6.083607,0.0016,0.098500006,0.34451,0.06216,0.356,142027210752,0.181,29.523,12943287296,0.315,0.227,0.45,0.2202793529903911,-0.018757948025446166,1.0263519566298853,1.3765822818332791,-0.2290778130332124,0.013989854859610228,0.2309555732143903,0.18470131281221994,0.0025201104082715037,0.0006057380456292723,-0.031199179203312527,2.2997835971460456,231,0.06722926930796083,0.14092028878398402
2019-09-25 00:00:00-04:00,68.417045954184,68.77380417481265,67.52515380491096,68.59542846679688,2821000,0.0,0.0,0.05280829015544042,6.083607,0.0016,0.098500006,0.34451,0.06216,0.356,142027210752,0.181,29.523,12943287296,0.315,0.227,0.45,0.2202793529903911,-0.018757948025446166,1.0263519566298853,1.3765822818332791,-0.2290778130332124,0.013989854859610228,0.2309555732143903,0.18470131281221994,0.0025201104082715037,0.0006057380456292723,-0.031199179203312527,2.2997835971460456,231,0.06722926930796083,0.14092028878398402
2019-09-26 00:00:00-04:00,68.63109298422752,68.88974250454467,68.30109726884777,68.70244598388672,4262200,0.0,0.0,0.05280829015544042,6.083607,0.0016,0.098500006,0.34451,0.06216,0.356,142027210752,0.181,29.523,12943287296,0.315,0.227,0.45,0.2202793529903911,-0.018757948025446166,1.0263519566298853,1.3765822818332791,-0.2290778130332124,0.013989854859610228,0.2309555732143903,0.18470131281221994,0.0025201104082715037,0.0006057380456292723,-0.031199179203312527,2.2997835971460456,231,0.06722926930796083,0.14092028878398402
2019-09-27 00:00:00-04:00,68.93432369391971,69.08594367925595,68.15837531460696,68.76486206054688,4643700,0.0,0.0,0.05280829015544042,6.083607,0.0016,0.098500006,0.34451,0.06216,0.356,142027210752,0.181,29.523,12943287296,0.315,0.227,0.45,0.2202793529903911,-0.018757948025446166,1.0263519566298853,1.3765822818332791,-0.2290778130332124,0.013989854859610228,0.2309555732143903,0.18470131281221994,0.0025201104082715037,0.0006057380456292723,-0.031199179203312527,2.2997835971460456,231,0.06722926930796083,0.14092028878398402
2019-09-30 00:00:00-04:00,68.91649359887282,69.33568393827031,68.43487789466732,68.8986587524414,2892500,0.0,0.0,0.05280829015544042,6.083607,0.0016,0.098500006,0.34451,0.06216,0.356,142027210752,0.181,29.523,12943287296,0.315,0.227,0.45,0.2202793529903911,-0.018757948025446166,1.0263519566298853,1.3765822818332791,-0.2290778130332124,0.013989854859610228,0.2309555732143903,0.18470131281221994,0.0025201104082715037,0.0006057380456292723,-0.031199179203312527,2.2997835971460456,231,0.06722926930796083,0.14092028878398402
2019-10-01 00:00:00-04:00,69.20189642187603,69.41595539935416,67.5697392473296,67.72135925292969,2926900,0.0,0.0,0.05280829015544042,6.083607,0.0016,0.098500006,0.34451,0.06216,0.356,142027210752,0.181,29.523,12943287296,0.315,0.227,0.45,0.2202793529903911,-0.018757948025446166,1.0263519566298853,1.3765822818332791,-0.2290778130332124,0.013989854859610228,0.2309555732143903,0.18470131281221994,0.0025201104082715037,0.0006057380456292723,-0.031199179203312527,2.2997835971460456,231,0.06722926930796083,0.14092028878398402
2019-10-02 00:00:00-04:00,67.40920786371119,67.72136874387031,66.49056007155853,66.88298797607422,3552800,0.0,0.0,0.05280829015544042,6.083607,0.0016,0.098500006,0.34451,0.06216,0.356,142027210752,0.181,29.523,12943287296,0.315,0.227,0.45,0.2202793529903911,-0.018757948025446166,1.0263519566298853,1.3765822818332791,-0.2290778130332124,0.013989854859610228,0.2309555732143903,0.18470131281221994,0.0025201104082715037,0.0006057380456292723,-0.031199179203312527,2.2997835971460456,231,0.06722926930796083,0.14092028878398402
2019-10-03 00:00:00-04:00,66.94539727431439,67.38242916178358,66.5618835227239,67.2397232055664,2430700,0.0,0.0,0.05280829015544042,6.083607,0.0016,0.098500006,0.34451,0.06216,0.356,142027210752,0.181,29.523,12943287296,0.315,0.227,0.45,0.2202793529903911,-0.018757948025446166,1.0263519566298853,1.3765822818332791,-0.2290778130332124,0.013989854859610228,0.2309555732143903,0.18470131281221994,0.0025201104082715037,0.0006057380456292723,-0.031199179203312527,2.2997835971460456,231,0.06722926930796083,0.14092028878398402
2019-10-04 00:00:00-04:00,67.41835567505137,68.81155990865749,67.38263179074002,68.67759704589844,1958600,0.1,0.0,0.05280829015544042,6.083607,0.0016,0.098500006,0.34451,0.06216,0.356,142027210752,0.181,29.523,12943287296,0.315,0.227,0.45,0.2202793529903911,-0.018757948025446166,1.0263519566298853,1.3765822818332791,-0.2290778130332124,0.013989854859610228,0.2309555732143903,0.18470131281221994,0.0025201104082715037,0.0006057380456292723,-0.031199179203312527,2.2997835971460456,231,0.06722926930796083,0.14092028878398402
2019-10-07 00:00:00-04:00,68.5346883841914,68.57934493443739,67.57909680617053,67.65947723388672,2134000,0.0,0.0,0.05280829015544042,6.083607,0.0016,0.098500006,0.34451,0.06216,0.356,142027210752,0.181,29.523,12943287296,0.315,0.227,0.45,0.2202793529903911,-0.018757948025446166,1.0263519566298853,1.3765822818332791,-0.2290778130332124,0.013989854859610228,0.2309555732143903,0.18470131281221994,0.0025201104082715037,0.0006057380456292723,-0.031199179203312527,2.2997835971460456,231,0.06722926930796083,0.14092028878398402
2019-10-08 00:00:00-04:00,67.24867081675232,67.43621608542666,66.41810930483237,66.44490051269531,2994800,0.0,0.0,0.05280829015544042,6.083607,0.0016,0.098500006,0.34451,0.06216,0.356,142027210752,0.181,29.523,12943287296,0.315,0.227,0.45,0.2202793529903911,-0.018757948025446166,1.0263519566298853,1.3765822818332791,-0.2290778130332124,0.013989854859610228,0.2309555732143903,0.18470131281221994,0.0025201104082715037,0.0006057380456292723,-0.031199179203312527,2.2997835971460456,231,0.06722926930796083,0.14092028878398402
2019-10-09 00:00:00-04:00,66.98076001216879,67.14151410874341,66.60566939137311,66.98969268798828,2096600,0.0,0.0,0.05280829015544042,6.083607,0.0016,0.098500006,0.34451,0.06216,0.356,142027210752,0.181,29.523,12943287296,0.315,0.227,0.45,0.2202793529903911,-0.018757948025446166,1.0263519566298853,1.3765822818332791,-0.2290778130332124,0.013989854859610228,0.2309555732143903,0.18470131281221994,0.0025201104082715037,0.0006057380456292723,-0.031199179203312527,2.2997835971460456,231,0.06722926930796083,0.14092028878398402
2019-10-10 00:00:00-04:00,66.90930719120007,67.62377130294838,66.71282921978755,66.76641845703125,2910900,0.0,0.0,0.05280829015544042,6.083607,0.0016,0.098500006,0.34451,0.06216,0.356,142027210752,0.181,29.523,12943287296,0.315,0.227,0.45,0.2202793529903911,-0.018757948025446166,1.0263519566298853,1.3765822818332791,-0.2290778130332124,0.013989854859610228,0.2309555732143903,0.18470131281221994,0.0025201104082715037,0.0006057380456292723,-0.031199179203312527,2.2997835971460456,231,0.06722926930796083,0.14092028878398402
2019-10-11 00:00:00-04:00,67.28438039569562,67.95418777225096,67.132559025615,67.17721557617188,3625800,0.0,0.0,0.05280829015544042,6.083607,0.0016,0.098500006,0.34451,0.06216,0.356,142027210752,0.181,29.523,12943287296,0.315,0.227,0.45,0.2202793529903911,-0.018757948025446166,1.0263519566298853,1.3765822818332791,-0.2290778130332124,0.013989854859610228,0.2309555732143903,0.18470131281221994,0.0025201104082715037,0.0006057380456292723,-0.031199179203312527,2.2997835971460456,231,0.06722926930796083,0.14092028878398402
2019-10-14 00:00:00-04:00,67.15042559614464,67.82023298491757,66.98073887729291,67.61482238769531,1358800,0.0,0.0,0.05280829015544042,6.083607,0.0016,0.098500006,0.34451,0.06216,0.356,142027210752,0.181,29.523,12943287296,0.315,0.227,0.45,0.2202793529903911,-0.018757948025446166,1.0263519566298853,1.3765822818332791,-0.2290778130332124,0.013989854859610228,0.2309555732143903,0.18470131281221994,0.0025201104082715037,0.0006057380456292723,-0.031199179203312527,2.2997835971460456,231,0.06722926930796083,0.14092028878398402
2019-10-15 00:00:00-04:00,67.75770377753392,67.84701004802838,66.7306646327683,66.95393371582031,3860000,0.0,0.0,0.05280829015544042,6.083607,0.0016,0.098500006,0.34451,0.06216,0.356,142027210752,0.181,29.523,12943287296,0.315,0.227,0.45,0.2202793529903911,-0.018757948025446166,1.0263519566298853,1.3765822818332791,-0.2290778130332124,0.013989854859610228,0.2309555732143903,0.18470131281221994,0.0025201104082715037,0.0006057380456292723,-0.031199179203312527,2.2997835971460456,231,0.06722926930796083,0.14092028878398402
2019-10-16 00:00:00-04:00,63.42629412832562,65.61433578281789,61.961649118823615,65.0784912109375,7426300,0.0,0.0,0.05280829015544042,6.083607,0.0016,0.098500006,0.34451,0.06216,0.356,142027210752,0.181,29.523,12943287296,0.315,0.227,0.45,0.2202793529903911,-0.018757948025446166,1.0263519566298853,1.3765822818332791,-0.2290778130332124,0.013989854859610228,0.2309555732143903,0.18470131281221994,0.0025201104082715037,0.0006057380456292723,-0.031199179203312527,2.2997835971460456,231,0.06722926930796083,0.14092028878398402
2019-10-17 00:00:00-04:00,65.67686218491073,65.95371378512769,63.62278302289542,63.82819366455078,6066500,0.0,0.0,0.05280829015544042,6.083607,0.0016,0.098500006,0.34451,0.06216,0.356,142027210752,0.181,29.523,12943287296,0.315,0.227,0.45,0.2202793529903911,-0.018757948025446166,1.0263519566298853,1.3765822818332791,-0.2290778130332124,0.013989854859610228,0.2309555732143903,0.18470131281221994,0.0025201104082715037,0.0006057380456292723,-0.031199179203312527,2.2997835971460456,231,0.06722926930796083,0.14092028878398402
2019-10-18 00:00:00-04:00,63.71208030306442,63.98000600401664,62.676115007558636,62.693973541259766,3871800,0.0,0.0,0.05280829015544042,6.083607,0.0016,0.098500006,0.34451,0.06216,0.356,142027210752,0.181,29.523,12943287296,0.315,0.227,0.45,0.2202793529903911,-0.018757948025446166,1.0263519566298853,1.3765822818332791,-0.2290778130332124,0.013989854859610228,0.2309555732143903,0.18470131281221994,0.0025201104082715037,0.0006057380456292723,-0.031199179203312527,2.2997835971460456,231,0.06722926930796083,0.14092028878398402
2019-10-21 00:00:00-04:00,62.944037709563936,62.99762012174802,59.773613258428774,62.515357971191406,4908600,0.0,0.0,0.05280829015544042,6.083607,0.0016,0.098500006,0.34451,0.06216,0.356,142027210752,0.181,29.523,12943287296,0.315,0.227,0.45,0.2202793529903911,-0.018757948025446166,1.0263519566298853,1.3765822818332791,-0.2290778130332124,0.013989854859610228,0.2309555732143903,0.18470131281221994,0.0025201104082715037,0.0006057380456292723,-0.031199179203312527,2.2997835971460456,231,0.06722926930796083,0.14092028878398402
2019-10-22 00:00:00-04:00,62.32781973815825,62.62253666564668,60.98820477353892,61.41687774658203,4382800,0.0,0.0,0.05280829015544042,6.083607,0.0016,0.098500006,0.34451,0.06216,0.356,142027210752,0.181,29.523,12943287296,0.315,0.227,0.45,0.2202793529903911,-0.018757948025446166,1.0263519566298853,1.3765822818332791,-0.2290778130332124,0.013989854859610228,0.2309555732143903,0.18470131281221994,0.0025201104082715037,0.0006057380456292723,-0.031199179203312527,2.2997835971460456,231,0.06722926930796083,0.14092028878398402
2019-10-23 00:00:00-04:00,61.4615277401034,61.85448360145365,60.675622831036236,61.0864372253418,3884700,0.0,0.0,0.05280829015544042,6.083607,0.0016,0.098500006,0.34451,0.06216,0.356,142027210752,0.181,29.523,12943287296,0.315,0.227,0.45,0.2202793529903911,-0.018757948025446166,1.0263519566298853,1.3765822818332791,-0.2290778130332124,0.013989854859610228,0.2309555732143903,0.18470131281221994,0.0025201104082715037,0.0006057380456292723,-0.031199179203312527,2.2997835971460456,231,0.06722926930796083,0.14092028878398402
2019-10-24 00:00:00-04:00,61.29183639188405,62.586801376536826,61.14894769812091,62.14918899536133,4214100,0.0,0.0,0.05280829015544042,6.083607,0.0016,0.098500006,0.34451,0.06216,0.356,142027210752,0.181,29.523,12943287296,0.315,0.227,0.45,0.2202793529903911,-0.018757948025446166,1.0263519566298853,1.3765822818332791,-0.2290778130332124,0.013989854859610228,0.2309555732143903,0.18470131281221994,0.0025201104082715037,0.0006057380456292723,-0.031199179203312527,2.2997835971460456,231,0.06722926930796083,0.14092028878398402
2019-10-25 00:00:00-04:00,62.211713474665956,62.30101976368226,61.675862113301925,61.89020538330078,1993100,0.0,0.0,0.05280829015544042,6.083607,0.0016,0.098500006,0.34451,0.06216,0.356,142027210752,0.181,29.523,12943287296,0.315,0.227,0.45,0.2202793529903911,-0.018757948025446166,1.0263519566298853,1.3765822818332791,-0.2290778130332124,0.013989854859610228,0.2309555732143903,0.18470131281221994,0.0025201104082715037,0.0006057380456292723,-0.031199179203312527,2.2997835971460456,231,0.06722926930796083,0.14092028878398402
2019-10-28 00:00:00-04:00,61.961653318609066,62.17599661279622,61.33650241131453,61.46153259277344,2213200,0.0,0.0,0.05280829015544042,6.083607,0.0016,0.098500006,0.34451,0.06216,0.356,142027210752,0.181,29.523,12943287296,0.315,0.227,0.45,0.2202793529903911,-0.018757948025446166,1.0263519566298853,1.3765822818332791,-0.2290778130332124,0.013989854859610228,0.2309555732143903,0.18470131281221994,0.0025201104082715037,0.0006057380456292723,-0.031199179203312527,2.2997835971460456,231,0.06722926930796083,0.14092028878398402
2019-10-29 00:00:00-04:00,61.22038795849149,62.43497236816167,61.22038795849149,62.32780075073242,2834400,0.0,0.0,0.05280829015544042,6.083607,0.0016,0.098500006,0.34451,0.06216,0.356,142027210752,0.181,29.523,12943287296,0.315,0.227,0.45,0.2202793529903911,-0.018757948025446166,1.0263519566298853,1.3765822818332791,-0.2290778130332124,0.013989854859610228,0.2309555732143903,0.18470131281221994,0.0025201104082715037,0.0006057380456292723,-0.031199179203312527,2.2997835971460456,231,0.06722926930796083,0.14092028878398402
2019-10-30 00:00:00-04:00,62.26530042956463,62.26530042956463,61.265052204136325,61.96165084838867,2780300,0.0,0.0,0.05280829015544042,6.083607,0.0016,0.098500006,0.34451,0.06216,0.356,142027210752,0.181,29.523,12943287296,0.315,0.227,0.45,0.2202793529903911,-0.018757948025446166,1.0263519566298853,1.3765822818332791,-0.2290778130332124,0.013989854859610228,0.2309555732143903,0.18470131281221994,0.0025201104082715037,0.0006057380456292723,-0.031199179203312527,2.2997835971460456,231,0.06722926930796083,0.14092028878398402
2019-10-31 00:00:00-04:00,61.77410701387841,62.29209307905519,61.57762907097454,62.2474365234375,2400200,0.0,0.0,0.05280829015544042,6.083607,0.0016,0.098500006,0.34451,0.06216,0.356,142027210752,0.181,29.523,12943287296,0.315,0.227,0.45,0.2202793529903911,-0.018757948025446166,1.0263519566298853,1.3765822818332791,-0.2290778130332124,0.013989854859610228,0.2309555732143903,0.18470131281221994,0.0025201104082715037,0.0006057380456292723,-0.031199179203312527,2.2997835971460456,231,0.06722926930796083,0.14092028878398402
2019-11-01 00:00:00-04:00,62.622535398816694,62.70290902452358,61.73838463423745,62.318885803222656,2268000,0.0,0.0,0.05280829015544042,6.083607,0.0016,0.098500006,0.34451,0.06216,0.356,142027210752,0.181,29.523,12943287296,0.315,0.227,0.45,0.2202793529903911,-0.018757948025446166,1.0263519566298853,1.3765822818332791,-0.2290778130332124,0.013989854859610228,0.2309555732143903,0.18470131281221994,0.0025201104082715037,0.0006057380456292723,-0.031199179203312527,2.2997835971460456,231,0.06722926930796083,0.14092028878398402
2019-11-04 00:00:00-05:00,62.71184122099638,62.810080194090354,61.39901750204398,61.46153259277344,3056700,0.0,0.0,0.05280829015544042,6.083607,0.0016,0.098500006,0.34451,0.06216,0.356,142027210752,0.181,29.523,12943287296,0.315,0.227,0.45,0.2202793529903911,-0.018757948025446166,1.0263519566298853,1.3765822818332791,-0.2290778130332124,0.013989854859610228,0.2309555732143903,0.18470131281221994,0.0025201104082715037,0.0006057380456292723,-0.031199179203312527,2.2997835971460456,231,0.06722926930796083,0.14092028878398402
2019-11-05 00:00:00-05:00,61.61335549963233,62.20278935270915,61.49725798931448,61.532981872558594,4110000,0.0,0.0,0.05280829015544042,6.083607,0.0016,0.098500006,0.34451,0.06216,0.356,142027210752,0.181,29.523,12943287296,0.315,0.227,0.45,0.2202793529903911,-0.018757948025446166,1.0263519566298853,1.3765822818332791,-0.2290778130332124,0.013989854859610228,0.2309555732143903,0.18470131281221994,0.0025201104082715037,0.0006057380456292723,-0.031199179203312527,2.2997835971460456,231,0.06722926930796083,0.14092028878398402
2019-11-06 00:00:00-05:00,61.631222628685116,63.50668226456459,61.541916324811666,63.34592819213867,3513200,0.0,0.0,0.05280829015544042,6.083607,0.0016,0.098500006,0.34451,0.06216,0.356,142027210752,0.181,29.523,12943287296,0.315,0.227,0.45,0.2202793529903911,-0.018757948025446166,1.0263519566298853,1.3765822818332791,-0.2290778130332124,0.013989854859610228,0.2309555732143903,0.18470131281221994,0.0025201104082715037,0.0006057380456292723,-0.031199179203312527,2.2997835971460456,231,0.06722926930796083,0.14092028878398402
2019-11-07 00:00:00-05:00,63.50667740110711,64.998113683843,63.44416231181979,64.8016357421875,8525000,0.0,0.0,0.05280829015544042,6.083607,0.0016,0.098500006,0.34451,0.06216,0.356,142027210752,0.181,29.523,12943287296,0.315,0.227,0.45,0.2202793529903911,-0.018757948025446166,1.0263519566298853,1.3765822818332791,-0.2290778130332124,0.013989854859610228,0.2309555732143903,0.18470131281221994,0.0025201104082715037,0.0006057380456292723,-0.031199179203312527,2.2997835971460456,231,0.06722926930796083,0.14092028878398402
2019-11-08 00:00:00-05:00,64.64086133707602,66.12337129304846,64.64086133707602,65.79293060302734,5196900,0.0,0.0,0.05280829015544042,6.083607,0.0016,0.098500006,0.34451,0.06216,0.356,142027210752,0.181,29.523,12943287296,0.315,0.227,0.45,0.2202793529903911,-0.018757948025446166,1.0263519566298853,1.3765822818332791,-0.2290778130332124,0.013989854859610228,0.2309555732143903,0.18470131281221994,0.0025201104082715037,0.0006057380456292723,-0.031199179203312527,2.2997835971460456,231,0.06722926930796083,0.14092028878398402
2019-11-11 00:00:00-05:00,65.3464148166529,65.88225942729164,65.01598082713653,65.84654235839844,2722600,0.0,0.0,0.05280829015544042,6.083607,0.0016,0.098500006,0.34451,0.06216,0.356,142027210752,0.181,29.523,12943287296,0.315,0.227,0.45,0.2202793529903911,-0.018757948025446166,1.0263519566298853,1.3765822818332791,-0.2290778130332124,0.013989854859610228,0.2309555732143903,0.18470131281221994,0.0025201104082715037,0.0006057380456292723,-0.031199179203312527,2.2997835971460456,231,0.06722926930796083,0.14092028878398402
2019-11-12 00:00:00-05:00,65.81973408604804,66.5074067937429,65.69470392349132,66.49847412109375,4095000,0.0,0.0,0.05280829015544042,6.083607,0.0016,0.098500006,0.34451,0.06216,0.356,142027210752,0.181,29.523,12943287296,0.315,0.227,0.45,0.2202793529903911,-0.018757948025446166,1.0263519566298853,1.3765822818332791,-0.2290778130332124,0.013989854859610228,0.2309555732143903,0.18470131281221994,0.0025201104082715037,0.0006057380456292723,-0.031199179203312527,2.2997835971460456,231,0.06722926930796083,0.14092028878398402
2019-11-13 00:00:00-05:00,65.15886741323219,65.54289062080046,64.00679779052734,64.00679779052734,4783900,0.0,0.0,0.05280829015544042,6.083607,0.0016,0.098500006,0.34451,0.06216,0.356,142027210752,0.181,29.523,12943287296,0.315,0.227,0.45,0.2202793529903911,-0.018757948025446166,1.0263519566298853,1.3765822818332791,-0.2290778130332124,0.013989854859610228,0.2309555732143903,0.18470131281221994,0.0025201104082715037,0.0006057380456292723,-0.031199179203312527,2.2997835971460456,231,0.06722926930796083,0.14092028878398402
2019-11-14 00:00:00-05:00,63.85498204190007,65.20352972430885,63.7031606429468,65.14994049072266,3657400,0.0,0.0,0.05280829015544042,6.083607,0.0016,0.098500006,0.34451,0.06216,0.356,142027210752,0.181,29.523,12943287296,0.315,0.227,0.45,0.2202793529903911,-0.018757948025446166,1.0263519566298853,1.3765822818332791,-0.2290778130332124,0.013989854859610228,0.2309555732143903,0.18470131281221994,0.0025201104082715037,0.0006057380456292723,-0.031199179203312527,2.2997835971460456,231,0.06722926930796083,0.14092028878398402
2019-11-15 00:00:00-05:00,65.31959915764568,65.51607703118194,64.76588940619182,65.10526275634766,3052100,0.0,0.0,0.05280829015544042,6.083607,0.0016,0.098500006,0.34451,0.06216,0.356,142027210752,0.181,29.523,12943287296,0.315,0.227,0.45,0.2202793529903911,-0.018757948025446166,1.0263519566298853,1.3765822818332791,-0.2290778130332124,0.013989854859610228,0.2309555732143903,0.18470131281221994,0.0025201104082715037,0.0006057380456292723,-0.031199179203312527,2.2997835971460456,231,0.06722926930796083,0.14092028878398402
2019-11-18 00:00:00-05:00,64.00680638976213,64.72127048566425,63.033356043070974,63.61385726928711,3977300,0.0,0.0,0.05280829015544042,6.083607,0.0016,0.098500006,0.34451,0.06216,0.356,142027210752,0.181,29.523,12943287296,0.315,0.227,0.45,0.2202793529903911,-0.018757948025446166,1.0263519566298853,1.3765822818332791,-0.2290778130332124,0.013989854859610228,0.2309555732143903,0.18470131281221994,0.0025201104082715037,0.0006057380456292723,-0.031199179203312527,2.2997835971460456,231,0.06722926930796083,0.14092028878398402
2019-11-19 00:00:00-05:00,64.06931577310235,64.32830881442767,63.37271708922304,63.90856170654297,3054600,0.0,0.0,0.05280829015544042,6.083607,0.0016,0.098500006,0.34451,0.06216,0.356,142027210752,0.181,29.523,12943287296,0.315,0.227,0.45,0.2202793529903911,-0.018757948025446166,1.0263519566298853,1.3765822818332791,-0.2290778130332124,0.013989854859610228,0.2309555732143903,0.18470131281221994,0.0025201104082715037,0.0006057380456292723,-0.031199179203312527,2.2997835971460456,231,0.06722926930796083,0.14092028878398402
2019-11-20 00:00:00-05:00,63.6584814293862,63.88175051790881,62.881509362051894,62.98867416381836,3508000,0.0,0.0,0.05280829015544042,6.083607,0.0016,0.098500006,0.34451,0.06216,0.356,142027210752,0.181,29.523,12943287296,0.315,0.227,0.45,0.2202793529903911,-0.018757948025446166,1.0263519566298853,1.3765822818332791,-0.2290778130332124,0.013989854859610228,0.2309555732143903,0.18470131281221994,0.0025201104082715037,0.0006057380456292723,-0.031199179203312527,2.2997835971460456,231,0.06722926930796083,0.14092028878398402
2019-11-21 00:00:00-05:00,63.247690246802094,63.247690246802094,61.73838847624287,62.595741271972656,3681000,0.0,0.0,0.05280829015544042,6.083607,0.0016,0.098500006,0.34451,0.06216,0.356,142027210752,0.181,29.523,12943287296,0.315,0.227,0.45,0.2202793529903911,-0.018757948025446166,1.0263519566298853,1.3765822818332791,-0.2290778130332124,0.013989854859610228,0.2309555732143903,0.18470131281221994,0.0025201104082715037,0.0006057380456292723,-0.031199179203312527,2.2997835971460456,231,0.06722926930796083,0.14092028878398402
2019-11-22 00:00:00-05:00,62.613598468576996,63.40843606571857,62.426053207708776,63.256614685058594,2378800,0.0,0.0,0.05280829015544042,6.083607,0.0016,0.098500006,0.34451,0.06216,0.356,142027210752,0.181,29.523,12943287296,0.315,0.227,0.45,0.2202793529903911,-0.018757948025446166,1.0263519566298853,1.3765822818332791,-0.2290778130332124,0.013989854859610228,0.2309555732143903,0.18470131281221994,0.0025201104082715037,0.0006057380456292723,-0.031199179203312527,2.2997835971460456,231,0.06722926930796083,0.14092028878398402
2019-11-25 00:00:00-05:00,63.53350269361366,64.06934757692531,63.34595732513646,63.855010986328125,2746400,0.0,0.0,0.05280829015544042,6.083607,0.0016,0.098500006,0.34451,0.06216,0.356,142027210752,0.181,29.523,12943287296,0.315,0.227,0.45,0.2202793529903911,-0.018757948025446166,1.0263519566298853,1.3765822818332791,-0.2290778130332124,0.013989854859610228,0.2309555732143903,0.18470131281221994,0.0025201104082715037,0.0006057380456292723,-0.031199179203312527,2.2997835971460456,231,0.06722926930796083,0.14092028878398402
2019-11-26 00:00:00-05:00,63.76566774962797,65.24817129620605,63.56918981623769,65.14100646972656,6613900,0.0,0.0,0.05280829015544042,6.083607,0.0016,0.098500006,0.34451,0.06216,0.356,142027210752,0.181,29.523,12943287296,0.315,0.227,0.45,0.2202793529903911,-0.018757948025446166,1.0263519566298853,1.3765822818332791,-0.2290778130332124,0.013989854859610228,0.2309555732143903,0.18470131281221994,0.0025201104082715037,0.0006057380456292723,-0.031199179203312527,2.2997835971460456,231,0.06722926930796083,0.14092028878398402
2019-11-27 00:00:00-05:00,65.34640179885284,65.70363373932501,65.10527415687284,65.31961059570312,1954900,0.0,0.0,0.05280829015544042,6.083607,0.0016,0.098500006,0.34451,0.06216,0.356,142027210752,0.181,29.523,12943287296,0.315,0.227,0.45,0.2202793529903911,-0.018757948025446166,1.0263519566298853,1.3765822818332791,-0.2290778130332124,0.013989854859610228,0.2309555732143903,0.18470131281221994,0.0025201104082715037,0.0006057380456292723,-0.031199179203312527,2.2997835971460456,231,0.06722926930796083,0.14092028878398402
2019-11-29 00:00:00-05:00,65.3017576376061,65.55181797318677,64.97131687208415,65.23924255371094,1077400,0.0,0.0,0.05280829015544042,6.083607,0.0016,0.098500006,0.34451,0.06216,0.356,142027210752,0.181,29.523,12943287296,0.315,0.227,0.45,0.2202793529903911,-0.018757948025446166,1.0263519566298853,1.3765822818332791,-0.2290778130332124,0.013989854859610228,0.2309555732143903,0.18470131281221994,0.0025201104082715037,0.0006057380456292723,-0.031199179203312527,2.2997835971460456,231,0.06722926930796083,0.14092028878398402
2019-12-02 00:00:00-05:00,65.3821268463564,65.3821268463564,63.98892974853516,63.988929748535156,2583100,0.0,0.0,0.05280829015544042,6.083607,0.0016,0.098500006,0.34451,0.06216,0.356,142027210752,0.181,29.523,12943287296,0.315,0.227,0.45,0.2202793529903911,-0.018757948025446166,1.0263519566298853,1.3765822818332791,-0.2290778130332124,0.013989854859610228,0.2309555732143903,0.18470131281221994,0.0025201104082715037,0.0006057380456292723,-0.031199179203312527,2.2997835971460456,231,0.06722926930796083,0.14092028878398402
2019-12-03 00:00:00-05:00,63.488812414194754,63.729946912554084,62.90831807335776,63.095863342285156,2648600,0.0,0.0,0.05280829015544042,6.083607,0.0016,0.098500006,0.34451,0.06216,0.356,142027210752,0.181,29.523,12943287296,0.315,0.227,0.45,0.2202793529903911,-0.018757948025446166,1.0263519566298853,1.3765822818332791,-0.2290778130332124,0.013989854859610228,0.2309555732143903,0.18470131281221994,0.0025201104082715037,0.0006057380456292723,-0.031199179203312527,2.2997835971460456,231,0.06722926930796083,0.14092028878398402
2019-12-04 00:00:00-05:00,63.015485729212635,64.32830948417691,62.836873126124374,64.15862274169922,2932100,0.0,0.0,0.05280829015544042,6.083607,0.0016,0.098500006,0.34451,0.06216,0.356,142027210752,0.181,29.523,12943287296,0.315,0.227,0.45,0.2202793529903911,-0.018757948025446166,1.0263519566298853,1.3765822818332791,-0.2290778130332124,0.013989854859610228,0.2309555732143903,0.18470131281221994,0.0025201104082715037,0.0006057380456292723,-0.031199179203312527,2.2997835971460456,231,0.06722926930796083,0.14092028878398402
2019-12-05 00:00:00-05:00,64.32831616391897,64.76592185646928,64.06932309300376,64.6944808959961,3500600,0.0,0.0,0.05280829015544042,6.083607,0.0016,0.098500006,0.34451,0.06216,0.356,142027210752,0.181,29.523,12943287296,0.315,0.227,0.45,0.2202793529903911,-0.018757948025446166,1.0263519566298853,1.3765822818332791,-0.2290778130332124,0.013989854859610228,0.2309555732143903,0.18470131281221994,0.0025201104082715037,0.0006057380456292723,-0.031199179203312527,2.2997835971460456,231,0.06722926930796083,0.14092028878398402
2019-12-06 00:00:00-05:00,64.92666774650152,65.32855631490716,64.7480551474105,65.1767349243164,2932800,0.0,0.0,0.05280829015544042,6.083607,0.0016,0.098500006,0.34451,0.06216,0.356,142027210752,0.181,29.523,12943287296,0.315,0.227,0.45,0.2202793529903911,-0.018757948025446166,1.0263519566298853,1.3765822818332791,-0.2290778130332124,0.013989854859610228,0.2309555732143903,0.18470131281221994,0.0025201104082715037,0.0006057380456292723,-0.031199179203312527,2.2997835971460456,231,0.06722926930796083,0.14092028878398402
2019-12-09 00:00:00-05:00,65.17673628750195,65.65899167786097,64.91774324385935,65.49823760986328,3257900,0.0,0.0,0.05280829015544042,6.083607,0.0016,0.098500006,0.34451,0.06216,0.356,142027210752,0.181,29.523,12943287296,0.315,0.227,0.45,0.2202793529903911,-0.018757948025446166,1.0263519566298853,1.3765822818332791,-0.2290778130332124,0.013989854859610228,0.2309555732143903,0.18470131281221994,0.0025201104082715037,0.0006057380456292723,-0.031199179203312527,2.2997835971460456,231,0.06722926930796083,0.14092028878398402
2019-12-10 00:00:00-05:00,65.60539269837355,65.88224420695707,64.96237658870521,65.06061553955078,3023100,0.0,0.0,0.05280829015544042,6.083607,0.0016,0.098500006,0.34451,0.06216,0.356,142027210752,0.181,29.523,12943287296,0.315,0.227,0.45,0.2202793529903911,-0.018757948025446166,1.0263519566298853,1.3765822818332791,-0.2290778130332124,0.013989854859610228,0.2309555732143903,0.18470131281221994,0.0025201104082715037,0.0006057380456292723,-0.031199179203312527,2.2997835971460456,231,0.06722926930796083,0.14092028878398402
2019-12-11 00:00:00-05:00,61.76518488143158,63.578129405334856,61.649080555271716,63.55133819580078,7804000,0.0,0.0,0.05280829015544042,6.083607,0.0016,0.098500006,0.34451,0.06216,0.356,142027210752,0.181,29.523,12943287296,0.315,0.227,0.45,0.2202793529903911,-0.018757948025446166,1.0263519566298853,1.3765822818332791,-0.2290778130332124,0.013989854859610228,0.2309555732143903,0.18470131281221994,0.0025201104082715037,0.0006057380456292723,-0.031199179203312527,2.2997835971460456,231,0.06722926930796083,0.14092028878398402
2019-12-12 00:00:00-05:00,63.551341236862285,65.26604686543669,63.417378369147364,64.9177474975586,3925800,0.0,0.0,0.05280829015544042,6.083607,0.0016,0.098500006,0.34451,0.06216,0.356,142027210752,0.181,29.523,12943287296,0.315,0.227,0.45,0.2202793529903911,-0.018757948025446166,1.0263519566298853,1.3765822818332791,-0.2290778130332124,0.013989854859610228,0.2309555732143903,0.18470131281221994,0.0025201104082715037,0.0006057380456292723,-0.031199179203312527,2.2997835971460456,231,0.06722926930796083,0.14092028878398402
2019-12-13 00:00:00-05:00,64.72126433696513,65.56075854785065,63.971076426174385,64.45333862304688,3289000,0.0,0.0,0.05280829015544042,6.083607,0.0016,0.098500006,0.34451,0.06216,0.356,142027210752,0.181,29.523,12943287296,0.315,0.227,0.45,0.2202793529903911,-0.018757948025446166,1.0263519566298853,1.3765822818332791,-0.2290778130332124,0.013989854859610228,0.2309555732143903,0.18470131281221994,0.0025201104082715037,0.0006057380456292723,-0.031199179203312527,2.2997835971460456,231,0.06722926930796083,0.14092028878398402
2019-12-16 00:00:00-05:00,63.729947339988435,64.01573158221841,62.89938582137729,63.497745513916016,4387800,0.0,0.0,0.05280829015544042,6.083607,0.0016,0.098500006,0.34451,0.06216,0.356,142027210752,0.181,29.523,12943287296,0.315,0.227,0.45,0.2202793529903911,-0.018757948025446166,1.0263519566298853,1.3765822818332791,-0.2290778130332124,0.013989854859610228,0.2309555732143903,0.18470131281221994,0.0025201104082715037,0.0006057380456292723,-0.031199179203312527,2.2997835971460456,231,0.06722926930796083,0.14092028878398402
2019-12-17 00:00:00-05:00,63.41736976670411,64.53371549017416,63.408437093098954,64.301513671875,5011800,0.0,0.0,0.05280829015544042,6.083607,0.0016,0.098500006,0.34451,0.06216,0.356,142027210752,0.181,29.523,12943287296,0.315,0.227,0.45,0.2202793529903911,-0.018757948025446166,1.0263519566298853,1.3765822818332791,-0.2290778130332124,0.013989854859610228,0.2309555732143903,0.18470131281221994,0.0025201104082715037,0.0006057380456292723,-0.031199179203312527,2.2997835971460456,231,0.06722926930796083,0.14092028878398402
2019-12-18 00:00:00-05:00,64.52477722008416,64.72125514055497,63.61384218674031,63.67635726928711,2604600,0.0,0.0,0.05280829015544042,6.083607,0.0016,0.098500006,0.34451,0.06216,0.356,142027210752,0.181,29.523,12943287296,0.315,0.227,0.45,0.2202793529903911,-0.018757948025446166,1.0263519566298853,1.3765822818332791,-0.2290778130332124,0.013989854859610228,0.2309555732143903,0.18470131281221994,0.0025201104082715037,0.0006057380456292723,-0.031199179203312527,2.2997835971460456,231,0.06722926930796083,0.14092028878398402
2019-12-19 00:00:00-05:00,63.59598965500867,63.89963926972751,63.22089908415101,63.506683349609375,2985400,0.0,0.0,0.05280829015544042,6.083607,0.0016,0.098500006,0.34451,0.06216,0.356,142027210752,0.181,29.523,12943287296,0.315,0.227,0.45,0.2202793529903911,-0.018757948025446166,1.0263519566298853,1.3765822818332791,-0.2290778130332124,0.013989854859610228,0.2309555732143903,0.18470131281221994,0.0025201104082715037,0.0006057380456292723,-0.031199179203312527,2.2997835971460456,231,0.06722926930796083,0.14092028878398402
2019-12-20 00:00:00-05:00,64.62301801519158,65.69470712174662,63.76566536722092,64.08717346191406,5417800,0.0,0.0,0.05280829015544042,6.083607,0.0016,0.098500006,0.34451,0.06216,0.356,142027210752,0.181,29.523,12943287296,0.315,0.227,0.45,0.2202793529903911,-0.018757948025446166,1.0263519566298853,1.3765822818332791,-0.2290778130332124,0.013989854859610228,0.2309555732143903,0.18470131281221994,0.0025201104082715037,0.0006057380456292723,-0.031199179203312527,2.2997835971460456,231,0.06722926930796083,0.14092028878398402
2019-12-23 00:00:00-05:00,64.17647957697383,64.22113612863909,63.560254594885656,64.024658203125,2831900,0.0,0.0,0.05280829015544042,6.083607,0.0016,0.098500006,0.34451,0.06216,0.356,142027210752,0.181,29.523,12943287296,0.315,0.227,0.45,0.2202793529903911,-0.018757948025446166,1.0263519566298853,1.3765822818332791,-0.2290778130332124,0.013989854859610228,0.2309555732143903,0.18470131281221994,0.0025201104082715037,0.0006057380456292723,-0.031199179203312527,2.2997835971460456,231,0.06722926930796083,0.14092028878398402
2019-12-24 00:00:00-05:00,64.17649212988059,64.31938085861874,63.962155629956115,64.1854248046875,778200,0.0,0.0,0.05280829015544042,6.083607,0.0016,0.098500006,0.34451,0.06216,0.356,142027210752,0.181,29.523,12943287296,0.315,0.227,0.45,0.2202793529903911,-0.018757948025446166,1.0263519566298853,1.3765822818332791,-0.2290778130332124,0.013989854859610228,0.2309555732143903,0.18470131281221994,0.0025201104082715037,0.0006057380456292723,-0.031199179203312527,2.2997835971460456,231,0.06722926930796083,0.14092028878398402
2019-12-26 00:00:00-05:00,64.0871778651745,64.17648416125122,63.81031948961292,64.06038665771484,1612900,0.0,0.0,0.05280829015544042,6.083607,0.0016,0.098500006,0.34451,0.06216,0.356,142027210752,0.181,29.523,12943287296,0.315,0.227,0.45,0.2202793529903911,-0.018757948025446166,1.0263519566298853,1.3765822818332791,-0.2290778130332124,0.013989854859610228,0.2309555732143903,0.18470131281221994,0.0025201104082715037,0.0006057380456292723,-0.031199179203312527,2.2997835971460456,231,0.06722926930796083,0.14092028878398402
2019-12-27 00:00:00-05:00,64.23900026778689,64.6766058950406,63.97107456167758,64.43547821044922,1570600,0.0,0.0,0.05280829015544042,6.083607,0.0016,0.098500006,0.34451,0.06216,0.356,142027210752,0.181,29.523,12943287296,0.315,0.227,0.45,0.2202793529903911,-0.018757948025446166,1.0263519566298853,1.3765822818332791,-0.2290778130332124,0.013989854859610228,0.2309555732143903,0.18470131281221994,0.0025201104082715037,0.0006057380456292723,-0.031199179203312527,2.2997835971460456,231,0.06722926930796083,0.14092028878398402
2019-12-30 00:00:00-05:00,64.49798924035592,64.61408673842443,64.17648113871495,64.58729553222656,1298600,0.0,0.0,0.05280829015544042,6.083607,0.0016,0.098500006,0.34451,0.06216,0.356,142027210752,0.181,29.523,12943287296,0.315,0.227,0.45,0.2202793529903911,-0.018757948025446166,1.0263519566298853,1.3765822818332791,-0.2290778130332124,0.013989854859610228,0.2309555732143903,0.18470131281221994,0.0025201104082715037,0.0006057380456292723,-0.031199179203312527,2.2997835971460456,231,0.06722926930796083,0.14092028878398402
2019-12-31 00:00:00-05:00,64.58729570517545,64.93559501394694,64.21220519013436,64.64981079101562,1724500,0.0,0.0,0.05280829015544042,6.083607,0.0016,0.098500006,0.34451,0.06216,0.356,142027210752,0.181,29.523,12943287296,0.315,0.227,0.45,0.2202793529903911,-0.018757948025446166,1.0263519566298853,1.3765822818332791,-0.2290778130332124,0.013989854859610228,0.2309555732143903,0.18470131281221994,0.0025201104082715037,0.0006057380456292723,-0.031199179203312527,2.2997835971460456,231,0.06722926930796083,0.14092028878398402
2020-01-02 00:00:00-05:00,66.01622057768952,66.40024378789144,65.42679356530618,66.38238525390625,2880700,0.0,0.0,0.05280829015544042,6.083607,0.0016,0.098500006,0.34451,0.06216,0.356,142027210752,0.181,29.523,12943287296,0.315,0.227,0.45,0.2202793529903911,-0.018757948025446166,1.0263519566298853,1.3765822818332791,-0.2290778130332124,0.013989854859610228,0.2309555732143903,0.18470131281221994,0.0025201104082715037,0.0006057380456292723,-0.031199179203312527,2.2997835971460456,231,0.06722926930796083,0.14092028878398402
2020-01-03 00:00:00-05:00,65.65899478986655,66.78427331918459,65.44465829358886,66.37345886230469,4155800,0.0,0.0,0.05280829015544042,6.083607,0.0016,0.098500006,0.34451,0.06216,0.356,142027210752,0.181,29.523,12943287296,0.315,0.227,0.45,0.2202793529903911,-0.018757948025446166,1.0263519566298853,1.3765822818332791,-0.2290778130332124,0.013989854859610228,0.2309555732143903,0.18470131281221994,0.0025201104082715037,0.0006057380456292723,-0.031199179203312527,2.2997835971460456,231,0.06722926930796083,0.14092028878398402
2020-01-06 00:00:00-05:00,65.98942637817316,67.62375811588899,65.9358439650131,67.5791015625,5897200,0.0,0.0,0.05280829015544042,6.083607,0.0016,0.098500006,0.34451,0.06216,0.356,142027210752,0.181,29.523,12943287296,0.315,0.227,0.45,0.2202793529903911,-0.018757948025446166,1.0263519566298853,1.3765822818332791,-0.2290778130332124,0.013989854859610228,0.2309555732143903,0.18470131281221994,0.0025201104082715037,0.0006057380456292723,-0.031199179203312527,2.2997835971460456,231,0.06722926930796083,0.14092028878398402
2020-01-07 00:00:00-05:00,67.28415635057424,67.39476297473209,66.5099310775257,67.06295013427734,4867700,2.35,0.0,0.05280829015544042,6.083607,0.0016,0.098500006,0.34451,0.06216,0.356,142027210752,0.181,29.523,12943287296,0.315,0.227,0.45,0.2202793529903911,-0.018757948025446166,1.0263519566298853,1.3765822818332791,-0.2290778130332124,0.013989854859610228,0.2309555732143903,0.18470131281221994,0.0025201104082715037,0.0006057380456292723,-0.031199179203312527,2.2997835971460456,231,0.06722926930796083,0.14092028878398402
2020-01-08 00:00:00-05:00,67.21041877439471,68.16898842351073,67.16433795489093,67.45928192138672,4073700,0.0,0.0,0.05280829015544042,6.083607,0.0016,0.098500006,0.34451,0.06216,0.356,142027210752,0.181,29.523,12943287296,0.315,0.227,0.45,0.2202793529903911,-0.018757948025446166,1.0263519566298853,1.3765822818332791,-0.2290778130332124,0.013989854859610228,0.2309555732143903,0.18470131281221994,0.0025201104082715037,0.0006057380456292723,-0.031199179203312527,2.2997835971460456,231,0.06722926930796083,0.14092028878398402
2020-01-09 00:00:00-05:00,67.74502304295821,68.15057373046875,67.45929798513244,68.15057373046875,2199400,0.0,0.0,0.05280829015544042,6.083607,0.0016,0.098500006,0.34451,0.06216,0.356,142027210752,0.181,29.523,12943287296,0.315,0.227,0.45,0.2202793529903911,-0.018757948025446166,1.0263519566298853,1.3765822818332791,-0.2290778130332124,0.013989854859610228,0.2309555732143903,0.18470131281221994,0.0025201104082715037,0.0006057380456292723,-0.031199179203312527,2.2997835971460456,231,0.06722926930796083,0.14092028878398402
2020-01-10 00:00:00-05:00,68.20585722203485,68.32567579103328,67.69891898392841,67.9293441772461,3650700,0.0,0.0,0.05280829015544042,6.083607,0.0016,0.098500006,0.34451,0.06216,0.356,142027210752,0.181,29.523,12943287296,0.315,0.227,0.45,0.2202793529903911,-0.018757948025446166,1.0263519566298853,1.3765822818332791,-0.2290778130332124,0.013989854859610228,0.2309555732143903,0.18470131281221994,0.0025201104082715037,0.0006057380456292723,-0.031199179203312527,2.2997835971460456,231,0.06722926930796083,0.14092028878398402
2020-01-13 00:00:00-05:00,67.92935673148123,69.06305198621428,67.92935673148123,69.0538330078125,3795900,0.0,0.0,0.05280829015544042,6.083607,0.0016,0.098500006,0.34451,0.06216,0.356,142027210752,0.181,29.523,12943287296,0.315,0.227,0.45,0.2202793529903911,-0.018757948025446166,1.0263519566298853,1.3765822818332791,-0.2290778130332124,0.013989854859610228,0.2309555732143903,0.18470131281221994,0.0025201104082715037,0.0006057380456292723,-0.031199179203312527,2.2997835971460456,231,0.06722926930796083,0.14092028878398402
2020-01-14 00:00:00-05:00,68.96167149630952,69.12757796470565,68.22430785187764,68.4363021850586,3191400,0.0,0.0,0.05280829015544042,6.083607,0.0016,0.098500006,0.34451,0.06216,0.356,142027210752,0.181,29.523,12943287296,0.315,0.227,0.45,0.2202793529903911,-0.018757948025446166,1.0263519566298853,1.3765822818332791,-0.2290778130332124,0.013989854859610228,0.2309555732143903,0.18470131281221994,0.0025201104082715037,0.0006057380456292723,-0.031199179203312527,2.2997835971460456,231,0.06722926930796083,0.14092028878398402
2020-01-15 00:00:00-05:00,68.38099736832076,70.02162397348692,68.2427408161058,69.79119873046875,4078700,0.0,0.0,0.05280829015544042,6.083607,0.0016,0.098500006,0.34451,0.06216,0.356,142027210752,0.181,29.523,12943287296,0.315,0.227,0.45,0.2202793529903911,-0.018757948025446166,1.0263519566298853,1.3765822818332791,-0.2290778130332124,0.013989854859610228,0.2309555732143903,0.18470131281221994,0.0025201104082715037,0.0006057380456292723,-0.031199179203312527,2.2997835971460456,231,0.06722926930796083,0.14092028878398402
2020-01-16 00:00:00-05:00,69.87415170615661,70.02162724394607,69.06305734437665,69.53312683105469,3180900,0.0,0.0,0.05280829015544042,6.083607,0.0016,0.098500006,0.34451,0.06216,0.356,142027210752,0.181,29.523,12943287296,0.315,0.227,0.45,0.2202793529903911,-0.018757948025446166,1.0263519566298853,1.3765822818332791,-0.2290778130332124,0.013989854859610228,0.2309555732143903,0.18470131281221994,0.0025201104082715037,0.0006057380456292723,-0.031199179203312527,2.2997835971460456,231,0.06722926930796083,0.14092028878398402
2020-01-17 00:00:00-05:00,70.08613096511067,70.96174392841037,69.95709341329848,70.32577514648438,4265000,0.0,0.0,0.05280829015544042,6.083607,0.0016,0.098500006,0.34451,0.06216,0.356,142027210752,0.181,29.523,12943287296,0.315,0.227,0.45,0.2202793529903911,-0.018757948025446166,1.0263519566298853,1.3765822818332791,-0.2290778130332124,0.013989854859610228,0.2309555732143903,0.18470131281221994,0.0025201104082715037,0.0006057380456292723,-0.031199179203312527,2.2997835971460456,231,0.06722926930796083,0.14092028878398402
2020-01-21 00:00:00-05:00,70.08615479749703,70.71291184743235,69.91102933247903,70.44561767578125,2686700,0.0,0.0,0.05280829015544042,6.083607,0.0016,0.098500006,0.34451,0.06216,0.356,142027210752,0.181,29.523,12943287296,0.315,0.227,0.45,0.2202793529903911,-0.018757948025446166,1.0263519566298853,1.3765822818332791,-0.2290778130332124,0.013989854859610228,0.2309555732143903,0.18470131281221994,0.0025201104082715037,0.0006057380456292723,-0.031199179203312527,2.2997835971460456,231,0.06722926930796083,0.14092028878398402
2020-01-22 00:00:00-05:00,70.58384418958079,71.1276442495229,70.18751259103946,70.19673156738281,2167300,0.0,0.0,0.05280829015544042,6.083607,0.0016,0.098500006,0.34451,0.06216,0.356,142027210752,0.181,29.523,12943287296,0.315,0.227,0.45,0.2202793529903911,-0.018757948025446166,1.0263519566298853,1.3765822818332791,-0.2290778130332124,0.013989854859610228,0.2309555732143903,0.18470131281221994,0.0025201104082715037,0.0006057380456292723,-0.031199179203312527,2.2997835971460456,231,0.06722926930796083,0.14092028878398402
2020-01-23 00:00:00-05:00,69.78196704213481,70.39029294827591,69.33955459404952,70.35342407226562,2190000,0.0,0.0,0.05280829015544042,6.083607,0.0016,0.098500006,0.34451,0.06216,0.356,142027210752,0.181,29.523,12943287296,0.315,0.227,0.45,0.2202793529903911,-0.018757948025446166,1.0263519566298853,1.3765822818332791,-0.2290778130332124,0.013989854859610228,0.2309555732143903,0.18470131281221994,0.0025201104082715037,0.0006057380456292723,-0.031199179203312527,2.2997835971460456,231,0.06722926930796083,0.14092028878398402
2020-01-24 00:00:00-05:00,70.51934092343141,70.84193484618781,70.31656559140737,70.74054718017578,1695100,0.0,0.0,0.05280829015544042,6.083607,0.0016,0.098500006,0.34451,0.06216,0.356,142027210752,0.181,29.523,12943287296,0.315,0.227,0.45,0.2202793529903911,-0.018757948025446166,1.0263519566298853,1.3765822818332791,-0.2290778130332124,0.013989854859610228,0.2309555732143903,0.18470131281221994,0.0025201104082715037,0.0006057380456292723,-0.031199179203312527,2.2997835971460456,231,0.06722926930796083,0.14092028878398402
2020-01-27 00:00:00-05:00,69.8372802734375,70.45482527537159,69.57920512374346,69.8372802734375,2490000,0.0,0.0,0.05280829015544042,6.083607,0.0016,0.098500006,0.34451,0.06216,0.356,142027210752,0.181,29.523,12943287296,0.315,0.227,0.45,0.2202793529903911,-0.018757948025446166,1.0263519566298853,1.3765822818332791,-0.2290778130332124,0.013989854859610228,0.2309555732143903,0.18470131281221994,0.0025201104082715037,0.0006057380456292723,-0.031199179203312527,2.2997835971460456,231,0.06722926930796083,0.14092028878398402
2020-01-28 00:00:00-05:00,70.11377602067124,70.72210189320451,69.94786960380023,70.46401977539062,4003900,0.0,0.0,0.05280829015544042,6.083607,0.0016,0.098500006,0.34451,0.06216,0.356,142027210752,0.181,29.523,12943287296,0.315,0.227,0.45,0.2202793529903911,-0.018757948025446166,1.0263519566298853,1.3765822818332791,-0.2290778130332124,0.013989854859610228,0.2309555732143903,0.18470131281221994,0.0025201104082715037,0.0006057380456292723,-0.031199179203312527,2.2997835971460456,231,0.06722926930796083,0.14092028878398402
2020-01-29 00:00:00-05:00,73.92041262052949,74.87898244255982,72.15074850232892,74.48265075683594,5230300,0.0,0.0,0.05280829015544042,6.083607,0.0016,0.098500006,0.34451,0.06216,0.356,142027210752,0.181,29.523,12943287296,0.315,0.227,0.45,0.2202793529903911,-0.018757948025446166,1.0263519566298853,1.3765822818332791,-0.2290778130332124,0.013989854859610228,0.2309555732143903,0.18470131281221994,0.0025201104082715037,0.0006057380456292723,-0.031199179203312527,2.2997835971460456,231,0.06722926930796083,0.14092028878398402
2020-01-30 00:00:00-05:00,73.49643320678983,75.45966076878722,72.76828859835187,75.36748504638672,4016700,0.0,0.0,0.05280829015544042,6.083607,0.0016,0.098500006,0.34451,0.06216,0.356,142027210752,0.181,29.523,12943287296,0.315,0.227,0.45,0.2202793529903911,-0.018757948025446166,1.0263519566298853,1.3765822818332791,-0.2290778130332124,0.013989854859610228,0.2309555732143903,0.18470131281221994,0.0025201104082715037,0.0006057380456292723,-0.031199179203312527,2.2997835971460456,231,0.06722926930796083,0.14092028878398402
2020-01-31 00:00:00-05:00,75.1462650914765,75.84675966837284,74.19691439269303,74.37203979492188,6531300,0.0,0.0,0.05280829015544042,6.083607,0.0016,0.098500006,0.34451,0.06216,0.356,142027210752,0.181,29.523,12943287296,0.315,0.227,0.45,0.2202793529903911,-0.018757948025446166,1.0263519566298853,1.3765822818332791,-0.2290778130332124,0.013989854859610228,0.2309555732143903,0.18470131281221994,0.0025201104082715037,0.0006057380456292723,-0.031199179203312527,2.2997835971460456,231,0.06722926930796083,0.14092028878398402
2020-02-03 00:00:00-05:00,74.77757900058488,75.64397995217665,74.05865354374006,74.26142883300781,2745500,0.0,0.0,0.05280829015544042,6.083607,0.0016,0.098500006,0.34451,0.06216,0.356,142027210752,0.181,29.523,12943287296,0.315,0.227,0.45,0.2202793529903911,-0.018757948025446166,1.0263519566298853,1.3765822818332791,-0.2290778130332124,0.013989854859610228,0.2309555732143903,0.18470131281221994,0.0025201104082715037,0.0006057380456292723,-0.031199179203312527,2.2997835971460456,231,0.06722926930796083,0.14092028878398402
2020-02-04 00:00:00-05:00,74.94348524959612,75.23842920641584,74.28907856515292,74.58402252197266,2166900,0.0,0.0,0.05280829015544042,6.083607,0.0016,0.098500006,0.34451,0.06216,0.356,142027210752,0.181,29.523,12943287296,0.315,0.227,0.45,0.2202793529903911,-0.018757948025446166,1.0263519566298853,1.3765822818332791,-0.2290778130332124,0.013989854859610228,0.2309555732143903,0.18470131281221994,0.0025201104082715037,0.0006057380456292723,-0.031199179203312527,2.2997835971460456,231,0.06722926930796083,0.14092028878398402
2020-02-05 00:00:00-05:00,75.2107772551174,76.50115966796875,74.99879002770274,76.50115966796875,2184500,0.0,0.0,0.05280829015544042,6.083607,0.0016,0.098500006,0.34451,0.06216,0.356,142027210752,0.181,29.523,12943287296,0.315,0.227,0.45,0.2202793529903911,-0.018757948025446166,1.0263519566298853,1.3765822818332791,-0.2290778130332124,0.013989854859610228,0.2309555732143903,0.18470131281221994,0.0025201104082715037,0.0006057380456292723,-0.031199179203312527,2.2997835971460456,231,0.06722926930796083,0.14092028878398402
2020-02-06 00:00:00-05:00,76.52882287706666,77.21087955872889,76.25231683251045,76.55647277832031,2804900,0.0,0.0,0.05280829015544042,6.083607,0.0016,0.098500006,0.34451,0.06216,0.356,142027210752,0.181,29.523,12943287296,0.315,0.227,0.45,0.2202793529903911,-0.018757948025446166,1.0263519566298853,1.3765822818332791,-0.2290778130332124,0.013989854859610228,0.2309555732143903,0.18470131281221994,0.0025201104082715037,0.0006057380456292723,-0.031199179203312527,2.2997835971460456,231,0.06722926930796083,0.14092028878398402
2020-02-07 00:00:00-05:00,76.50117002067707,77.10949595283729,76.19700705459695,76.74081420898438,2211900,0.0,0.0,0.05280829015544042,6.083607,0.0016,0.098500006,0.34451,0.06216,0.356,142027210752,0.181,29.523,12943287296,0.315,0.227,0.45,0.2202793529903911,-0.018757948025446166,1.0263519566298853,1.3765822818332791,-0.2290778130332124,0.013989854859610228,0.2309555732143903,0.18470131281221994,0.0025201104082715037,0.0006057380456292723,-0.031199179203312527,2.2997835971460456,231,0.06722926930796083,0.14092028878398402
2020-02-10 00:00:00-05:00,76.75925025043144,77.19245080094498,76.6855124903398,77.04497528076172,1512300,0.0,0.0,0.05280829015544042,6.083607,0.0016,0.098500006,0.34451,0.06216,0.356,142027210752,0.181,29.523,12943287296,0.315,0.227,0.45,0.2202793529903911,-0.018757948025446166,1.0263519566298853,1.3765822818332791,-0.2290778130332124,0.013989854859610228,0.2309555732143903,0.18470131281221994,0.0025201104082715037,0.0006057380456292723,-0.031199179203312527,2.2997835971460456,231,0.06722926930796083,0.14092028878398402
2020-02-11 00:00:00-05:00,77.05418261319812,77.47816412161683,76.8053265005245,77.10948944091797,2709400,0.0,0.0,0.05280829015544042,6.083607,0.0016,0.098500006,0.34451,0.06216,0.356,142027210752,0.181,29.523,12943287296,0.315,0.227,0.45,0.2202793529903911,-0.018757948025446166,1.0263519566298853,1.3765822818332791,-0.2290778130332124,0.013989854859610228,0.2309555732143903,0.18470131281221994,0.0025201104082715037,0.0006057380456292723,-0.031199179203312527,2.2997835971460456,231,0.06722926930796083,0.14092028878398402
2020-02-12 00:00:00-05:00,77.23853888190804,77.26618878401725,75.69008107561426,76.72238159179688,2887700,0.0,0.0,0.05280829015544042,6.083607,0.0016,0.098500006,0.34451,0.06216,0.356,142027210752,0.181,29.523,12943287296,0.315,0.227,0.45,0.2202793529903911,-0.018757948025446166,1.0263519566298853,1.3765822818332791,-0.2290778130332124,0.013989854859610228,0.2309555732143903,0.18470131281221994,0.0025201104082715037,0.0006057380456292723,-0.031199179203312527,2.2997835971460456,231,0.06722926930796083,0.14092028878398402
2020-02-13 00:00:00-05:00,76.68551252795197,77.37678820710545,76.37213759543859,77.29383850097656,1689700,0.0,0.0,0.05280829015544042,6.083607,0.0016,0.098500006,0.34451,0.06216,0.356,142027210752,0.181,29.523,12943287296,0.315,0.227,0.45,0.2202793529903911,-0.018757948025446166,1.0263519566298853,1.3765822818332791,-0.2290778130332124,0.013989854859610228,0.2309555732143903,0.18470131281221994,0.0025201104082715037,0.0006057380456292723,-0.031199179203312527,2.2997835971460456,231,0.06722926930796083,0.14092028878398402
2020-02-14 00:00:00-05:00,77.29384083489192,77.50582811163558,76.80534046532952,77.21088409423828,1709100,0.0,0.0,0.05280829015544042,6.083607,0.0016,0.098500006,0.34451,0.06216,0.356,142027210752,0.181,29.523,12943287296,0.315,0.227,0.45,0.2202793529903911,-0.018757948025446166,1.0263519566298853,1.3765822818332791,-0.2290778130332124,0.013989854859610228,0.2309555732143903,0.18470131281221994,0.0025201104082715037,0.0006057380456292723,-0.031199179203312527,2.2997835971460456,231,0.06722926930796083,0.14092028878398402
2020-02-18 00:00:00-05:00,77.22008627626779,77.60719889639648,76.51037980603188,76.86984252929688,2720000,0.0,0.0,0.05280829015544042,6.083607,0.0016,0.098500006,0.34451,0.06216,0.356,142027210752,0.181,29.523,12943287296,0.315,0.227,0.45,0.2202793529903911,-0.018757948025446166,1.0263519566298853,1.3765822818332791,-0.2290778130332124,0.013989854859610228,0.2309555732143903,0.18470131281221994,0.0025201104082715037,0.0006057380456292723,-0.031199179203312527,2.2997835971460456,231,0.06722926930796083,0.14092028878398402
2020-02-19 00:00:00-05:00,75.33060812326687,76.77767807196055,74.64854448048008,75.04487609863281,4417500,0.0,0.0,0.05280829015544042,6.083607,0.0016,0.098500006,0.34451,0.06216,0.356,142027210752,0.181,29.523,12943287296,0.315,0.227,0.45,0.2202793529903911,-0.018757948025446166,1.0263519566298853,1.3765822818332791,-0.2290778130332124,0.013989854859610228,0.2309555732143903,0.18470131281221994,0.0025201104082715037,0.0006057380456292723,-0.031199179203312527,2.2997835971460456,231,0.06722926930796083,0.14092028878398402
2020-02-20 00:00:00-05:00,74.39969245362309,75.22000563340997,74.21534806759163,74.51029205322266,2835600,0.0,0.0,0.05280829015544042,6.083607,0.0016,0.098500006,0.34451,0.06216,0.356,142027210752,0.181,29.523,12943287296,0.315,0.227,0.45,0.2202793529903911,-0.018757948025446166,1.0263519566298853,1.3765822818332791,-0.2290778130332124,0.013989854859610228,0.2309555732143903,0.18470131281221994,0.0025201104082715037,0.0006057380456292723,-0.031199179203312527,2.2997835971460456,231,0.06722926930796083,0.14092028878398402
2020-02-21 00:00:00-05:00,74.30751608784452,75.32138549404252,73.97570325934066,75.08174133300781,2730500,0.0,0.0,0.05280829015544042,6.083607,0.0016,0.098500006,0.34451,0.06216,0.356,142027210752,0.181,29.523,12943287296,0.315,0.227,0.45,0.2202793529903911,-0.018757948025446166,1.0263519566298853,1.3765822818332791,-0.2290778130332124,0.013989854859610228,0.2309555732143903,0.18470131281221994,0.0025201104082715037,0.0006057380456292723,-0.031199179203312527,2.2997835971460456,231,0.06722926930796083,0.14092028878398402
2020-02-24 00:00:00-05:00,73.87432490422259,74.88819443790105,73.46877427794342,74.63011932373047,3660400,0.0,0.0,0.05280829015544042,6.083607,0.0016,0.098500006,0.34451,0.06216,0.356,142027210752,0.181,29.523,12943287296,0.315,0.227,0.45,0.2202793529903911,-0.018757948025446166,1.0263519566298853,1.3765822818332791,-0.2290778130332124,0.013989854859610228,0.2309555732143903,0.18470131281221994,0.0025201104082715037,0.0006057380456292723,-0.031199179203312527,2.2997835971460456,231,0.06722926930796083,0.14092028878398402
2020-02-25 00:00:00-05:00,74.59324308771538,74.68541175768188,73.3489484631209,73.7360610961914,4476300,0.0,0.0,0.05280829015544042,6.083607,0.0016,0.098500006,0.34451,0.06216,0.356,142027210752,0.181,29.523,12943287296,0.315,0.227,0.45,0.2202793529903911,-0.018757948025446166,1.0263519566298853,1.3765822818332791,-0.2290778130332124,0.013989854859610228,0.2309555732143903,0.18470131281221994,0.0025201104082715037,0.0006057380456292723,-0.031199179203312527,2.2997835971460456,231,0.06722926930796083,0.14092028878398402
2020-02-26 00:00:00-05:00,74.1139696604386,75.14627012499122,73.23834962266184,73.4134750366211,3293700,0.0,0.0,0.05280829015544042,6.083607,0.0016,0.098500006,0.34451,0.06216,0.356,142027210752,0.181,29.523,12943287296,0.315,0.227,0.45,0.2202793529903911,-0.018757948025446166,1.0263519566298853,1.3765822818332791,-0.2290778130332124,0.013989854859610228,0.2309555732143903,0.18470131281221994,0.0025201104082715037,0.0006057380456292723,-0.031199179203312527,2.2997835971460456,231,0.06722926930796083,0.14092028878398402
2020-02-27 00:00:00-05:00,72.94339179756199,73.65310526439404,70.26124645537445,70.30732727050781,3187800,0.0,0.0,0.05280829015544042,6.083607,0.0016,0.098500006,0.34451,0.06216,0.356,142027210752,0.181,29.523,12943287296,0.315,0.227,0.45,0.2202793529903911,-0.018757948025446166,1.0263519566298853,1.3765822818332791,-0.2290778130332124,0.013989854859610228,0.2309555732143903,0.18470131281221994,0.0025201104082715037,0.0006057380456292723,-0.031199179203312527,2.2997835971460456,231,0.06722926930796083,0.14092028878398402
2020-02-28 00:00:00-05:00,69.01694463460613,69.9847331648872,66.03985536545018,67.43162536621094,7029900,0.0,0.0,0.05280829015544042,6.083607,0.0016,0.098500006,0.34451,0.06216,0.356,142027210752,0.181,29.523,12943287296,0.315,0.227,0.45,0.2202793529903911,-0.018757948025446166,1.0263519566298853,1.3765822818332791,-0.2290778130332124,0.013989854859610228,0.2309555732143903,0.18470131281221994,0.0025201104082715037,0.0006057380456292723,-0.031199179203312527,2.2997835971460456,231,0.06722926930796083,0.14092028878398402
2020-03-02 00:00:00-05:00,67.83717191056178,72.73140753897954,67.82795293435245,72.70375061035156,4671600,0.0,0.0,0.05280829015544042,6.083607,0.0016,0.098500006,0.34451,0.06216,0.356,142027210752,0.181,29.523,12943287296,0.315,0.227,0.45,0.2202793529903911,-0.018757948025446166,1.0263519566298853,1.3765822818332791,-0.2290778130332124,0.013989854859610228,0.2309555732143903,0.18470131281221994,0.0025201104082715037,0.0006057380456292723,-0.031199179203312527,2.2997835971460456,231,0.06722926930796083,0.14092028878398402
2020-03-03 00:00:00-05:00,72.52863959431593,73.70841551583678,70.24281847235493,71.19216918945312,3930600,0.0,0.0,0.05280829015544042,6.083607,0.0016,0.098500006,0.34451,0.06216,0.356,142027210752,0.181,29.523,12943287296,0.315,0.227,0.45,0.2202793529903911,-0.018757948025446166,1.0263519566298853,1.3765822818332791,-0.2290778130332124,0.013989854859610228,0.2309555732143903,0.18470131281221994,0.0025201104082715037,0.0006057380456292723,-0.031199179203312527,2.2997835971460456,231,0.06722926930796083,0.14092028878398402
2020-03-04 00:00:00-05:00,71.92031689024411,74.84210692508556,71.70832963064159,74.703857421875,3717100,0.0,0.0,0.05280829015544042,6.083607,0.0016,0.098500006,0.34451,0.06216,0.356,142027210752,0.181,29.523,12943287296,0.315,0.227,0.45,0.2202793529903911,-0.018757948025446166,1.0263519566298853,1.3765822818332791,-0.2290778130332124,0.013989854859610228,0.2309555732143903,0.18470131281221994,0.0025201104082715037,0.0006057380456292723,-0.031199179203312527,2.2997835971460456,231,0.06722926930796083,0.14092028878398402
2020-03-05 00:00:00-05:00,72.61156967852794,74.63009617426718,72.37192556169626,74.2337646484375,4157800,0.0,0.0,0.05280829015544042,6.083607,0.0016,0.098500006,0.34451,0.06216,0.356,142027210752,0.181,29.523,12943287296,0.315,0.227,0.45,0.2202793529903911,-0.018757948025446166,1.0263519566298853,1.3765822818332791,-0.2290778130332124,0.013989854859610228,0.2309555732143903,0.18470131281221994,0.0025201104082715037,0.0006057380456292723,-0.031199179203312527,2.2997835971460456,231,0.06722926930796083,0.14092028878398402
2020-03-06 00:00:00-05:00,71.82815291409001,74.63934353044051,71.54242787938618,74.2153549194336,4836100,0.0,0.0,0.05280829015544042,6.083607,0.0016,0.098500006,0.34451,0.06216,0.356,142027210752,0.181,29.523,12943287296,0.315,0.227,0.45,0.2202793529903911,-0.018757948025446166,1.0263519566298853,1.3765822818332791,-0.2290778130332124,0.013989854859610228,0.2309555732143903,0.18470131281221994,0.0025201104082715037,0.0006057380456292723,-0.031199179203312527,2.2997835971460456,231,0.06722926930796083,0.14092028878398402
2020-03-09 00:00:00-04:00,69.51465496777944,71.41336291463013,67.65282291941097,69.39483642578125,6472600,0.0,0.0,0.05280829015544042,6.083607,0.0016,0.098500006,0.34451,0.06216,0.356,142027210752,0.181,29.523,12943287296,0.315,0.227,0.45,0.2202793529903911,-0.018757948025446166,1.0263519566298853,1.3765822818332791,-0.2290778130332124,0.013989854859610228,0.2309555732143903,0.18470131281221994,0.0025201104082715037,0.0006057380456292723,-0.031199179203312527,2.2997835971460456,231,0.06722926930796083,0.14092028878398402
2020-03-10 00:00:00-04:00,71.21060147634276,71.89265805818597,68.7588741210408,71.85578918457031,4653600,0.0,0.0,0.05280829015544042,6.083607,0.0016,0.098500006,0.34451,0.06216,0.356,142027210752,0.181,29.523,12943287296,0.315,0.227,0.45,0.2202793529903911,-0.018757948025446166,1.0263519566298853,1.3765822818332791,-0.2290778130332124,0.013989854859610228,0.2309555732143903,0.18470131281221994,0.0025201104082715037,0.0006057380456292723,-0.031199179203312527,2.2997835971460456,231,0.06722926930796083,0.14092028878398402
2020-03-11 00:00:00-04:00,69.6253051613018,69.73591182995025,67.50538972034704,69.22897338867188,5388100,0.0,0.0,0.05280829015544042,6.083607,0.0016,0.098500006,0.34451,0.06216,0.356,142027210752,0.181,29.523,12943287296,0.315,0.227,0.45,0.2202793529903911,-0.018757948025446166,1.0263519566298853,1.3765822818332791,-0.2290778130332124,0.013989854859610228,0.2309555732143903,0.18470131281221994,0.0025201104082715037,0.0006057380456292723,-0.031199179203312527,2.2997835971460456,231,0.06722926930796083,0.14092028878398402
2020-03-12 00:00:00-04:00,64.30706511447117,67.60675584023299,62.795476285287876,64.16881561279297,7255100,0.0,0.0,0.05280829015544042,6.083607,0.0016,0.098500006,0.34451,0.06216,0.356,142027210752,0.181,29.523,12943287296,0.315,0.227,0.45,0.2202793529903911,-0.018757948025446166,1.0263519566298853,1.3765822818332791,-0.2290778130332124,0.013989854859610228,0.2309555732143903,0.18470131281221994,0.0025201104082715037,0.0006057380456292723,-0.031199179203312527,2.2997835971460456,231,0.06722926930796083,0.14092028878398402
2020-03-13 00:00:00-04:00,67.68049970612003,72.02171025123299,65.44998513875771,71.95719146728516,5919000,0.0,0.0,0.05280829015544042,6.083607,0.0016,0.098500006,0.34451,0.06216,0.356,142027210752,0.181,29.523,12943287296,0.315,0.227,0.45,0.2202793529903911,-0.018757948025446166,1.0263519566298853,1.3765822818332791,-0.2290778130332124,0.013989854859610228,0.2309555732143903,0.18470131281221994,0.0025201104082715037,0.0006057380456292723,-0.031199179203312527,2.2997835971460456,231,0.06722926930796083,0.14092028878398402
2020-03-16 00:00:00-04:00,62.233233441389004,69.17364620717325,61.37605143650052,67.2841567993164,5809900,0.0,0.0,0.05280829015544042,6.083607,0.0016,0.098500006,0.34451,0.06216,0.356,142027210752,0.181,29.523,12943287296,0.315,0.227,0.45,0.2202793529903911,-0.018757948025446166,1.0263519566298853,1.3765822818332791,-0.2290778130332124,0.013989854859610228,0.2309555732143903,0.18470131281221994,0.0025201104082715037,0.0006057380456292723,-0.031199179203312527,2.2997835971460456,231,0.06722926930796083,0.14092028878398402
2020-03-17 00:00:00-04:00,69.22894284657258,72.48254531967301,67.21963496072328,71.23825073242188,6868800,0.0,0.0,0.05280829015544042,6.083607,0.0016,0.098500006,0.34451,0.06216,0.356,142027210752,0.181,29.523,12943287296,0.315,0.227,0.45,0.2202793529903911,-0.018757948025446166,1.0263519566298853,1.3765822818332791,-0.2290778130332124,0.013989854859610228,0.2309555732143903,0.18470131281221994,0.0025201104082715037,0.0006057380456292723,-0.031199179203312527,2.2997835971460456,231,0.06722926930796083,0.14092028878398402
2020-03-18 00:00:00-04:00,67.5422288342345,68.84183024784978,63.413013473339554,66.5007095336914,4979200,0.0,0.0,0.05280829015544042,6.083607,0.0016,0.098500006,0.34451,0.06216,0.356,142027210752,0.181,29.523,12943287296,0.315,0.227,0.45,0.2202793529903911,-0.018757948025446166,1.0263519566298853,1.3765822818332791,-0.2290778130332124,0.013989854859610228,0.2309555732143903,0.18470131281221994,0.0025201104082715037,0.0006057380456292723,-0.031199179203312527,2.2997835971460456,231,0.06722926930796083,0.14092028878398402
2020-03-19 00:00:00-04:00,65.76335324310547,66.13203498391442,61.03503048588704,61.79082489013672,6030000,0.0,0.0,0.05280829015544042,6.083607,0.0016,0.098500006,0.34451,0.06216,0.356,142027210752,0.181,29.523,12943287296,0.315,0.227,0.45,0.2202793529903911,-0.018757948025446166,1.0263519566298853,1.3765822818332791,-0.2290778130332124,0.013989854859610228,0.2309555732143903,0.18470131281221994,0.0025201104082715037,0.0006057380456292723,-0.031199179203312527,2.2997835971460456,231,0.06722926930796083,0.14092028878398402
2020-03-20 00:00:00-04:00,61.93828874806294,66.24263667557081,60.085675268894,62.9337272644043,6943400,0.0,0.0,0.05280829015544042,6.083607,0.0016,0.098500006,0.34451,0.06216,0.356,142027210752,0.181,29.523,12943287296,0.315,0.227,0.45,0.2202793529903911,-0.018757948025446166,1.0263519566298853,1.3765822818332791,-0.2290778130332124,0.013989854859610228,0.2309555732143903,0.18470131281221994,0.0025201104082715037,0.0006057380456292723,-0.031199179203312527,2.2997835971460456,231,0.06722926930796083,0.14092028878398402
2020-03-23 00:00:00-04:00,61.753965508030525,63.348511293595514,57.311367076644075,61.339202880859375,5880300,0.0,0.0,0.05280829015544042,6.083607,0.0016,0.098500006,0.34451,0.06216,0.356,142027210752,0.181,29.523,12943287296,0.315,0.227,0.45,0.2202793529903911,-0.018757948025446166,1.0263519566298853,1.3765822818332791,-0.2290778130332124,0.013989854859610228,0.2309555732143903,0.18470131281221994,0.0025201104082715037,0.0006057380456292723,-0.031199179203312527,2.2997835971460456,231,0.06722926930796083,0.14092028878398402
2020-03-24 00:00:00-04:00,64.67574718533862,66.26107377806328,61.86456380211733,63.63422775268555,5913100,0.0,0.0,0.05280829015544042,6.083607,0.0016,0.098500006,0.34451,0.06216,0.356,142027210752,0.181,29.523,12943287296,0.315,0.227,0.45,0.2202793529903911,-0.018757948025446166,1.0263519566298853,1.3765822818332791,-0.2290778130332124,0.013989854859610228,0.2309555732143903,0.18470131281221994,0.0025201104082715037,0.0006057380456292723,-0.031199179203312527,2.2997835971460456,231,0.06722926930796083,0.14092028878398402
2020-03-25 00:00:00-04:00,63.58813711855683,67.08138404359508,62.77704293466091,64.47296905517578,4536400,0.0,0.0,0.05280829015544042,6.083607,0.0016,0.098500006,0.34451,0.06216,0.356,142027210752,0.181,29.523,12943287296,0.315,0.227,0.45,0.2202793529903911,-0.018757948025446166,1.0263519566298853,1.3765822818332791,-0.2290778130332124,0.013989854859610228,0.2309555732143903,0.18470131281221994,0.0025201104082715037,0.0006057380456292723,-0.031199179203312527,2.2997835971460456,231,0.06722926930796083,0.14092028878398402
2020-03-26 00:00:00-04:00,65.3117119448393,70.60227197607564,64.6204364221649,69.88334655761719,4861700,0.0,0.0,0.05280829015544042,6.083607,0.0016,0.098500006,0.34451,0.06216,0.356,142027210752,0.181,29.523,12943287296,0.315,0.227,0.45,0.2202793529903911,-0.018757948025446166,1.0263519566298853,1.3765822818332791,-0.2290778130332124,0.013989854859610228,0.2309555732143903,0.18470131281221994,0.0025201104082715037,0.0006057380456292723,-0.031199179203312527,2.2997835971460456,231,0.06722926930796083,0.14092028878398402
2020-03-27 00:00:00-04:00,67.07218472657944,68.8879369855041,65.99379614698155,67.78189849853516,4481900,0.0,0.0,0.05280829015544042,6.083607,0.0016,0.098500006,0.34451,0.06216,0.356,142027210752,0.181,29.523,12943287296,0.315,0.227,0.45,0.2202793529903911,-0.018757948025446166,1.0263519566298853,1.3765822818332791,-0.2290778130332124,0.013989854859610228,0.2309555732143903,0.18470131281221994,0.0025201104082715037,0.0006057380456292723,-0.031199179203312527,2.2997835971460456,231,0.06722926930796083,0.14092028878398402
2020-03-30 00:00:00-04:00,68.36253625974017,70.81426339053752,67.39475478601855,70.21515655517578,4367600,0.0,0.0,0.05280829015544042,6.083607,0.0016,0.098500006,0.34451,0.06216,0.356,142027210752,0.181,29.523,12943287296,0.315,0.227,0.45,0.2202793529903911,-0.018757948025446166,1.0263519566298853,1.3765822818332791,-0.2290778130332124,0.013989854859610228,0.2309555732143903,0.18470131281221994,0.0025201104082715037,0.0006057380456292723,-0.031199179203312527,2.2997835971460456,231,0.06722926930796083,0.14092028878398402
2020-03-31 00:00:00-04:00,69.48702689437431,69.86492762028543,67.6159752838882,68.05838775634766,3865800,0.0,0.0,0.05280829015544042,6.083607,0.0016,0.098500006,0.34451,0.06216,0.356,142027210752,0.181,29.523,12943287296,0.315,0.227,0.45,0.2202793529903911,-0.018757948025446166,1.0263519566298853,1.3765822818332791,-0.2290778130332124,0.013989854859610228,0.2309555732143903,0.18470131281221994,0.0025201104082715037,0.0006057380456292723,-0.031199179203312527,2.2997835971460456,231,0.06722926930796083,0.14092028878398402
2020-04-01 00:00:00-04:00,65.77256651686315,67.37632386348767,65.18267859552957,66.69426727294922,4397300,0.0,0.0,0.05280829015544042,6.083607,0.0016,0.098500006,0.34451,0.06216,0.356,142027210752,0.181,29.523,12943287296,0.315,0.227,0.45,0.2202793529903911,-0.018757948025446166,1.0263519566298853,1.3765822818332791,-0.2290778130332124,0.013989854859610228,0.2309555732143903,0.18470131281221994,0.0025201104082715037,0.0006057380456292723,-0.031199179203312527,2.2997835971460456,231,0.06722926930796083,0.14092028878398402
2020-04-02 00:00:00-04:00,66.24264941033148,71.46869207777146,66.12282378705795,70.56542205810547,3836400,0.0,0.0,0.05280829015544042,6.083607,0.0016,0.098500006,0.34451,0.06216,0.356,142027210752,0.181,29.523,12943287296,0.315,0.227,0.45,0.2202793529903911,-0.018757948025446166,1.0263519566298853,1.3765822818332791,-0.2290778130332124,0.013989854859610228,0.2309555732143903,0.18470131281221994,0.0025201104082715037,0.0006057380456292723,-0.031199179203312527,2.2997835971460456,231,0.06722926930796083,0.14092028878398402
2020-04-03 00:00:00-04:00,70.26125158207368,70.74053288013754,69.0538188123794,69.99395751953125,2745600,0.0,0.0,0.05280829015544042,6.083607,0.0016,0.098500006,0.34451,0.06216,0.356,142027210752,0.181,29.523,12943287296,0.315,0.227,0.45,0.2202793529903911,-0.018757948025446166,1.0263519566298853,1.3765822818332791,-0.2290778130332124,0.013989854859610228,0.2309555732143903,0.18470131281221994,0.0025201104082715037,0.0006057380456292723,-0.031199179203312527,2.2997835971460456,231,0.06722926930796083,0.14092028878398402
2020-04-06 00:00:00-04:00,71.75673500659276,72.3843183082378,68.36963422095046,70.13240051269531,4435300,0.1,0.0,0.05280829015544042,6.083607,0.0016,0.098500006,0.34451,0.06216,0.356,142027210752,0.181,29.523,12943287296,0.315,0.227,0.45,0.2202793529903911,-0.018757948025446166,1.0263519566298853,1.3765822818332791,-0.2290778130332124,0.013989854859610228,0.2309555732143903,0.18470131281221994,0.0025201104082715037,0.0006057380456292723,-0.031199179203312527,2.2997835971460456,231,0.06722926930796083,0.14092028878398402
2020-04-07 00:00:00-04:00,71.8767165347765,72.54121737543235,69.59711926376593,69.77246856689453,4581000,0.0,0.0,0.05280829015544042,6.083607,0.0016,0.098500006,0.34451,0.06216,0.356,142027210752,0.181,29.523,12943287296,0.315,0.227,0.45,0.2202793529903911,-0.018757948025446166,1.0263519566298853,1.3765822818332791,-0.2290778130332124,0.013989854859610228,0.2309555732143903,0.18470131281221994,0.0025201104082715037,0.0006057380456292723,-0.031199179203312527,2.2997835971460456,231,0.06722926930796083,0.14092028878398402
2020-04-08 00:00:00-04:00,70.23392496401289,72.49507399315172,68.88646808881661,71.8121109008789,4076300,0.0,0.0,0.05280829015544042,6.083607,0.0016,0.098500006,0.34451,0.06216,0.356,142027210752,0.181,29.523,12943287296,0.315,0.227,0.45,0.2202793529903911,-0.018757948025446166,1.0263519566298853,1.3765822818332791,-0.2290778130332124,0.013989854859610228,0.2309555732143903,0.18470131281221994,0.0025201104082715037,0.0006057380456292723,-0.031199179203312527,2.2997835971460456,231,0.06722926930796083,0.14092028878398402
2020-04-09 00:00:00-04:00,72.82732518804468,74.53471885449433,72.09822050037643,74.1932373046875,4811800,0.0,0.0,0.05280829015544042,6.083607,0.0016,0.098500006,0.34451,0.06216,0.356,142027210752,0.181,29.523,12943287296,0.315,0.227,0.45,0.2202793529903911,-0.018757948025446166,1.0263519566298853,1.3765822818332791,-0.2290778130332124,0.013989854859610228,0.2309555732143903,0.18470131281221994,0.0025201104082715037,0.0006057380456292723,-0.031199179203312527,2.2997835971460456,231,0.06722926930796083,0.14092028878398402
2020-04-13 00:00:00-04:00,73.83330376241966,73.83330376241966,70.94457828758031,71.15684509277344,2625300,0.0,0.0,0.05280829015544042,6.083607,0.0016,0.098500006,0.34451,0.06216,0.356,142027210752,0.181,29.523,12943287296,0.315,0.227,0.45,0.2202793529903911,-0.018757948025446166,1.0263519566298853,1.3765822818332791,-0.2290778130332124,0.013989854859610228,0.2309555732143903,0.18470131281221994,0.0025201104082715037,0.0006057380456292723,-0.031199179203312527,2.2997835971460456,231,0.06722926930796083,0.14092028878398402
2020-04-14 00:00:00-04:00,72.97497538430622,75.17151315657412,72.65195615916257,74.26705932617188,2912300,0.0,0.0,0.05280829015544042,6.083607,0.0016,0.098500006,0.34451,0.06216,0.356,142027210752,0.181,29.523,12943287296,0.315,0.227,0.45,0.2202793529903911,-0.018757948025446166,1.0263519566298853,1.3765822818332791,-0.2290778130332124,0.013989854859610228,0.2309555732143903,0.18470131281221994,0.0025201104082715037,0.0006057380456292723,-0.031199179203312527,2.2997835971460456,231,0.06722926930796083,0.14092028878398402
2020-04-15 00:00:00-04:00,68.58191903145861,73.907150882167,67.0775677553431,73.14112854003906,3223800,0.0,0.0,0.05280829015544042,6.083607,0.0016,0.098500006,0.34451,0.06216,0.356,142027210752,0.181,29.523,12943287296,0.315,0.227,0.45,0.2202793529903911,-0.018757948025446166,1.0263519566298853,1.3765822818332791,-0.2290778130332124,0.013989854859610228,0.2309555732143903,0.18470131281221994,0.0025201104082715037,0.0006057380456292723,-0.031199179203312527,2.2997835971460456,231,0.06722926930796083,0.14092028878398402
2020-04-16 00:00:00-04:00,73.02113212132849,73.68562586920979,71.87671096606738,72.99343872070312,2877400,0.0,0.0,0.05280829015544042,6.083607,0.0016,0.098500006,0.34451,0.06216,0.356,142027210752,0.181,29.523,12943287296,0.315,0.227,0.45,0.2202793529903911,-0.018757948025446166,1.0263519566298853,1.3765822818332791,-0.2290778130332124,0.013989854859610228,0.2309555732143903,0.18470131281221994,0.0025201104082715037,0.0006057380456292723,-0.031199179203312527,2.2997835971460456,231,0.06722926930796083,0.14092028878398402
2020-04-17 00:00:00-04:00,74.78390639958282,76.51899354391252,73.15034765249231,76.14059448242188,3507700,0.0,0.0,0.05280829015544042,6.083607,0.0016,0.098500006,0.34451,0.06216,0.356,142027210752,0.181,29.523,12943287296,0.315,0.227,0.45,0.2202793529903911,-0.018757948025446166,1.0263519566298853,1.3765822818332791,-0.2290778130332124,0.013989854859610228,0.2309555732143903,0.18470131281221994,0.0025201104082715037,0.0006057380456292723,-0.031199179203312527,2.2997835971460456,231,0.06722926930796083,0.14092028878398402
2020-04-20 00:00:00-04:00,75.38379622282136,75.86370955326959,74.63623634684343,75.6237564086914,2881700,0.0,0.0,0.05280829015544042,6.083607,0.0016,0.098500006,0.34451,0.06216,0.356,142027210752,0.181,29.523,12943287296,0.315,0.227,0.45,0.2202793529903911,-0.018757948025446166,1.0263519566298853,1.3765822818332791,-0.2290778130332124,0.013989854859610228,0.2309555732143903,0.18470131281221994,0.0025201104082715037,0.0006057380456292723,-0.031199179203312527,2.2997835971460456,231,0.06722926930796083,0.14092028878398402
2020-04-21 00:00:00-04:00,73.87019572926972,76.15902341174822,73.62100447206973,74.98692321777344,4441800,0.0,0.0,0.05280829015544042,6.083607,0.0016,0.098500006,0.34451,0.06216,0.356,142027210752,0.181,29.523,12943287296,0.315,0.227,0.45,0.2202793529903911,-0.018757948025446166,1.0263519566298853,1.3765822818332791,-0.2290778130332124,0.013989854859610228,0.2309555732143903,0.18470131281221994,0.0025201104082715037,0.0006057380456292723,-0.031199179203312527,2.2997835971460456,231,0.06722926930796083,0.14092028878398402
2020-04-22 00:00:00-04:00,76.17748864407379,76.45435922351248,75.25457263003067,76.13134002685547,2323900,0.0,0.0,0.05280829015544042,6.083607,0.0016,0.098500006,0.34451,0.06216,0.356,142027210752,0.181,29.523,12943287296,0.315,0.227,0.45,0.2202793529903911,-0.018757948025446166,1.0263519566298853,1.3765822818332791,-0.2290778130332124,0.013989854859610228,0.2309555732143903,0.18470131281221994,0.0025201104082715037,0.0006057380456292723,-0.031199179203312527,2.2997835971460456,231,0.06722926930796083,0.14092028878398402
2020-04-23 00:00:00-04:00,76.35285191462563,76.35285191462563,74.93156027821242,75.31918334960938,2667700,0.0,0.0,0.05280829015544042,6.083607,0.0016,0.098500006,0.34451,0.06216,0.356,142027210752,0.181,29.523,12943287296,0.315,0.227,0.45,0.2202793529903911,-0.018757948025446166,1.0263519566298853,1.3765822818332791,-0.2290778130332124,0.013989854859610228,0.2309555732143903,0.18470131281221994,0.0025201104082715037,0.0006057380456292723,-0.031199179203312527,2.2997835971460456,231,0.06722926930796083,0.14092028878398402
2020-04-24 00:00:00-04:00,75.84524133580247,76.57434586088364,74.64544765325557,76.4820556640625,2439600,0.0,0.0,0.05280829015544042,6.083607,0.0016,0.098500006,0.34451,0.06216,0.356,142027210752,0.181,29.523,12943287296,0.315,0.227,0.45,0.2202793529903911,-0.018757948025446166,1.0263519566298853,1.3765822818332791,-0.2290778130332124,0.013989854859610228,0.2309555732143903,0.18470131281221994,0.0025201104082715037,0.0006057380456292723,-0.031199179203312527,2.2997835971460456,231,0.06722926930796083,0.14092028878398402
2020-04-27 00:00:00-04:00,76.60204963649558,76.87892733121669,75.90063130681644,76.56513214111328,5399600,0.0,0.0,0.05280829015544042,6.083607,0.0016,0.098500006,0.34451,0.06216,0.356,142027210752,0.181,29.523,12943287296,0.315,0.227,0.45,0.2202793529903911,-0.018757948025446166,1.0263519566298853,1.3765822818332791,-0.2290778130332124,0.013989854859610228,0.2309555732143903,0.18470131281221994,0.0025201104082715037,0.0006057380456292723,-0.031199179203312527,2.2997835971460456,231,0.06722926930796083,0.14092028878398402
2020-04-28 00:00:00-04:00,77.1465715419815,77.36807652774566,74.72853529837748,74.88542938232422,3264000,0.0,0.0,0.05280829015544042,6.083607,0.0016,0.098500006,0.34451,0.06216,0.356,142027210752,0.181,29.523,12943287296,0.315,0.227,0.45,0.2202793529903911,-0.018757948025446166,1.0263519566298853,1.3765822818332791,-0.2290778130332124,0.013989854859610228,0.2309555732143903,0.18470131281221994,0.0025201104082715037,0.0006057380456292723,-0.031199179203312527,2.2997835971460456,231,0.06722926930796083,0.14092028878398402
2020-04-29 00:00:00-04:00,75.45764261485571,75.45764261485571,73.2057244716024,73.64872741699219,4780300,0.0,0.0,0.05280829015544042,6.083607,0.0016,0.098500006,0.34451,0.06216,0.356,142027210752,0.181,29.523,12943287296,0.315,0.227,0.45,0.2202793529903911,-0.018757948025446166,1.0263519566298853,1.3765822818332791,-0.2290778130332124,0.013989854859610228,0.2309555732143903,0.18470131281221994,0.0025201104082715037,0.0006057380456292723,-0.031199179203312527,2.2997835971460456,231,0.06722926930796083,0.14092028878398402
2020-04-30 00:00:00-04:00,72.72578951760379,73.26107548965713,70.93533007911013,71.34141540527344,3852600,0.0,0.0,0.05280829015544042,6.083607,0.0016,0.098500006,0.34451,0.06216,0.356,142027210752,0.181,29.523,12943287296,0.315,0.227,0.45,0.2202793529903911,-0.018757948025446166,1.0263519566298853,1.3765822818332791,-0.2290778130332124,0.013989854859610228,0.2309555732143903,0.18470131281221994,0.0025201104082715037,0.0006057380456292723,-0.031199179203312527,2.2997835971460456,231,0.06722926930796083,0.14092028878398402
2020-05-01 00:00:00-04:00,70.51078189892083,71.21220001148865,69.68938724446632,70.3077392578125,2869100,0.0,0.0,0.05280829015544042,6.083607,0.0016,0.098500006,0.34451,0.06216,0.356,142027210752,0.181,29.523,12943287296,0.315,0.227,0.45,0.2202793529903911,-0.018757948025446166,1.0263519566298853,1.3765822818332791,-0.2290778130332124,0.013989854859610228,0.2309555732143903,0.18470131281221994,0.0025201104082715037,0.0006057380456292723,-0.031199179203312527,2.2997835971460456,231,0.06722926930796083,0.14092028878398402
2020-05-04 00:00:00-04:00,70.02163609036046,70.20621646497536,69.04334038928967,70.003173828125,2928800,0.0,0.0,0.05280829015544042,6.083607,0.0016,0.098500006,0.34451,0.06216,0.356,142027210752,0.181,29.523,12943287296,0.315,0.227,0.45,0.2202793529903911,-0.018757948025446166,1.0263519566298853,1.3765822818332791,-0.2290778130332124,0.013989854859610228,0.2309555732143903,0.18470131281221994,0.0025201104082715037,0.0006057380456292723,-0.031199179203312527,2.2997835971460456,231,0.06722926930796083,0.14092028878398402
2020-05-05 00:00:00-04:00,70.16931994820719,72.53198324742729,70.16931994820719,72.02438354492188,2475800,0.0,0.0,0.05280829015544042,6.083607,0.0016,0.098500006,0.34451,0.06216,0.356,142027210752,0.181,29.523,12943287296,0.315,0.227,0.45,0.2202793529903911,-0.018757948025446166,1.0263519566298853,1.3765822818332791,-0.2290778130332124,0.013989854859610228,0.2309555732143903,0.18470131281221994,0.0025201104082715037,0.0006057380456292723,-0.031199179203312527,2.2997835971460456,231,0.06722926930796083,0.14092028878398402
2020-05-06 00:00:00-04:00,72.55044155210648,72.72579787971075,70.0677947719897,70.31698608398438,2548700,0.0,0.0,0.05280829015544042,6.083607,0.0016,0.098500006,0.34451,0.06216,0.356,142027210752,0.181,29.523,12943287296,0.315,0.227,0.45,0.2202793529903911,-0.018757948025446166,1.0263519566298853,1.3765822818332791,-0.2290778130332124,0.013989854859610228,0.2309555732143903,0.18470131281221994,0.0025201104082715037,0.0006057380456292723,-0.031199179203312527,2.2997835971460456,231,0.06722926930796083,0.14092028878398402
2020-05-07 00:00:00-04:00,71.06454225414853,71.52600032073391,68.47115017315193,69.15410614013672,3724900,0.0,0.0,0.05280829015544042,6.083607,0.0016,0.098500006,0.34451,0.06216,0.356,142027210752,0.181,29.523,12943287296,0.315,0.227,0.45,0.2202793529903911,-0.018757948025446166,1.0263519566298853,1.3765822818332791,-0.2290778130332124,0.013989854859610228,0.2309555732143903,0.18470131281221994,0.0025201104082715037,0.0006057380456292723,-0.031199179203312527,2.2997835971460456,231,0.06722926930796083,0.14092028878398402
2020-05-08 00:00:00-04:00,69.91090198102319,70.07702717827333,68.23119478273476,68.54498291015625,4333800,0.0,0.0,0.05280829015544042,6.083607,0.0016,0.098500006,0.34451,0.06216,0.356,142027210752,0.181,29.523,12943287296,0.315,0.227,0.45,0.2202793529903911,-0.018757948025446166,1.0263519566298853,1.3765822818332791,-0.2290778130332124,0.013989854859610228,0.2309555732143903,0.18470131281221994,0.0025201104082715037,0.0006057380456292723,-0.031199179203312527,2.2997835971460456,231,0.06722926930796083,0.14092028878398402
2020-05-11 00:00:00-04:00,67.97276504779528,68.33270172576049,67.39132345932049,67.5297622680664,2808300,0.0,0.0,0.05280829015544042,6.083607,0.0016,0.098500006,0.34451,0.06216,0.356,142027210752,0.181,29.523,12943287296,0.315,0.227,0.45,0.2202793529903911,-0.018757948025446166,1.0263519566298853,1.3765822818332791,-0.2290778130332124,0.013989854859610228,0.2309555732143903,0.18470131281221994,0.0025201104082715037,0.0006057380456292723,-0.031199179203312527,2.2997835971460456,231,0.06722926930796083,0.14092028878398402
2020-05-12 00:00:00-04:00,67.70513841448381,67.85280135683114,66.0808038009089,66.62532806396484,3300800,0.0,0.0,0.05280829015544042,6.083607,0.0016,0.098500006,0.34451,0.06216,0.356,142027210752,0.181,29.523,12943287296,0.315,0.227,0.45,0.2202793529903911,-0.018757948025446166,1.0263519566298853,1.3765822818332791,-0.2290778130332124,0.013989854859610228,0.2309555732143903,0.18470131281221994,0.0025201104082715037,0.0006057380456292723,-0.031199179203312527,2.2997835971460456,231,0.06722926930796083,0.14092028878398402
2020-05-13 00:00:00-04:00,66.28383146315079,67.8435618651903,65.75776958809763,67.15137481689453,3968700,0.0,0.0,0.05280829015544042,6.083607,0.0016,0.098500006,0.34451,0.06216,0.356,142027210752,0.181,29.523,12943287296,0.315,0.227,0.45,0.2202793529903911,-0.018757948025446166,1.0263519566298853,1.3765822818332791,-0.2290778130332124,0.013989854859610228,0.2309555732143903,0.18470131281221994,0.0025201104082715037,0.0006057380456292723,-0.031199179203312527,2.2997835971460456,231,0.06722926930796083,0.14092028878398402
2020-05-14 00:00:00-04:00,66.6991665341911,68.1573761668043,66.37614719564854,68.05585479736328,4001800,0.0,0.0,0.05280829015544042,6.083607,0.0016,0.098500006,0.34451,0.06216,0.356,142027210752,0.181,29.523,12943287296,0.315,0.227,0.45,0.2202793529903911,-0.018757948025446166,1.0263519566298853,1.3765822818332791,-0.2290778130332124,0.013989854859610228,0.2309555732143903,0.18470131281221994,0.0025201104082715037,0.0006057380456292723,-0.031199179203312527,2.2997835971460456,231,0.06722926930796083,0.14092028878398402
2020-05-15 00:00:00-04:00,67.93585354834272,70.54770775757956,67.10522766397347,70.33543395996094,5593000,0.0,0.0,0.05280829015544042,6.083607,0.0016,0.098500006,0.34451,0.06216,0.356,142027210752,0.181,29.523,12943287296,0.315,0.227,0.45,0.2202793529903911,-0.018757948025446166,1.0263519566298853,1.3765822818332791,-0.2290778130332124,0.013989854859610228,0.2309555732143903,0.18470131281221994,0.0025201104082715037,0.0006057380456292723,-0.031199179203312527,2.2997835971460456,231,0.06722926930796083,0.14092028878398402
2020-05-18 00:00:00-04:00,71.35986744763373,71.83055659640584,69.80013709738904,70.71382904052734,3360500,0.0,0.0,0.05280829015544042,6.083607,0.0016,0.098500006,0.34451,0.06216,0.356,142027210752,0.181,29.523,12943287296,0.315,0.227,0.45,0.2202793529903911,-0.018757948025446166,1.0263519566298853,1.3765822818332791,-0.2290778130332124,0.013989854859610228,0.2309555732143903,0.18470131281221994,0.0025201104082715037,0.0006057380456292723,-0.031199179203312527,2.2997835971460456,231,0.06722926930796083,0.14092028878398402
2020-05-19 00:00:00-04:00,70.23391899725902,71.85825342497981,69.9847347299938,70.02165222167969,2610500,0.0,0.0,0.05280829015544042,6.083607,0.0016,0.098500006,0.34451,0.06216,0.356,142027210752,0.181,29.523,12943287296,0.315,0.227,0.45,0.2202793529903911,-0.018757948025446166,1.0263519566298853,1.3765822818332791,-0.2290778130332124,0.013989854859610228,0.2309555732143903,0.18470131281221994,0.0025201104082715037,0.0006057380456292723,-0.031199179203312527,2.2997835971460456,231,0.06722926930796083,0.14092028878398402
2020-05-20 00:00:00-04:00,70.52925581891584,70.83381986132412,68.89569720823032,69.11719512939453,2902900,0.0,0.0,0.05280829015544042,6.083607,0.0016,0.098500006,0.34451,0.06216,0.356,142027210752,0.181,29.523,12943287296,0.315,0.227,0.45,0.2202793529903911,-0.018757948025446166,1.0263519566298853,1.3765822818332791,-0.2290778130332124,0.013989854859610228,0.2309555732143903,0.18470131281221994,0.0025201104082715037,0.0006057380456292723,-0.031199179203312527,2.2997835971460456,231,0.06722926930796083,0.14092028878398402
2020-05-21 00:00:00-04:00,68.77570927750956,69.64325272279393,67.10523327790513,69.23716735839844,3899800,0.0,0.0,0.05280829015544042,6.083607,0.0016,0.098500006,0.34451,0.06216,0.356,142027210752,0.181,29.523,12943287296,0.315,0.227,0.45,0.2202793529903911,-0.018757948025446166,1.0263519566298853,1.3765822818332791,-0.2290778130332124,0.013989854859610228,0.2309555732143903,0.18470131281221994,0.0025201104082715037,0.0006057380456292723,-0.031199179203312527,2.2997835971460456,231,0.06722926930796083,0.14092028878398402
2020-05-22 00:00:00-04:00,69.36637432032212,69.90166028274494,68.54497255046334,68.96028900146484,2166000,0.0,0.0,0.05280829015544042,6.083607,0.0016,0.098500006,0.34451,0.06216,0.356,142027210752,0.181,29.523,12943287296,0.315,0.227,0.45,0.2202793529903911,-0.018757948025446166,1.0263519566298853,1.3765822818332791,-0.2290778130332124,0.013989854859610228,0.2309555732143903,0.18470131281221994,0.0025201104082715037,0.0006057380456292723,-0.031199179203312527,2.2997835971460456,231,0.06722926930796083,0.14092028878398402
2020-05-26 00:00:00-04:00,70.04934482025595,70.47388545052512,67.98201439072588,68.41577911376953,5212700,0.0,0.0,0.05280829015544042,6.083607,0.0016,0.098500006,0.34451,0.06216,0.356,142027210752,0.181,29.523,12943287296,0.315,0.227,0.45,0.2202793529903911,-0.018757948025446166,1.0263519566298853,1.3765822818332791,-0.2290778130332124,0.013989854859610228,0.2309555732143903,0.18470131281221994,0.0025201104082715037,0.0006057380456292723,-0.031199179203312527,2.2997835971460456,231,0.06722926930796083,0.14092028878398402
2020-05-27 00:00:00-04:00,69.51403877781473,71.3598709355276,68.3603936792442,70.57539367675781,4687900,0.0,0.0,0.05280829015544042,6.083607,0.0016,0.098500006,0.34451,0.06216,0.356,142027210752,0.181,29.523,12943287296,0.315,0.227,0.45,0.2202793529903911,-0.018757948025446166,1.0263519566298853,1.3765822818332791,-0.2290778130332124,0.013989854859610228,0.2309555732143903,0.18470131281221994,0.0025201104082715037,0.0006057380456292723,-0.031199179203312527,2.2997835971460456,231,0.06722926930796083,0.14092028878398402
2020-05-28 00:00:00-04:00,71.35989693718031,71.4891046719968,70.05858845330172,70.68616485595703,2613800,0.0,0.0,0.05280829015544042,6.083607,0.0016,0.098500006,0.34451,0.06216,0.356,142027210752,0.181,29.523,12943287296,0.315,0.227,0.45,0.2202793529903911,-0.018757948025446166,1.0263519566298853,1.3765822818332791,-0.2290778130332124,0.013989854859610228,0.2309555732143903,0.18470131281221994,0.0025201104082715037,0.0006057380456292723,-0.031199179203312527,2.2997835971460456,231,0.06722926930796083,0.14092028878398402
2020-05-29 00:00:00-04:00,70.8522739166208,71.87671146685155,70.55694101285196,71.69213104248047,4412400,0.0,0.0,0.05280829015544042,6.083607,0.0016,0.098500006,0.34451,0.06216,0.356,142027210752,0.181,29.523,12943287296,0.315,0.227,0.45,0.2202793529903911,-0.018757948025446166,1.0263519566298853,1.3765822818332791,-0.2290778130332124,0.013989854859610228,0.2309555732143903,0.18470131281221994,0.0025201104082715037,0.0006057380456292723,-0.031199179203312527,2.2997835971460456,231,0.06722926930796083,0.14092028878398402
2020-06-01 00:00:00-04:00,71.7567219312478,72.79961451898525,71.2675775578728,72.30123901367188,1749100,0.0,0.0,0.05280829015544042,6.083607,0.0016,0.098500006,0.34451,0.06216,0.356,142027210752,0.181,29.523,12943287296,0.315,0.227,0.45,0.2202793529903911,-0.018757948025446166,1.0263519566298853,1.3765822818332791,-0.2290778130332124,0.013989854859610228,0.2309555732143903,0.18470131281221994,0.0025201104082715037,0.0006057380456292723,-0.031199179203312527,2.2997835971460456,231,0.06722926930796083,0.14092028878398402
2020-06-02 00:00:00-04:00,72.51351038879154,73.1687799088108,72.25509503343639,72.98419952392578,2205200,0.0,0.0,0.05280829015544042,6.083607,0.0016,0.098500006,0.34451,0.06216,0.356,142027210752,0.181,29.523,12943287296,0.315,0.227,0.45,0.2202793529903911,-0.018757948025446166,1.0263519566298853,1.3765822818332791,-0.2290778130332124,0.013989854859610228,0.2309555732143903,0.18470131281221994,0.0025201104082715037,0.0006057380456292723,-0.031199179203312527,2.2997835971460456,231,0.06722926930796083,0.14092028878398402
2020-06-03 00:00:00-04:00,73.67641035137052,73.67641035137052,72.26434953068893,73.01190948486328,2288400,0.0,0.0,0.05280829015544042,6.083607,0.0016,0.098500006,0.34451,0.06216,0.356,142027210752,0.181,29.523,12943287296,0.315,0.227,0.45,0.2202793529903911,-0.018757948025446166,1.0263519566298853,1.3765822818332791,-0.2290778130332124,0.013989854859610228,0.2309555732143903,0.18470131281221994,0.0025201104082715037,0.0006057380456292723,-0.031199179203312527,2.2997835971460456,231,0.06722926930796083,0.14092028878398402
2020-06-04 00:00:00-04:00,72.53198096171964,72.88269362503385,71.59060953350593,72.72579956054688,2766400,0.0,0.0,0.05280829015544042,6.083607,0.0016,0.098500006,0.34451,0.06216,0.356,142027210752,0.181,29.523,12943287296,0.315,0.227,0.45,0.2202793529903911,-0.018757948025446166,1.0263519566298853,1.3765822818332791,-0.2290778130332124,0.013989854859610228,0.2309555732143903,0.18470131281221994,0.0025201104082715037,0.0006057380456292723,-0.031199179203312527,2.2997835971460456,231,0.06722926930796083,0.14092028878398402
2020-06-05 00:00:00-04:00,74.13785143827589,76.32515807219109,72.70732867765433,75.55914306640625,3838000,0.0,0.0,0.05280829015544042,6.083607,0.0016,0.098500006,0.34451,0.06216,0.356,142027210752,0.181,29.523,12943287296,0.315,0.227,0.45,0.2202793529903911,-0.018757948025446166,1.0263519566298853,1.3765822818332791,-0.2290778130332124,0.013989854859610228,0.2309555732143903,0.18470131281221994,0.0025201104082715037,0.0006057380456292723,-0.031199179203312527,2.2997835971460456,231,0.06722926930796083,0.14092028878398402
2020-06-08 00:00:00-04:00,75.24534578712984,75.39301573761296,74.28551223286198,75.22689056396484,3052300,0.0,0.0,0.05280829015544042,6.083607,0.0016,0.098500006,0.34451,0.06216,0.356,142027210752,0.181,29.523,12943287296,0.315,0.227,0.45,0.2202793529903911,-0.018757948025446166,1.0263519566298853,1.3765822818332791,-0.2290778130332124,0.013989854859610228,0.2309555732143903,0.18470131281221994,0.0025201104082715037,0.0006057380456292723,-0.031199179203312527,2.2997835971460456,231,0.06722926930796083,0.14092028878398402
2020-06-09 00:00:00-04:00,74.75622586210419,75.27305677534446,74.01788995065259,74.7746810913086,2468600,0.0,0.0,0.05280829015544042,6.083607,0.0016,0.098500006,0.34451,0.06216,0.356,142027210752,0.181,29.523,12943287296,0.315,0.227,0.45,0.2202793529903911,-0.018757948025446166,1.0263519566298853,1.3765822818332791,-0.2290778130332124,0.013989854859610228,0.2309555732143903,0.18470131281221994,0.0025201104082715037,0.0006057380456292723,-0.031199179203312527,2.2997835971460456,231,0.06722926930796083,0.14092028878398402
2020-06-10 00:00:00-04:00,74.58084974147246,75.52222813125536,73.77791721986547,74.09170532226562,2413800,0.0,0.0,0.05280829015544042,6.083607,0.0016,0.098500006,0.34451,0.06216,0.356,142027210752,0.181,29.523,12943287296,0.315,0.227,0.45,0.2202793529903911,-0.018757948025446166,1.0263519566298853,1.3765822818332791,-0.2290778130332124,0.013989854859610228,0.2309555732143903,0.18470131281221994,0.0025201104082715037,0.0006057380456292723,-0.031199179203312527,2.2997835971460456,231,0.06722926930796083,0.14092028878398402
2020-06-11 00:00:00-04:00,72.69809659265661,73.07649556563656,69.97549697058045,70.06778717041016,3302500,0.0,0.0,0.05280829015544042,6.083607,0.0016,0.098500006,0.34451,0.06216,0.356,142027210752,0.181,29.523,12943287296,0.315,0.227,0.45,0.2202793529903911,-0.018757948025446166,1.0263519566298853,1.3765822818332791,-0.2290778130332124,0.013989854859610228,0.2309555732143903,0.18470131281221994,0.0025201104082715037,0.0006057380456292723,-0.031199179203312527,2.2997835971460456,231,0.06722926930796083,0.14092028878398402
2020-06-12 00:00:00-04:00,71.44293267196397,72.23663397322032,69.21870167821783,70.69536590576172,2344300,0.0,0.0,0.05280829015544042,6.083607,0.0016,0.098500006,0.34451,0.06216,0.356,142027210752,0.181,29.523,12943287296,0.315,0.227,0.45,0.2202793529903911,-0.018757948025446166,1.0263519566298853,1.3765822818332791,-0.2290778130332124,0.013989854859610228,0.2309555732143903,0.18470131281221994,0.0025201104082715037,0.0006057380456292723,-0.031199179203312527,2.2997835971460456,231,0.06722926930796083,0.14092028878398402
2020-06-15 00:00:00-04:00,69.5694114181421,73.38105932634484,69.44943486287825,73.17801666259766,3258700,0.0,0.0,0.05280829015544042,6.083607,0.0016,0.098500006,0.34451,0.06216,0.356,142027210752,0.181,29.523,12943287296,0.315,0.227,0.45,0.2202793529903911,-0.018757948025446166,1.0263519566298853,1.3765822818332791,-0.2290778130332124,0.013989854859610228,0.2309555732143903,0.18470131281221994,0.0025201104082715037,0.0006057380456292723,-0.031199179203312527,2.2997835971460456,231,0.06722926930796083,0.14092028878398402
2020-06-16 00:00:00-04:00,74.93156658073336,75.30995855141202,72.82731882611394,74.23014831542969,3455000,0.0,0.0,0.05280829015544042,6.083607,0.0016,0.098500006,0.34451,0.06216,0.356,142027210752,0.181,29.523,12943287296,0.315,0.227,0.45,0.2202793529903911,-0.018757948025446166,1.0263519566298853,1.3765822818332791,-0.2290778130332124,0.013989854859610228,0.2309555732143903,0.18470131281221994,0.0025201104082715037,0.0006057380456292723,-0.031199179203312527,2.2997835971460456,231,0.06722926930796083,0.14092028878398402
2020-06-17 00:00:00-04:00,74.5900825687002,74.99616792577578,73.0488142962235,73.10418701171875,2714000,0.0,0.0,0.05280829015544042,6.083607,0.0016,0.098500006,0.34451,0.06216,0.356,142027210752,0.181,29.523,12943287296,0.315,0.227,0.45,0.2202793529903911,-0.018757948025446166,1.0263519566298853,1.3765822818332791,-0.2290778130332124,0.013989854859610228,0.2309555732143903,0.18470131281221994,0.0025201104082715037,0.0006057380456292723,-0.031199179203312527,2.2997835971460456,231,0.06722926930796083,0.14092028878398402
2020-06-18 00:00:00-04:00,72.82731568676772,75.35610392837351,72.53197576354646,74.63623046875,2863500,0.0,0.0,0.05280829015544042,6.083607,0.0016,0.098500006,0.34451,0.06216,0.356,142027210752,0.181,29.523,12943287296,0.315,0.227,0.45,0.2202793529903911,-0.018757948025446166,1.0263519566298853,1.3765822818332791,-0.2290778130332124,0.013989854859610228,0.2309555732143903,0.18470131281221994,0.0025201104082715037,0.0006057380456292723,-0.031199179203312527,2.2997835971460456,231,0.06722926930796083,0.14092028878398402
2020-06-19 00:00:00-04:00,76.74972003715631,76.74972003715631,73.73177990512582,74.74698638916016,4534600,0.0,0.0,0.05280829015544042,6.083607,0.0016,0.098500006,0.34451,0.06216,0.356,142027210752,0.181,29.523,12943287296,0.315,0.227,0.45,0.2202793529903911,-0.018757948025446166,1.0263519566298853,1.3765822818332791,-0.2290778130332124,0.013989854859610228,0.2309555732143903,0.18470131281221994,0.0025201104082715037,0.0006057380456292723,-0.031199179203312527,2.2997835971460456,231,0.06722926930796083,0.14092028878398402
2020-06-22 00:00:00-04:00,74.33167247815427,75.4207138887751,74.09171229173494,74.590087890625,1870000,0.0,0.0,0.05280829015544042,6.083607,0.0016,0.098500006,0.34451,0.06216,0.356,142027210752,0.181,29.523,12943287296,0.315,0.227,0.45,0.2202793529903911,-0.018757948025446166,1.0263519566298853,1.3765822818332791,-0.2290778130332124,0.013989854859610228,0.2309555732143903,0.18470131281221994,0.0025201104082715037,0.0006057380456292723,-0.031199179203312527,2.2997835971460456,231,0.06722926930796083,0.14092028878398402
2020-06-23 00:00:00-04:00,75.23612097107612,75.61451996998811,73.81483630545675,73.88866424560547,1786300,0.0,0.0,0.05280829015544042,6.083607,0.0016,0.098500006,0.34451,0.06216,0.356,142027210752,0.181,29.523,12943287296,0.315,0.227,0.45,0.2202793529903911,-0.018757948025446166,1.0263519566298853,1.3765822818332791,-0.2290778130332124,0.013989854859610228,0.2309555732143903,0.18470131281221994,0.0025201104082715037,0.0006057380456292723,-0.031199179203312527,2.2997835971460456,231,0.06722926930796083,0.14092028878398402
2020-06-24 00:00:00-04:00,73.27032184844997,73.53796841074235,71.23067774404146,71.33219909667969,3611600,0.0,0.0,0.05280829015544042,6.083607,0.0016,0.098500006,0.34451,0.06216,0.356,142027210752,0.181,29.523,12943287296,0.315,0.227,0.45,0.2202793529903911,-0.018757948025446166,1.0263519566298853,1.3765822818332791,-0.2290778130332124,0.013989854859610228,0.2309555732143903,0.18470131281221994,0.0025201104082715037,0.0006057380456292723,-0.031199179203312527,2.2997835971460456,231,0.06722926930796083,0.14092028878398402
2020-06-25 00:00:00-04:00,71.44296038698978,73.80562406761337,71.30452152167037,73.74102020263672,2242600,0.0,0.0,0.05280829015544042,6.083607,0.0016,0.098500006,0.34451,0.06216,0.356,142027210752,0.181,29.523,12943287296,0.315,0.227,0.45,0.2202793529903911,-0.018757948025446166,1.0263519566298853,1.3765822818332791,-0.2290778130332124,0.013989854859610228,0.2309555732143903,0.18470131281221994,0.0025201104082715037,0.0006057380456292723,-0.031199179203312527,2.2997835971460456,231,0.06722926930796083,0.14092028878398402
2020-06-26 00:00:00-04:00,73.07650326650905,74.10094078754403,71.38756497060905,71.88594055175781,3733400,0.0,0.0,0.05280829015544042,6.083607,0.0016,0.098500006,0.34451,0.06216,0.356,142027210752,0.181,29.523,12943287296,0.315,0.227,0.45,0.2202793529903911,-0.018757948025446166,1.0263519566298853,1.3765822818332791,-0.2290778130332124,0.013989854859610228,0.2309555732143903,0.18470131281221994,0.0025201104082715037,0.0006057380456292723,-0.031199179203312527,2.2997835971460456,231,0.06722926930796083,0.14092028878398402
2020-06-29 00:00:00-04:00,72.09821301954071,73.15033687959287,71.87670807120966,72.35662841796875,2806200,0.0,0.0,0.05280829015544042,6.083607,0.0016,0.098500006,0.34451,0.06216,0.356,142027210752,0.181,29.523,12943287296,0.315,0.227,0.45,0.2202793529903911,-0.018757948025446166,1.0263519566298853,1.3765822818332791,-0.2290778130332124,0.013989854859610228,0.2309555732143903,0.18470131281221994,0.0025201104082715037,0.0006057380456292723,-0.031199179203312527,2.2997835971460456,231,0.06722926930796083,0.14092028878398402
2020-06-30 00:00:00-04:00,72.44892634201058,74.29475886027836,72.36586725850881,73.93482208251953,2598000,0.0,0.0,0.05280829015544042,6.083607,0.0016,0.098500006,0.34451,0.06216,0.356,142027210752,0.181,29.523,12943287296,0.315,0.227,0.45,0.2202793529903911,-0.018757948025446166,1.0263519566298853,1.3765822818332791,-0.2290778130332124,0.013989854859610228,0.2309555732143903,0.18470131281221994,0.0025201104082715037,0.0006057380456292723,-0.031199179203312527,2.2997835971460456,231,0.06722926930796083,0.14092028878398402
2020-07-01 00:00:00-04:00,73.79639037126016,74.57164376536907,73.50105742143127,73.64872741699219,2970000,0.0,0.0,0.05280829015544042,6.083607,0.0016,0.098500006,0.34451,0.06216,0.356,142027210752,0.181,29.523,12943287296,0.315,0.227,0.45,0.2202793529903911,-0.018757948025446166,1.0263519566298853,1.3765822818332791,-0.2290778130332124,0.013989854859610228,0.2309555732143903,0.18470131281221994,0.0025201104082715037,0.0006057380456292723,-0.031199179203312527,2.2997835971460456,231,0.06722926930796083,0.14092028878398402
2020-07-02 00:00:00-04:00,74.28552718417345,74.28552718417345,72.7258035056949,73.1226577758789,2493800,0.0,0.0,0.05280829015544042,6.083607,0.0016,0.098500006,0.34451,0.06216,0.356,142027210752,0.181,29.523,12943287296,0.315,0.227,0.45,0.2202793529903911,-0.018757948025446166,1.0263519566298853,1.3765822818332791,-0.2290778130332124,0.013989854859610228,0.2309555732143903,0.18470131281221994,0.0025201104082715037,0.0006057380456292723,-0.031199179203312527,2.2997835971460456,231,0.06722926930796083,0.14092028878398402
2020-07-06 00:00:00-04:00,74.10216471682548,74.37938518727628,73.17808238161206,73.39061737060547,2312900,0.1,0.0,0.05280829015544042,6.083607,0.0016,0.098500006,0.34451,0.06216,0.356,142027210752,0.181,29.523,12943287296,0.315,0.227,0.45,0.2202793529903911,-0.018757948025446166,1.0263519566298853,1.3765822818332791,-0.2290778130332124,0.013989854859610228,0.2309555732143903,0.18470131281221994,0.0025201104082715037,0.0006057380456292723,-0.031199179203312527,2.2997835971460456,231,0.06722926930796083,0.14092028878398402
2020-07-07 00:00:00-04:00,73.09491155745948,73.23352531825734,71.81968046853443,72.0969009399414,2559700,0.0,0.0,0.05280829015544042,6.083607,0.0016,0.098500006,0.34451,0.06216,0.356,142027210752,0.181,29.523,12943287296,0.315,0.227,0.45,0.2202793529903911,-0.018757948025446166,1.0263519566298853,1.3765822818332791,-0.2290778130332124,0.013989854859610228,0.2309555732143903,0.18470131281221994,0.0025201104082715037,0.0006057380456292723,-0.031199179203312527,2.2997835971460456,231,0.06722926930796083,0.14092028878398402
2020-07-08 00:00:00-04:00,72.13388138961216,72.54047996650442,70.52597973128688,71.49626922607422,3326500,0.0,0.0,0.05280829015544042,6.083607,0.0016,0.098500006,0.34451,0.06216,0.356,142027210752,0.181,29.523,12943287296,0.315,0.227,0.45,0.2202793529903911,-0.018757948025446166,1.0263519566298853,1.3765822818332791,-0.2290778130332124,0.013989854859610228,0.2309555732143903,0.18470131281221994,0.0025201104082715037,0.0006057380456292723,-0.031199179203312527,2.2997835971460456,231,0.06722926930796083,0.14092028878398402
2020-07-09 00:00:00-04:00,71.50548414893805,72.05069635917312,70.37810969169394,71.88436126708984,2764700,0.0,0.0,0.05280829015544042,6.083607,0.0016,0.098500006,0.34451,0.06216,0.356,142027210752,0.181,29.523,12943287296,0.315,0.227,0.45,0.2202793529903911,-0.018757948025446166,1.0263519566298853,1.3765822818332791,-0.2290778130332124,0.013989854859610228,0.2309555732143903,0.18470131281221994,0.0025201104082715037,0.0006057380456292723,-0.031199179203312527,2.2997835971460456,231,0.06722926930796083,0.14092028878398402
2020-07-10 00:00:00-04:00,72.32794309443717,74.81372758211498,72.30946454424146,74.62891387939453,2313800,0.0,0.0,0.05280829015544042,6.083607,0.0016,0.098500006,0.34451,0.06216,0.356,142027210752,0.181,29.523,12943287296,0.315,0.227,0.45,0.2202793529903911,-0.018757948025446166,1.0263519566298853,1.3765822818332791,-0.2290778130332124,0.013989854859610228,0.2309555732143903,0.18470131281221994,0.0025201104082715037,0.0006057380456292723,-0.031199179203312527,2.2997835971460456,231,0.06722926930796083,0.14092028878398402
2020-07-13 00:00:00-04:00,74.7767574384864,75.14639186449348,73.63089706303573,74.23155212402344,2266400,0.0,0.0,0.05280829015544042,6.083607,0.0016,0.098500006,0.34451,0.06216,0.356,142027210752,0.181,29.523,12943287296,0.315,0.227,0.45,0.2202793529903911,-0.018757948025446166,1.0263519566298853,1.3765822818332791,-0.2290778130332124,0.013989854859610228,0.2309555732143903,0.18470131281221994,0.0025201104082715037,0.0006057380456292723,-0.031199179203312527,2.2997835971460456,231,0.06722926930796083,0.14092028878398402
2020-07-14 00:00:00-04:00,74.50878143666337,78.09422662622535,74.3424462778673,78.0849838256836,6820700,0.0,0.0,0.05280829015544042,6.083607,0.0016,0.098500006,0.34451,0.06216,0.356,142027210752,0.181,29.523,12943287296,0.315,0.227,0.45,0.2202793529903911,-0.018757948025446166,1.0263519566298853,1.3765822818332791,-0.2290778130332124,0.013989854859610228,0.2309555732143903,0.18470131281221994,0.0025201104082715037,0.0006057380456292723,-0.031199179203312527,2.2997835971460456,231,0.06722926930796083,0.14092028878398402
2020-07-15 00:00:00-04:00,78.54699783456303,79.92387852843372,77.94634291167276,79.36943054199219,3965200,0.0,0.0,0.05280829015544042,6.083607,0.0016,0.098500006,0.34451,0.06216,0.356,142027210752,0.181,29.523,12943287296,0.315,0.227,0.45,0.2202793529903911,-0.018757948025446166,1.0263519566298853,1.3765822818332791,-0.2290778130332124,0.013989854859610228,0.2309555732143903,0.18470131281221994,0.0025201104082715037,0.0006057380456292723,-0.031199179203312527,2.2997835971460456,231,0.06722926930796083,0.14092028878398402
2020-07-16 00:00:00-04:00,79.33247274277181,80.94037414700524,79.21234456866911,80.49681854248047,2652400,0.0,0.0,0.05280829015544042,6.083607,0.0016,0.098500006,0.34451,0.06216,0.356,142027210752,0.181,29.523,12943287296,0.315,0.227,0.45,0.2202793529903911,-0.018757948025446166,1.0263519566298853,1.3765822818332791,-0.2290778130332124,0.013989854859610228,0.2309555732143903,0.18470131281221994,0.0025201104082715037,0.0006057380456292723,-0.031199179203312527,2.2997835971460456,231,0.06722926930796083,0.14092028878398402
2020-07-17 00:00:00-04:00,80.72787196809826,81.09750648896123,79.83151054631797,80.97737121582031,2659000,0.0,0.0,0.05280829015544042,6.083607,0.0016,0.098500006,0.34451,0.06216,0.356,142027210752,0.181,29.523,12943287296,0.315,0.227,0.45,0.2202793529903911,-0.018757948025446166,1.0263519566298853,1.3765822818332791,-0.2290778130332124,0.013989854859610228,0.2309555732143903,0.18470131281221994,0.0025201104082715037,0.0006057380456292723,-0.031199179203312527,2.2997835971460456,231,0.06722926930796083,0.14092028878398402
2020-07-20 00:00:00-04:00,81.04204390596271,81.69814877803827,80.79254469771573,81.43939971923828,1825400,0.0,0.0,0.05280829015544042,6.083607,0.0016,0.098500006,0.34451,0.06216,0.356,142027210752,0.181,29.523,12943287296,0.315,0.227,0.45,0.2202793529903911,-0.018757948025446166,1.0263519566298853,1.3765822818332791,-0.2290778130332124,0.013989854859610228,0.2309555732143903,0.18470131281221994,0.0025201104082715037,0.0006057380456292723,-0.031199179203312527,2.2997835971460456,231,0.06722926930796083,0.14092028878398402
2020-07-21 00:00:00-04:00,81.3654669289906,82.60373409465461,81.3654669289906,82.10472869873047,1712600,0.0,0.0,0.05280829015544042,6.083607,0.0016,0.098500006,0.34451,0.06216,0.356,142027210752,0.181,29.523,12943287296,0.315,0.227,0.45,0.2202793529903911,-0.018757948025446166,1.0263519566298853,1.3765822818332791,-0.2290778130332124,0.013989854859610228,0.2309555732143903,0.18470131281221994,0.0025201104082715037,0.0006057380456292723,-0.031199179203312527,2.2997835971460456,231,0.06722926930796083,0.14092028878398402
2020-07-22 00:00:00-04:00,82.38195142963193,83.37071936434859,81.79977497682252,83.29679107666016,1789100,0.0,0.0,0.05280829015544042,6.083607,0.0016,0.098500006,0.34451,0.06216,0.356,142027210752,0.181,29.523,12943287296,0.315,0.227,0.45,0.2202793529903911,-0.018757948025446166,1.0263519566298853,1.3765822818332791,-0.2290778130332124,0.013989854859610228,0.2309555732143903,0.18470131281221994,0.0025201104082715037,0.0006057380456292723,-0.031199179203312527,2.2997835971460456,231,0.06722926930796083,0.14092028878398402
2020-07-23 00:00:00-04:00,83.13969102033904,83.83275279003152,81.63343226208652,81.91065979003906,1999900,0.0,0.0,0.05280829015544042,6.083607,0.0016,0.098500006,0.34451,0.06216,0.356,142027210752,0.181,29.523,12943287296,0.315,0.227,0.45,0.2202793529903911,-0.018757948025446166,1.0263519566298853,1.3765822818332791,-0.2290778130332124,0.013989854859610228,0.2309555732143903,0.18470131281221994,0.0025201104082715037,0.0006057380456292723,-0.031199179203312527,2.2997835971460456,231,0.06722926930796083,0.14092028878398402
2020-07-24 00:00:00-04:00,82.11396277272223,82.40042606116651,80.86645294056163,81.18988037109375,2204400,0.0,0.0,0.05280829015544042,6.083607,0.0016,0.098500006,0.34451,0.06216,0.356,142027210752,0.181,29.523,12943287296,0.315,0.227,0.45,0.2202793529903911,-0.018757948025446166,1.0263519566298853,1.3765822818332791,-0.2290778130332124,0.013989854859610228,0.2309555732143903,0.18470131281221994,0.0025201104082715037,0.0006057380456292723,-0.031199179203312527,2.2997835971460456,231,0.06722926930796083,0.14092028878398402
2020-07-27 00:00:00-04:00,81.17142278128705,81.59650703686822,80.21038295617527,80.67242431640625,2060100,0.0,0.0,0.05280829015544042,6.083607,0.0016,0.098500006,0.34451,0.06216,0.356,142027210752,0.181,29.523,12943287296,0.315,0.227,0.45,0.2202793529903911,-0.018757948025446166,1.0263519566298853,1.3765822818332791,-0.2290778130332124,0.013989854859610228,0.2309555732143903,0.18470131281221994,0.0025201104082715037,0.0006057380456292723,-0.031199179203312527,2.2997835971460456,231,0.06722926930796083,0.14092028878398402
2020-07-28 00:00:00-04:00,80.88493668306472,81.1621642414398,80.08098945411845,80.78328704833984,2470200,0.0,0.0,0.05280829015544042,6.083607,0.0016,0.098500006,0.34451,0.06216,0.356,142027210752,0.181,29.523,12943287296,0.315,0.227,0.45,0.2202793529903911,-0.018757948025446166,1.0263519566298853,1.3765822818332791,-0.2290778130332124,0.013989854859610228,0.2309555732143903,0.18470131281221994,0.0025201104082715037,0.0006057380456292723,-0.031199179203312527,2.2997835971460456,231,0.06722926930796083,0.14092028878398402
2020-07-29 00:00:00-04:00,80.40441687189627,82.48360240827309,80.40441687189627,82.1694107055664,1880500,0.0,0.0,0.05280829015544042,6.083607,0.0016,0.098500006,0.34451,0.06216,0.356,142027210752,0.181,29.523,12943287296,0.315,0.227,0.45,0.2202793529903911,-0.018757948025446166,1.0263519566298853,1.3765822818332791,-0.2290778130332124,0.013989854859610228,0.2309555732143903,0.18470131281221994,0.0025201104082715037,0.0006057380456292723,-0.031199179203312527,2.2997835971460456,231,0.06722926930796083,0.14092028878398402
2020-07-30 00:00:00-04:00,81.21759719794863,82.54827803834435,81.0235407504224,81.79976654052734,2119900,0.0,0.0,0.05280829015544042,6.083607,0.0016,0.098500006,0.34451,0.06216,0.356,142027210752,0.181,29.523,12943287296,0.315,0.227,0.45,0.2202793529903911,-0.018757948025446166,1.0263519566298853,1.3765822818332791,-0.2290778130332124,0.013989854859610228,0.2309555732143903,0.18470131281221994,0.0025201104082715037,0.0006057380456292723,-0.031199179203312527,2.2997835971460456,231,0.06722926930796083,0.14092028878398402
2020-07-31 00:00:00-04:00,81.21761375951908,83.5463057050691,81.21761375951908,83.48161315917969,4016500,0.0,0.0,0.05280829015544042,6.083607,0.0016,0.098500006,0.34451,0.06216,0.356,142027210752,0.181,29.523,12943287296,0.315,0.227,0.45,0.2202793529903911,-0.018757948025446166,1.0263519566298853,1.3765822818332791,-0.2290778130332124,0.013989854859610228,0.2309555732143903,0.18470131281221994,0.0025201104082715037,0.0006057380456292723,-0.031199179203312527,2.2997835971460456,231,0.06722926930796083,0.14092028878398402
2020-08-03 00:00:00-04:00,83.81428525615361,84.30405493443706,82.84400279960809,83.06578063964844,2134400,0.0,0.0,0.05280829015544042,6.083607,0.0016,0.098500006,0.34451,0.06216,0.356,142027210752,0.181,29.523,12943287296,0.315,0.227,0.45,0.2202793529903911,-0.018757948025446166,1.0263519566298853,1.3765822818332791,-0.2290778130332124,0.013989854859610228,0.2309555732143903,0.18470131281221994,0.0025201104082715037,0.0006057380456292723,-0.031199179203312527,2.2997835971460456,231,0.06722926930796083,0.14092028878398402
2020-08-04 00:00:00-04:00,82.77931912287481,83.6017520542094,82.64070532597998,83.39845275878906,2496900,0.0,0.0,0.05280829015544042,6.083607,0.0016,0.098500006,0.34451,0.06216,0.356,142027210752,0.181,29.523,12943287296,0.315,0.227,0.45,0.2202793529903911,-0.018757948025446166,1.0263519566298853,1.3765822818332791,-0.2290778130332124,0.013989854859610228,0.2309555732143903,0.18470131281221994,0.0025201104082715037,0.0006057380456292723,-0.031199179203312527,2.2997835971460456,231,0.06722926930796083,0.14092028878398402
2020-08-05 00:00:00-04:00,84.11921893015418,84.84000206715065,83.68489907832576,83.74034881591797,2073500,0.0,0.0,0.05280829015544042,6.083607,0.0016,0.098500006,0.34451,0.06216,0.356,142027210752,0.181,29.523,12943287296,0.315,0.227,0.45,0.2202793529903911,-0.018757948025446166,1.0263519566298853,1.3765822818332791,-0.2290778130332124,0.013989854859610228,0.2309555732143903,0.18470131281221994,0.0025201104082715037,0.0006057380456292723,-0.031199179203312527,2.2997835971460456,231,0.06722926930796083,0.14092028878398402
2020-08-06 00:00:00-04:00,83.81428394264775,84.44266035473973,82.16018239262254,82.80703735351562,2514600,0.0,0.0,0.05280829015544042,6.083607,0.0016,0.098500006,0.34451,0.06216,0.356,142027210752,0.181,29.523,12943287296,0.315,0.227,0.45,0.2202793529903911,-0.018757948025446166,1.0263519566298853,1.3765822818332791,-0.2290778130332124,0.013989854859610228,0.2309555732143903,0.18470131281221994,0.0025201104082715037,0.0006057380456292723,-0.031199179203312527,2.2997835971460456,231,0.06722926930796083,0.14092028878398402
2020-08-07 00:00:00-04:00,82.5298004459373,83.87895996207912,82.5298004459373,83.84200286865234,1735400,0.0,0.0,0.05280829015544042,6.083607,0.0016,0.098500006,0.34451,0.06216,0.356,142027210752,0.181,29.523,12943287296,0.315,0.227,0.45,0.2202793529903911,-0.018757948025446166,1.0263519566298853,1.3765822818332791,-0.2290778130332124,0.013989854859610228,0.2309555732143903,0.18470131281221994,0.0025201104082715037,0.0006057380456292723,-0.031199179203312527,2.2997835971460456,231,0.06722926930796083,0.14092028878398402
2020-08-10 00:00:00-04:00,84.08225990008071,84.22087367720424,82.89943549564713,83.27831268310547,2410700,0.0,0.0,0.05280829015544042,6.083607,0.0016,0.098500006,0.34451,0.06216,0.356,142027210752,0.181,29.523,12943287296,0.315,0.227,0.45,0.2202793529903911,-0.018757948025446166,1.0263519566298853,1.3765822818332791,-0.2290778130332124,0.013989854859610228,0.2309555732143903,0.18470131281221994,0.0025201104082715037,0.0006057380456292723,-0.031199179203312527,2.2997835971460456,231,0.06722926930796083,0.14092028878398402
2020-08-11 00:00:00-04:00,84.02684220363813,84.20242017690072,82.12323405214906,82.2618408203125,2468200,0.0,0.0,0.05280829015544042,6.083607,0.0016,0.098500006,0.34451,0.06216,0.356,142027210752,0.181,29.523,12943287296,0.315,0.227,0.45,0.2202793529903911,-0.018757948025446166,1.0263519566298853,1.3765822818332791,-0.2290778130332124,0.013989854859610228,0.2309555732143903,0.18470131281221994,0.0025201104082715037,0.0006057380456292723,-0.031199179203312527,2.2997835971460456,231,0.06722926930796083,0.14092028878398402
2020-08-12 00:00:00-04:00,83.19514742487466,83.61098878537642,81.9846015902512,82.2525863647461,2058900,0.0,0.0,0.05280829015544042,6.083607,0.0016,0.098500006,0.34451,0.06216,0.356,142027210752,0.181,29.523,12943287296,0.315,0.227,0.45,0.2202793529903911,-0.018757948025446166,1.0263519566298853,1.3765822818332791,-0.2290778130332124,0.013989854859610228,0.2309555732143903,0.18470131281221994,0.0025201104082715037,0.0006057380456292723,-0.031199179203312527,2.2997835971460456,231,0.06722926930796083,0.14092028878398402
2020-08-13 00:00:00-04:00,81.6704137137755,82.2895543840806,81.25457938389319,82.28031158447266,1994800,0.0,0.0,0.05280829015544042,6.083607,0.0016,0.098500006,0.34451,0.06216,0.356,142027210752,0.181,29.523,12943287296,0.315,0.227,0.45,0.2202793529903911,-0.018757948025446166,1.0263519566298853,1.3765822818332791,-0.2290778130332124,0.013989854859610228,0.2309555732143903,0.18470131281221994,0.0025201104082715037,0.0006057380456292723,-0.031199179203312527,2.2997835971460456,231,0.06722926930796083,0.14092028878398402
2020-08-14 00:00:00-04:00,82.24333566351292,82.76081956443622,81.87370128420083,82.21561431884766,1731200,0.0,0.0,0.05280829015544042,6.083607,0.0016,0.098500006,0.34451,0.06216,0.356,142027210752,0.181,29.523,12943287296,0.315,0.227,0.45,0.2202793529903911,-0.018757948025446166,1.0263519566298853,1.3765822818332791,-0.2290778130332124,0.013989854859610228,0.2309555732143903,0.18470131281221994,0.0025201104082715037,0.0006057380456292723,-0.031199179203312527,2.2997835971460456,231,0.06722926930796083,0.14092028878398402
2020-08-17 00:00:00-04:00,81.82751593811689,82.9641335725645,81.75358763907573,82.08625793457031,1709100,0.0,0.0,0.05280829015544042,6.083607,0.0016,0.098500006,0.34451,0.06216,0.356,142027210752,0.181,29.523,12943287296,0.315,0.227,0.45,0.2202793529903911,-0.018757948025446166,1.0263519566298853,1.3765822818332791,-0.2290778130332124,0.013989854859610228,0.2309555732143903,0.18470131281221994,0.0025201104082715037,0.0006057380456292723,-0.031199179203312527,2.2997835971460456,231,0.06722926930796083,0.14092028878398402
2020-08-18 00:00:00-04:00,82.20636381711033,83.13044615370131,82.15092113297527,82.9271469116211,1510200,0.0,0.0,0.05280829015544042,6.083607,0.0016,0.098500006,0.34451,0.06216,0.356,142027210752,0.181,29.523,12943287296,0.315,0.227,0.45,0.2202793529903911,-0.018757948025446166,1.0263519566298853,1.3765822818332791,-0.2290778130332124,0.013989854859610228,0.2309555732143903,0.18470131281221994,0.0025201104082715037,0.0006057380456292723,-0.031199179203312527,2.2997835971460456,231,0.06722926930796083,0.14092028878398402
2020-08-19 00:00:00-04:00,83.31526695219313,84.1099712764517,83.12120345710755,83.5462875366211,2728000,0.0,0.0,0.05280829015544042,6.083607,0.0016,0.098500006,0.34451,0.06216,0.356,142027210752,0.181,29.523,12943287296,0.315,0.227,0.45,0.2202793529903911,-0.018757948025446166,1.0263519566298853,1.3765822818332791,-0.2290778130332124,0.013989854859610228,0.2309555732143903,0.18470131281221994,0.0025201104082715037,0.0006057380456292723,-0.031199179203312527,2.2997835971460456,231,0.06722926930796083,0.14092028878398402
2020-08-20 00:00:00-04:00,83.42615777570195,84.13770517037274,83.25057986399554,83.94364166259766,1663200,0.0,0.0,0.05280829015544042,6.083607,0.0016,0.098500006,0.34451,0.06216,0.356,142027210752,0.181,29.523,12943287296,0.315,0.227,0.45,0.2202793529903911,-0.018757948025446166,1.0263519566298853,1.3765822818332791,-0.2290778130332124,0.013989854859610228,0.2309555732143903,0.18470131281221994,0.0025201104082715037,0.0006057380456292723,-0.031199179203312527,2.2997835971460456,231,0.06722926930796083,0.14092028878398402
2020-08-21 00:00:00-04:00,84.29480273012011,85.00634311886773,83.91592553922294,84.84925079345703,2085600,0.0,0.0,0.05280829015544042,6.083607,0.0016,0.098500006,0.34451,0.06216,0.356,142027210752,0.181,29.523,12943287296,0.315,0.227,0.45,0.2202793529903911,-0.018757948025446166,1.0263519566298853,1.3765822818332791,-0.2290778130332124,0.013989854859610228,0.2309555732143903,0.18470131281221994,0.0025201104082715037,0.0006057380456292723,-0.031199179203312527,2.2997835971460456,231,0.06722926930796083,0.14092028878398402
2020-08-24 00:00:00-04:00,85.01557922363281,85.32976384971636,84.488852547407,85.01557922363281,2535000,0.0,0.0,0.05280829015544042,6.083607,0.0016,0.098500006,0.34451,0.06216,0.356,142027210752,0.181,29.523,12943287296,0.315,0.227,0.45,0.2202793529903911,-0.018757948025446166,1.0263519566298853,1.3765822818332791,-0.2290778130332124,0.013989854859610228,0.2309555732143903,0.18470131281221994,0.0025201104082715037,0.0006057380456292723,-0.031199179203312527,2.2997835971460456,231,0.06722926930796083,0.14092028878398402
2020-08-25 00:00:00-04:00,85.43142857182829,85.96739814064308,84.75685226124271,85.72713470458984,2443900,0.0,0.0,0.05280829015544042,6.083607,0.0016,0.098500006,0.34451,0.06216,0.356,142027210752,0.181,29.523,12943287296,0.315,0.227,0.45,0.2202793529903911,-0.018757948025446166,1.0263519566298853,1.3765822818332791,-0.2290778130332124,0.013989854859610228,0.2309555732143903,0.18470131281221994,0.0025201104082715037,0.0006057380456292723,-0.031199179203312527,2.2997835971460456,231,0.06722926930796083,0.14092028878398402
2020-08-26 00:00:00-04:00,85.08027687435799,85.69941046736467,84.57202867103007,85.17268371582031,1603500,0.0,0.0,0.05280829015544042,6.083607,0.0016,0.098500006,0.34451,0.06216,0.356,142027210752,0.181,29.523,12943287296,0.315,0.227,0.45,0.2202793529903911,-0.018757948025446166,1.0263519566298853,1.3765822818332791,-0.2290778130332124,0.013989854859610228,0.2309555732143903,0.18470131281221994,0.0025201104082715037,0.0006057380456292723,-0.031199179203312527,2.2997835971460456,231,0.06722926930796083,0.14092028878398402
2020-08-27 00:00:00-04:00,85.46839545322742,86.7713552690679,85.46839545322742,86.22614288330078,1407300,0.0,0.0,0.05280829015544042,6.083607,0.0016,0.098500006,0.34451,0.06216,0.356,142027210752,0.181,29.523,12943287296,0.315,0.227,0.45,0.2202793529903911,-0.018757948025446166,1.0263519566298853,1.3765822818332791,-0.2290778130332124,0.013989854859610228,0.2309555732143903,0.18470131281221994,0.0025201104082715037,0.0006057380456292723,-0.031199179203312527,2.2997835971460456,231,0.06722926930796083,0.14092028878398402
2020-08-28 00:00:00-04:00,86.56803894042969,86.69740991155737,86.05055505591895,86.56803894042969,1425600,0.0,0.0,0.05280829015544042,6.083607,0.0016,0.098500006,0.34451,0.06216,0.356,142027210752,0.181,29.523,12943287296,0.315,0.227,0.45,0.2202793529903911,-0.018757948025446166,1.0263519566298853,1.3765822818332791,-0.2290778130332124,0.013989854859610228,0.2309555732143903,0.18470131281221994,0.0025201104082715037,0.0006057380456292723,-0.031199179203312527,2.2997835971460456,231,0.06722926930796083,0.14092028878398402
2020-08-31 00:00:00-04:00,86.59577473241715,88.11126954721573,86.03208381408703,87.8248062133789,2169100,0.0,0.0,0.05280829015544042,6.083607,0.0016,0.098500006,0.34451,0.06216,0.356,142027210752,0.181,29.523,12943287296,0.315,0.227,0.45,0.2202793529903911,-0.018757948025446166,1.0263519566298853,1.3765822818332791,-0.2290778130332124,0.013989854859610228,0.2309555732143903,0.18470131281221994,0.0025201104082715037,0.0006057380456292723,-0.031199179203312527,2.2997835971460456,231,0.06722926930796083,0.14092028878398402
2020-09-01 00:00:00-04:00,87.60301878377268,88.05581720868808,86.01359584711831,86.74362182617188,2426200,0.0,0.0,0.05280829015544042,6.083607,0.0016,0.098500006,0.34451,0.06216,0.356,142027210752,0.181,29.523,12943287296,0.315,0.227,0.45,0.2202793529903911,-0.018757948025446166,1.0263519566298853,1.3765822818332791,-0.2290778130332124,0.013989854859610228,0.2309555732143903,0.18470131281221994,0.0025201104082715037,0.0006057380456292723,-0.031199179203312527,2.2997835971460456,231,0.06722926930796083,0.14092028878398402
2020-09-02 00:00:00-04:00,86.96541645355448,88.12976253578795,86.1707048315751,87.78784942626953,1774100,0.0,0.0,0.05280829015544042,6.083607,0.0016,0.098500006,0.34451,0.06216,0.356,142027210752,0.181,29.523,12943287296,0.315,0.227,0.45,0.2202793529903911,-0.018757948025446166,1.0263519566298853,1.3765822818332791,-0.2290778130332124,0.013989854859610228,0.2309555732143903,0.18470131281221994,0.0025201104082715037,0.0006057380456292723,-0.031199179203312527,2.2997835971460456,231,0.06722926930796083,0.14092028878398402
2020-09-03 00:00:00-04:00,88.33304237011278,88.8967332564427,85.62548742619326,86.20765686035156,2378000,0.0,0.0,0.05280829015544042,6.083607,0.0016,0.098500006,0.34451,0.06216,0.356,142027210752,0.181,29.523,12943287296,0.315,0.227,0.45,0.2202793529903911,-0.018757948025446166,1.0263519566298853,1.3765822818332791,-0.2290778130332124,0.013989854859610228,0.2309555732143903,0.18470131281221994,0.0025201104082715037,0.0006057380456292723,-0.031199179203312527,2.2997835971460456,231,0.06722926930796083,0.14092028878398402
2020-09-04 00:00:00-04:00,86.85451398216748,87.834046246385,85.41294750866449,85.88423156738281,2059500,0.0,0.0,0.05280829015544042,6.083607,0.0016,0.098500006,0.34451,0.06216,0.356,142027210752,0.181,29.523,12943287296,0.315,0.227,0.45,0.2202793529903911,-0.018757948025446166,1.0263519566298853,1.3765822818332791,-0.2290778130332124,0.013989854859610228,0.2309555732143903,0.18470131281221994,0.0025201104082715037,0.0006057380456292723,-0.031199179203312527,2.2997835971460456,231,0.06722926930796083,0.14092028878398402
2020-09-08 00:00:00-04:00,86.02283606206512,86.02283606206512,83.74959397074187,84.84001159667969,2398200,0.0,0.0,0.05280829015544042,6.083607,0.0016,0.098500006,0.34451,0.06216,0.356,142027210752,0.181,29.523,12943287296,0.315,0.227,0.45,0.2202793529903911,-0.018757948025446166,1.0263519566298853,1.3765822818332791,-0.2290778130332124,0.013989854859610228,0.2309555732143903,0.18470131281221994,0.0025201104082715037,0.0006057380456292723,-0.031199179203312527,2.2997835971460456,231,0.06722926930796083,0.14092028878398402
2020-09-09 00:00:00-04:00,85.3297808250038,88.16672107295622,85.3297808250038,87.48289489746094,1826900,0.0,0.0,0.05280829015544042,6.083607,0.0016,0.098500006,0.34451,0.06216,0.356,142027210752,0.181,29.523,12943287296,0.315,0.227,0.45,0.2202793529903911,-0.018757948025446166,1.0263519566298853,1.3765822818332791,-0.2290778130332124,0.013989854859610228,0.2309555732143903,0.18470131281221994,0.0025201104082715037,0.0006057380456292723,-0.031199179203312527,2.2997835971460456,231,0.06722926930796083,0.14092028878398402
2020-09-10 00:00:00-04:00,87.29805672161363,88.33302439394112,87.00235066520743,87.18716430664062,1912000,0.0,0.0,0.05280829015544042,6.083607,0.0016,0.098500006,0.34451,0.06216,0.356,142027210752,0.181,29.523,12943287296,0.315,0.227,0.45,0.2202793529903911,-0.018757948025446166,1.0263519566298853,1.3765822818332791,-0.2290778130332124,0.013989854859610228,0.2309555732143903,0.18470131281221994,0.0025201104082715037,0.0006057380456292723,-0.031199179203312527,2.2997835971460456,231,0.06722926930796083,0.14092028878398402
2020-09-11 00:00:00-04:00,87.1409869894445,88.40697556652772,87.03009454575219,87.76936340332031,1494700,0.0,0.0,0.05280829015544042,6.083607,0.0016,0.098500006,0.34451,0.06216,0.356,142027210752,0.181,29.523,12943287296,0.315,0.227,0.45,0.2202793529903911,-0.018757948025446166,1.0263519566298853,1.3765822818332791,-0.2290778130332124,0.013989854859610228,0.2309555732143903,0.18470131281221994,0.0025201104082715037,0.0006057380456292723,-0.031199179203312527,2.2997835971460456,231,0.06722926930796083,0.14092028878398402
2020-09-14 00:00:00-04:00,88.41620943995974,89.2478850582142,88.1297461354125,88.95217895507812,1838700,0.0,0.0,0.05280829015544042,6.083607,0.0016,0.098500006,0.34451,0.06216,0.356,142027210752,0.181,29.523,12943287296,0.315,0.227,0.45,0.2202793529903911,-0.018757948025446166,1.0263519566298853,1.3765822818332791,-0.2290778130332124,0.013989854859610228,0.2309555732143903,0.18470131281221994,0.0025201104082715037,0.0006057380456292723,-0.031199179203312527,2.2997835971460456,231,0.06722926930796083,0.14092028878398402
2020-09-15 00:00:00-04:00,89.05383796654311,89.54360059047998,87.73239963677459,87.86177062988281,1764100,0.0,0.0,0.05280829015544042,6.083607,0.0016,0.098500006,0.34451,0.06216,0.356,142027210752,0.181,29.523,12943287296,0.315,0.227,0.45,0.2202793529903911,-0.018757948025446166,1.0263519566298853,1.3765822818332791,-0.2290778130332124,0.013989854859610228,0.2309555732143903,0.18470131281221994,0.0025201104082715037,0.0006057380456292723,-0.031199179203312527,2.2997835971460456,231,0.06722926930796083,0.14092028878398402
2020-09-16 00:00:00-04:00,88.61027524003612,88.94294552236877,87.83404928138681,87.86177062988281,1808200,0.0,0.0,0.05280829015544042,6.083607,0.0016,0.098500006,0.34451,0.06216,0.356,142027210752,0.181,29.523,12943287296,0.315,0.227,0.45,0.2202793529903911,-0.018757948025446166,1.0263519566298853,1.3765822818332791,-0.2290778130332124,0.013989854859610228,0.2309555732143903,0.18470131281221994,0.0025201104082715037,0.0006057380456292723,-0.031199179203312527,2.2997835971460456,231,0.06722926930796083,0.14092028878398402
2020-09-17 00:00:00-04:00,87.22415679402528,88.70268755659932,86.68818718940757,88.1852035522461,2322200,0.0,0.0,0.05280829015544042,6.083607,0.0016,0.098500006,0.34451,0.06216,0.356,142027210752,0.181,29.523,12943287296,0.315,0.227,0.45,0.2202793529903911,-0.018757948025446166,1.0263519566298853,1.3765822818332791,-0.2290778130332124,0.013989854859610228,0.2309555732143903,0.18470131281221994,0.0025201104082715037,0.0006057380456292723,-0.031199179203312527,2.2997835971460456,231,0.06722926930796083,0.14092028878398402
2020-09-18 00:00:00-04:00,87.89872839610742,90.11652071704988,87.73239326701776,89.50662994384766,3894600,0.0,0.0,0.05280829015544042,6.083607,0.0016,0.098500006,0.34451,0.06216,0.356,142027210752,0.181,29.523,12943287296,0.315,0.227,0.45,0.2202793529903911,-0.018757948025446166,1.0263519566298853,1.3765822818332791,-0.2290778130332124,0.013989854859610228,0.2309555732143903,0.18470131281221994,0.0025201104082715037,0.0006057380456292723,-0.031199179203312527,2.2997835971460456,231,0.06722926930796083,0.14092028878398402
2020-09-21 00:00:00-04:00,88.42545010841272,89.98714462320306,88.12050121403392,89.96866607666016,2740800,0.0,0.0,0.05280829015544042,6.083607,0.0016,0.098500006,0.34451,0.06216,0.356,142027210752,0.181,29.523,12943287296,0.315,0.227,0.45,0.2202793529903911,-0.018757948025446166,1.0263519566298853,1.3765822818332791,-0.2290778130332124,0.013989854859610228,0.2309555732143903,0.18470131281221994,0.0025201104082715037,0.0006057380456292723,-0.031199179203312527,2.2997835971460456,231,0.06722926930796083,0.14092028878398402
2020-09-22 00:00:00-04:00,89.3680111884141,90.38450045398247,86.3832288799673,87.25186157226562,2923100,0.0,0.0,0.05280829015544042,6.083607,0.0016,0.098500006,0.34451,0.06216,0.356,142027210752,0.181,29.523,12943287296,0.315,0.227,0.45,0.2202793529903911,-0.018757948025446166,1.0263519566298853,1.3765822818332791,-0.2290778130332124,0.013989854859610228,0.2309555732143903,0.18470131281221994,0.0025201104082715037,0.0006057380456292723,-0.031199179203312527,2.2997835971460456,231,0.06722926930796083,0.14092028878398402
2020-09-23 00:00:00-04:00,87.27034232340732,87.51059866634691,84.22086764583229,84.26707458496094,2881300,0.0,0.0,0.05280829015544042,6.083607,0.0016,0.098500006,0.34451,0.06216,0.356,142027210752,0.181,29.523,12943287296,0.315,0.227,0.45,0.2202793529903911,-0.018757948025446166,1.0263519566298853,1.3765822818332791,-0.2290778130332124,0.013989854859610228,0.2309555732143903,0.18470131281221994,0.0025201104082715037,0.0006057380456292723,-0.031199179203312527,2.2997835971460456,231,0.06722926930796083,0.14092028878398402
2020-09-24 00:00:00-04:00,84.76608087490897,85.85649837889336,83.98984799994575,85.20039367675781,1810400,0.0,0.0,0.05280829015544042,6.083607,0.0016,0.098500006,0.34451,0.06216,0.356,142027210752,0.181,29.523,12943287296,0.315,0.227,0.45,0.2202793529903911,-0.018757948025446166,1.0263519566298853,1.3765822818332791,-0.2290778130332124,0.013989854859610228,0.2309555732143903,0.18470131281221994,0.0025201104082715037,0.0006057380456292723,-0.031199179203312527,2.2997835971460456,231,0.06722926930796083,0.14092028878398402
2020-09-25 00:00:00-04:00,84.38722842112627,85.77335241427892,84.27633596360522,85.57005310058594,1676800,0.0,0.0,0.05280829015544042,6.083607,0.0016,0.098500006,0.34451,0.06216,0.356,142027210752,0.181,29.523,12943287296,0.315,0.227,0.45,0.2202793529903911,-0.018757948025446166,1.0263519566298853,1.3765822818332791,-0.2290778130332124,0.013989854859610228,0.2309555732143903,0.18470131281221994,0.0025201104082715037,0.0006057380456292723,-0.031199179203312527,2.2997835971460456,231,0.06722926930796083,0.14092028878398402
2020-09-28 00:00:00-04:00,86.45716346862147,87.76012328357872,86.170700126407,86.84528350830078,1826900,0.0,0.0,0.05280829015544042,6.083607,0.0016,0.098500006,0.34451,0.06216,0.356,142027210752,0.181,29.523,12943287296,0.315,0.227,0.45,0.2202793529903911,-0.018757948025446166,1.0263519566298853,1.3765822818332791,-0.2290778130332124,0.013989854859610228,0.2309555732143903,0.18470131281221994,0.0025201104082715037,0.0006057380456292723,-0.031199179203312527,2.2997835971460456,231,0.06722926930796083,0.14092028878398402
2020-09-29 00:00:00-04:00,86.98388714275215,87.57529940563298,86.48488172403577,87.00237274169922,1744700,0.0,0.0,0.05280829015544042,6.083607,0.0016,0.098500006,0.34451,0.06216,0.356,142027210752,0.181,29.523,12943287296,0.315,0.227,0.45,0.2202793529903911,-0.018757948025446166,1.0263519566298853,1.3765822818332791,-0.2290778130332124,0.013989854859610228,0.2309555732143903,0.18470131281221994,0.0025201104082715037,0.0006057380456292723,-0.031199179203312527,2.2997835971460456,231,0.06722926930796083,0.14092028878398402
2020-09-30 00:00:00-04:00,87.21491010709504,87.77860103679738,86.3924771867471,87.48289489746094,3119600,0.0,0.0,0.05280829015544042,6.083607,0.0016,0.098500006,0.34451,0.06216,0.356,142027210752,0.181,29.523,12943287296,0.315,0.227,0.45,0.2202793529903911,-0.018757948025446166,1.0263519566298853,1.3765822818332791,-0.2290778130332124,0.013989854859610228,0.2309555732143903,0.18470131281221994,0.0025201104082715037,0.0006057380456292723,-0.031199179203312527,2.2997835971460456,231,0.06722926930796083,0.14092028878398402
2020-10-01 00:00:00-04:00,87.86176998261311,88.19444026249502,85.68093461458297,86.36475372314453,2006300,0.0,0.0,0.05280829015544042,6.083607,0.0016,0.098500006,0.34451,0.06216,0.356,142027210752,0.181,29.523,12943287296,0.315,0.227,0.45,0.2202793529903911,-0.018757948025446166,1.0263519566298853,1.3765822818332791,-0.2290778130332124,0.013989854859610228,0.2309555732143903,0.18470131281221994,0.0025201104082715037,0.0006057380456292723,-0.031199179203312527,2.2997835971460456,231,0.06722926930796083,0.14092028878398402
2020-10-02 00:00:00-04:00,85.81954080704197,88.06506147231225,85.38522092175506,87.05780792236328,1586800,0.0,0.0,0.05280829015544042,6.083607,0.0016,0.098500006,0.34451,0.06216,0.356,142027210752,0.181,29.523,12943287296,0.315,0.227,0.45,0.2202793529903911,-0.018757948025446166,1.0263519566298853,1.3765822818332791,-0.2290778130332124,0.013989854859610228,0.2309555732143903,0.18470131281221994,0.0025201104082715037,0.0006057380456292723,-0.031199179203312527,2.2997835971460456,231,0.06722926930796083,0.14092028878398402
2020-10-05 00:00:00-04:00,87.95418202867788,88.78585777756875,87.12250627978699,88.69345092773438,1325200,0.0,0.0,0.05280829015544042,6.083607,0.0016,0.098500006,0.34451,0.06216,0.356,142027210752,0.181,29.523,12943287296,0.315,0.227,0.45,0.2202793529903911,-0.018757948025446166,1.0263519566298853,1.3765822818332791,-0.2290778130332124,0.013989854859610228,0.2309555732143903,0.18470131281221994,0.0025201104082715037,0.0006057380456292723,-0.031199179203312527,2.2997835971460456,231,0.06722926930796083,0.14092028878398402
2020-10-06 00:00:00-04:00,88.89694359838069,89.15595542029526,87.37061586776372,87.99040222167969,1971300,0.1,0.0,0.05280829015544042,6.083607,0.0016,0.098500006,0.34451,0.06216,0.356,142027210752,0.181,29.523,12943287296,0.315,0.227,0.45,0.2202793529903911,-0.018757948025446166,1.0263519566298853,1.3765822818332791,-0.2290778130332124,0.013989854859610228,0.2309555732143903,0.18470131281221994,0.0025201104082715037,0.0006057380456292723,-0.031199179203312527,2.2997835971460456,231,0.06722926930796083,0.14092028878398402
2020-10-07 00:00:00-04:00,88.11065874093866,89.72948974142835,88.11065874093866,89.1837158203125,2305500,0.0,0.0,0.05280829015544042,6.083607,0.0016,0.098500006,0.34451,0.06216,0.356,142027210752,0.181,29.523,12943287296,0.315,0.227,0.45,0.2202793529903911,-0.018757948025446166,1.0263519566298853,1.3765822818332791,-0.2290778130332124,0.013989854859610228,0.2309555732143903,0.18470131281221994,0.0025201104082715037,0.0006057380456292723,-0.031199179203312527,2.2997835971460456,231,0.06722926930796083,0.14092028878398402
2020-10-08 00:00:00-04:00,89.53523038444409,90.67303335784426,89.09120506424739,90.62678527832031,1393000,0.0,0.0,0.05280829015544042,6.083607,0.0016,0.098500006,0.34451,0.06216,0.356,142027210752,0.181,29.523,12943287296,0.315,0.227,0.45,0.2202793529903911,-0.018757948025446166,1.0263519566298853,1.3765822818332791,-0.2290778130332124,0.013989854859610228,0.2309555732143903,0.18470131281221994,0.0025201104082715037,0.0006057380456292723,-0.031199179203312527,2.2997835971460456,231,0.06722926930796083,0.14092028878398402
2020-10-09 00:00:00-04:00,90.69154152098224,92.41212823056513,90.35852428315695,92.39362335205078,1919500,0.0,0.0,0.05280829015544042,6.083607,0.0016,0.098500006,0.34451,0.06216,0.356,142027210752,0.181,29.523,12943287296,0.315,0.227,0.45,0.2202793529903911,-0.018757948025446166,1.0263519566298853,1.3765822818332791,-0.2290778130332124,0.013989854859610228,0.2309555732143903,0.18470131281221994,0.0025201104082715037,0.0006057380456292723,-0.031199179203312527,2.2997835971460456,231,0.06722926930796083,0.14092028878398402
2020-10-12 00:00:00-04:00,92.49536768040505,93.90144185843046,92.02359919923111,93.78118133544922,2081200,0.0,0.0,0.05280829015544042,6.083607,0.0016,0.098500006,0.34451,0.06216,0.356,142027210752,0.181,29.523,12943287296,0.315,0.227,0.45,0.2202793529903911,-0.018757948025446166,1.0263519566298853,1.3765822818332791,-0.2290778130332124,0.013989854859610228,0.2309555732143903,0.18470131281221994,0.0025201104082715037,0.0006057380456292723,-0.031199179203312527,2.2997835971460456,231,0.06722926930796083,0.14092028878398402
2020-10-13 00:00:00-04:00,93.75344628437526,94.40098296475358,92.46763242078654,92.75439453125,2206900,0.0,0.0,0.05280829015544042,6.083607,0.0016,0.098500006,0.34451,0.06216,0.356,142027210752,0.181,29.523,12943287296,0.315,0.227,0.45,0.2202793529903911,-0.018757948025446166,1.0263519566298853,1.3765822818332791,-0.2290778130332124,0.013989854859610228,0.2309555732143903,0.18470131281221994,0.0025201104082715037,0.0006057380456292723,-0.031199179203312527,2.2997835971460456,231,0.06722926930796083,0.14092028878398402
2020-10-14 00:00:00-04:00,93.03190330328397,94.35471975469564,92.09760459234603,92.18086242675781,2107800,0.0,0.0,0.05280829015544042,6.083607,0.0016,0.098500006,0.34451,0.06216,0.356,142027210752,0.181,29.523,12943287296,0.315,0.227,0.45,0.2202793529903911,-0.018757948025446166,1.0263519566298853,1.3765822818332791,-0.2290778130332124,0.013989854859610228,0.2309555732143903,0.18470131281221994,0.0025201104082715037,0.0006057380456292723,-0.031199179203312527,2.2997835971460456,231,0.06722926930796083,0.14092028878398402
2020-10-15 00:00:00-04:00,88.93396254624584,91.63509640770548,88.81370905196681,90.20127868652344,2740800,0.0,0.0,0.05280829015544042,6.083607,0.0016,0.098500006,0.34451,0.06216,0.356,142027210752,0.181,29.523,12943287296,0.315,0.227,0.45,0.2202793529903911,-0.018757948025446166,1.0263519566298853,1.3765822818332791,-0.2290778130332124,0.013989854859610228,0.2309555732143903,0.18470131281221994,0.0025201104082715037,0.0006057380456292723,-0.031199179203312527,2.2997835971460456,231,0.06722926930796083,0.14092028878398402
2020-10-16 00:00:00-04:00,90.82106487850311,90.82106487850311,88.96171945323228,89.28548431396484,2815700,0.0,0.0,0.05280829015544042,6.083607,0.0016,0.098500006,0.34451,0.06216,0.356,142027210752,0.181,29.523,12943287296,0.315,0.227,0.45,0.2202793529903911,-0.018757948025446166,1.0263519566298853,1.3765822818332791,-0.2290778130332124,0.013989854859610228,0.2309555732143903,0.18470131281221994,0.0025201104082715037,0.0006057380456292723,-0.031199179203312527,2.2997835971460456,231,0.06722926930796083,0.14092028878398402
2020-10-19 00:00:00-04:00,90.14575481378544,90.46952664938237,88.32341961801163,88.6009292602539,1459900,0.0,0.0,0.05280829015544042,6.083607,0.0016,0.098500006,0.34451,0.06216,0.356,142027210752,0.181,29.523,12943287296,0.315,0.227,0.45,0.2202793529903911,-0.018757948025446166,1.0263519566298853,1.3765822818332791,-0.2290778130332124,0.013989854859610228,0.2309555732143903,0.18470131281221994,0.0025201104082715037,0.0006057380456292723,-0.031199179203312527,2.2997835971460456,231,0.06722926930796083,0.14092028878398402
2020-10-20 00:00:00-04:00,89.19296619159135,89.47973535542197,87.16711951105871,87.50012969970703,1934700,0.0,0.0,0.05280829015544042,6.083607,0.0016,0.098500006,0.34451,0.06216,0.356,142027210752,0.181,29.523,12943287296,0.315,0.227,0.45,0.2202793529903911,-0.018757948025446166,1.0263519566298853,1.3765822818332791,-0.2290778130332124,0.013989854859610228,0.2309555732143903,0.18470131281221994,0.0025201104082715037,0.0006057380456292723,-0.031199179203312527,2.2997835971460456,231,0.06722926930796083,0.14092028878398402
2020-10-21 00:00:00-04:00,87.74064324299589,88.60093661468814,86.3345759226445,86.58433532714844,2098500,0.0,0.0,0.05280829015544042,6.083607,0.0016,0.098500006,0.34451,0.06216,0.356,142027210752,0.181,29.523,12943287296,0.315,0.227,0.45,0.2202793529903911,-0.018757948025446166,1.0263519566298853,1.3765822818332791,-0.2290778130332124,0.013989854859610228,0.2309555732143903,0.18470131281221994,0.0025201104082715037,0.0006057380456292723,-0.031199179203312527,2.2997835971460456,231,0.06722926930796083,0.14092028878398402
2020-10-22 00:00:00-04:00,86.35306036904787,88.08289928394244,85.90904215035924,87.31510925292969,1918200,0.0,0.0,0.05280829015544042,6.083607,0.0016,0.098500006,0.34451,0.06216,0.356,142027210752,0.181,29.523,12943287296,0.315,0.227,0.45,0.2202793529903911,-0.018757948025446166,1.0263519566298853,1.3765822818332791,-0.2290778130332124,0.013989854859610228,0.2309555732143903,0.18470131281221994,0.0025201104082715037,0.0006057380456292723,-0.031199179203312527,2.2997835971460456,231,0.06722926930796083,0.14092028878398402
2020-10-23 00:00:00-04:00,87.47237023406397,88.03664900531302,87.2503611124793,87.52787780761719,1562600,0.0,0.0,0.05280829015544042,6.083607,0.0016,0.098500006,0.34451,0.06216,0.356,142027210752,0.181,29.523,12943287296,0.315,0.227,0.45,0.2202793529903911,-0.018757948025446166,1.0263519566298853,1.3765822818332791,-0.2290778130332124,0.013989854859610228,0.2309555732143903,0.18470131281221994,0.0025201104082715037,0.0006057380456292723,-0.031199179203312527,2.2997835971460456,231,0.06722926930796083,0.14092028878398402
2020-10-26 00:00:00-04:00,86.84335341087882,87.42613715916737,85.6407973265186,86.80635070800781,1699900,0.0,0.0,0.05280829015544042,6.083607,0.0016,0.098500006,0.34451,0.06216,0.356,142027210752,0.181,29.523,12943287296,0.315,0.227,0.45,0.2202793529903911,-0.018757948025446166,1.0263519566298853,1.3765822818332791,-0.2290778130332124,0.013989854859610228,0.2309555732143903,0.18470131281221994,0.0025201104082715037,0.0006057380456292723,-0.031199179203312527,2.2997835971460456,231,0.06722926930796083,0.14092028878398402
2020-10-27 00:00:00-04:00,86.88034918675021,87.69439446992052,86.53808656318394,86.76934814453125,1505400,0.0,0.0,0.05280829015544042,6.083607,0.0016,0.098500006,0.34451,0.06216,0.356,142027210752,0.181,29.523,12943287296,0.315,0.227,0.45,0.2202793529903911,-0.018757948025446166,1.0263519566298853,1.3765822818332791,-0.2290778130332124,0.013989854859610228,0.2309555732143903,0.18470131281221994,0.0025201104082715037,0.0006057380456292723,-0.031199179203312527,2.2997835971460456,231,0.06722926930796083,0.14092028878398402
2020-10-28 00:00:00-04:00,85.56679061273695,86.48258455777722,84.30872696452997,84.70649719238281,1978500,0.0,0.0,0.05280829015544042,6.083607,0.0016,0.098500006,0.34451,0.06216,0.356,142027210752,0.181,29.523,12943287296,0.315,0.227,0.45,0.2202793529903911,-0.018757948025446166,1.0263519566298853,1.3765822818332791,-0.2290778130332124,0.013989854859610228,0.2309555732143903,0.18470131281221994,0.0025201104082715037,0.0006057380456292723,-0.031199179203312527,2.2997835971460456,231,0.06722926930796083,0.14092028878398402
2020-10-29 00:00:00-04:00,84.66023879659696,85.08576632798355,83.3281768525146,84.2347183227539,2176700,0.0,0.0,0.05280829015544042,6.083607,0.0016,0.098500006,0.34451,0.06216,0.356,142027210752,0.181,29.523,12943287296,0.315,0.227,0.45,0.2202793529903911,-0.018757948025446166,1.0263519566298853,1.3765822818332791,-0.2290778130332124,0.013989854859610228,0.2309555732143903,0.18470131281221994,0.0025201104082715037,0.0006057380456292723,-0.031199179203312527,2.2997835971460456,231,0.06722926930796083,0.14092028878398402
2020-10-30 00:00:00-04:00,84.1514786548293,85.18752618624417,83.35593812461032,85.01177215576172,2205600,0.0,0.0,0.05280829015544042,6.083607,0.0016,0.098500006,0.34451,0.06216,0.356,142027210752,0.181,29.523,12943287296,0.315,0.227,0.45,0.2202793529903911,-0.018757948025446166,1.0263519566298853,1.3765822818332791,-0.2290778130332124,0.013989854859610228,0.2309555732143903,0.18470131281221994,0.0025201104082715037,0.0006057380456292723,-0.031199179203312527,2.2997835971460456,231,0.06722926930796083,0.14092028878398402
2020-11-02 00:00:00-05:00,86.11256342029453,87.56489300022476,85.64079485179545,87.32437896728516,1913700,0.0,0.0,0.05280829015544042,6.083607,0.0016,0.098500006,0.34451,0.06216,0.356,142027210752,0.181,29.523,12943287296,0.315,0.227,0.45,0.2202793529903911,-0.018757948025446166,1.0263519566298853,1.3765822818332791,-0.2290778130332124,0.013989854859610228,0.2309555732143903,0.18470131281221994,0.0025201104082715037,0.0006057380456292723,-0.031199179203312527,2.2997835971460456,231,0.06722926930796083,0.14092028878398402
2020-11-03 00:00:00-05:00,87.58338852487755,88.97095804709834,87.10236752916018,87.38912963867188,2678700,0.0,0.0,0.05280829015544042,6.083607,0.0016,0.098500006,0.34451,0.06216,0.356,142027210752,0.181,29.523,12943287296,0.315,0.227,0.45,0.2202793529903911,-0.018757948025446166,1.0263519566298853,1.3765822818332791,-0.2290778130332124,0.013989854859610228,0.2309555732143903,0.18470131281221994,0.0025201104082715037,0.0006057380456292723,-0.031199179203312527,2.2997835971460456,231,0.06722926930796083,0.14092028878398402
2020-11-04 00:00:00-05:00,86.9636077126273,90.22902013782837,86.9636077126273,88.67494201660156,2979400,0.0,0.0,0.05280829015544042,6.083607,0.0016,0.098500006,0.34451,0.06216,0.356,142027210752,0.181,29.523,12943287296,0.315,0.227,0.45,0.2202793529903911,-0.018757948025446166,1.0263519566298853,1.3765822818332791,-0.2290778130332124,0.013989854859610228,0.2309555732143903,0.18470131281221994,0.0025201104082715037,0.0006057380456292723,-0.031199179203312527,2.2997835971460456,231,0.06722926930796083,0.14092028878398402
2020-11-05 00:00:00-05:00,89.56298406014821,90.69154169521953,88.82294418410507,89.99775695800781,2268500,0.0,0.0,0.05280829015544042,6.083607,0.0016,0.098500006,0.34451,0.06216,0.356,142027210752,0.181,29.523,12943287296,0.315,0.227,0.45,0.2202793529903911,-0.018757948025446166,1.0263519566298853,1.3765822818332791,-0.2290778130332124,0.013989854859610228,0.2309555732143903,0.18470131281221994,0.0025201104082715037,0.0006057380456292723,-0.031199179203312527,2.2997835971460456,231,0.06722926930796083,0.14092028878398402
2020-11-06 00:00:00-05:00,90.5712890625,91.09856518541409,89.29472061725498,90.5712890625,1976800,0.0,0.0,0.05280829015544042,6.083607,0.0016,0.098500006,0.34451,0.06216,0.356,142027210752,0.181,29.523,12943287296,0.315,0.227,0.45,0.2202793529903911,-0.018757948025446166,1.0263519566298853,1.3765822818332791,-0.2290778130332124,0.013989854859610228,0.2309555732143903,0.18470131281221994,0.0025201104082715037,0.0006057380456292723,-0.031199179203312527,2.2997835971460456,231,0.06722926930796083,0.14092028878398402
2020-11-09 00:00:00-05:00,92.33811553830597,92.81913647853632,83.59643137970873,83.61492919921875,5748500,0.0,0.0,0.05280829015544042,6.083607,0.0016,0.098500006,0.34451,0.06216,0.356,142027210752,0.181,29.523,12943287296,0.315,0.227,0.45,0.2202793529903911,-0.018757948025446166,1.0263519566298853,1.3765822818332791,-0.2290778130332124,0.013989854859610228,0.2309555732143903,0.18470131281221994,0.0025201104082715037,0.0006057380456292723,-0.031199179203312527,2.2997835971460456,231,0.06722926930796083,0.14092028878398402
2020-11-10 00:00:00-05:00,84.01269209022257,86.3715626246459,82.02384143184202,85.70552825927734,4402500,0.0,0.0,0.05280829015544042,6.083607,0.0016,0.098500006,0.34451,0.06216,0.356,142027210752,0.181,29.523,12943287296,0.315,0.227,0.45,0.2202793529903911,-0.018757948025446166,1.0263519566298853,1.3765822818332791,-0.2290778130332124,0.013989854859610228,0.2309555732143903,0.18470131281221994,0.0025201104082715037,0.0006057380456292723,-0.031199179203312527,2.2997835971460456,231,0.06722926930796083,0.14092028878398402
2020-11-11 00:00:00-05:00,86.21431246187214,87.12086094250436,85.18751050278127,85.77029418945312,2612700,0.0,0.0,0.05280829015544042,6.083607,0.0016,0.098500006,0.34451,0.06216,0.356,142027210752,0.181,29.523,12943287296,0.315,0.227,0.45,0.2202793529903911,-0.018757948025446166,1.0263519566298853,1.3765822818332791,-0.2290778130332124,0.013989854859610228,0.2309555732143903,0.18470131281221994,0.0025201104082715037,0.0006057380456292723,-0.031199179203312527,2.2997835971460456,231,0.06722926930796083,0.14092028878398402
2020-11-12 00:00:00-05:00,86.11256190603137,87.72214764715721,85.40953175679165,87.58338928222656,2740300,0.0,0.0,0.05280829015544042,6.083607,0.0016,0.098500006,0.34451,0.06216,0.356,142027210752,0.181,29.523,12943287296,0.315,0.227,0.45,0.2202793529903911,-0.018757948025446166,1.0263519566298853,1.3765822818332791,-0.2290778130332124,0.013989854859610228,0.2309555732143903,0.18470131281221994,0.0025201104082715037,0.0006057380456292723,-0.031199179203312527,2.2997835971460456,231,0.06722926930796083,0.14092028878398402
2020-11-13 00:00:00-05:00,87.87939527599649,88.76743884451193,87.44462240173995,88.48992919921875,2018900,0.0,0.0,0.05280829015544042,6.083607,0.0016,0.098500006,0.34451,0.06216,0.356,142027210752,0.181,29.523,12943287296,0.315,0.227,0.45,0.2202793529903911,-0.018757948025446166,1.0263519566298853,1.3765822818332791,-0.2290778130332124,0.013989854859610228,0.2309555732143903,0.18470131281221994,0.0025201104082715037,0.0006057380456292723,-0.031199179203312527,2.2997835971460456,231,0.06722926930796083,0.14092028878398402
2020-11-16 00:00:00-05:00,87.84239121566067,89.02644928864511,87.84239121566067,88.7119369506836,2291200,0.0,0.0,0.05280829015544042,6.083607,0.0016,0.098500006,0.34451,0.06216,0.356,142027210752,0.181,29.523,12943287296,0.315,0.227,0.45,0.2202793529903911,-0.018757948025446166,1.0263519566298853,1.3765822818332791,-0.2290778130332124,0.013989854859610228,0.2309555732143903,0.18470131281221994,0.0025201104082715037,0.0006057380456292723,-0.031199179203312527,2.2997835971460456,231,0.06722926930796083,0.14092028878398402
2020-11-17 00:00:00-05:00,87.97189239098479,88.47141818692613,86.72308142990268,87.81463623046875,2272600,0.0,0.0,0.05280829015544042,6.083607,0.0016,0.098500006,0.34451,0.06216,0.356,142027210752,0.181,29.523,12943287296,0.315,0.227,0.45,0.2202793529903911,-0.018757948025446166,1.0263519566298853,1.3765822818332791,-0.2290778130332124,0.013989854859610228,0.2309555732143903,0.18470131281221994,0.0025201104082715037,0.0006057380456292723,-0.031199179203312527,2.2997835971460456,231,0.06722926930796083,0.14092028878398402
2020-11-18 00:00:00-05:00,87.5926445710617,88.29567474316917,86.84335219908107,87.3706283569336,1942000,0.0,0.0,0.05280829015544042,6.083607,0.0016,0.098500006,0.34451,0.06216,0.356,142027210752,0.181,29.523,12943287296,0.315,0.227,0.45,0.2202793529903911,-0.018757948025446166,1.0263519566298853,1.3765822818332791,-0.2290778130332124,0.013989854859610228,0.2309555732143903,0.18470131281221994,0.0025201104082715037,0.0006057380456292723,-0.031199179203312527,2.2997835971460456,231,0.06722926930796083,0.14092028878398402
2020-11-19 00:00:00-05:00,86.54731961197058,87.77763274322848,86.03854844003264,87.2041015625,2129600,0.0,0.0,0.05280829015544042,6.083607,0.0016,0.098500006,0.34451,0.06216,0.356,142027210752,0.181,29.523,12943287296,0.315,0.227,0.45,0.2202793529903911,-0.018757948025446166,1.0263519566298853,1.3765822818332791,-0.2290778130332124,0.013989854859610228,0.2309555732143903,0.18470131281221994,0.0025201104082715037,0.0006057380456292723,-0.031199179203312527,2.2997835971460456,231,0.06722926930796083,0.14092028878398402
2020-11-20 00:00:00-05:00,87.41688477418909,87.90715823683729,85.88130436302139,86.15882110595703,2562200,0.0,0.0,0.05280829015544042,6.083607,0.0016,0.098500006,0.34451,0.06216,0.356,142027210752,0.181,29.523,12943287296,0.315,0.227,0.45,0.2202793529903911,-0.018757948025446166,1.0263519566298853,1.3765822818332791,-0.2290778130332124,0.013989854859610228,0.2309555732143903,0.18470131281221994,0.0025201104082715037,0.0006057380456292723,-0.031199179203312527,2.2997835971460456,231,0.06722926930796083,0.14092028878398402
2020-11-23 00:00:00-05:00,86.1495602719096,86.48257750796743,85.13201074286324,85.96455383300781,2491500,0.0,0.0,0.05280829015544042,6.083607,0.0016,0.098500006,0.34451,0.06216,0.356,142027210752,0.181,29.523,12943287296,0.315,0.227,0.45,0.2202793529903911,-0.018757948025446166,1.0263519566298853,1.3765822818332791,-0.2290778130332124,0.013989854859610228,0.2309555732143903,0.18470131281221994,0.0025201104082715037,0.0006057380456292723,-0.031199179203312527,2.2997835971460456,231,0.06722926930796083,0.14092028878398402
2020-11-24 00:00:00-05:00,84.25320663959992,84.6417243361854,80.90453697214167,81.9868392944336,5954700,0.0,0.0,0.05280829015544042,6.083607,0.0016,0.098500006,0.34451,0.06216,0.356,142027210752,0.181,29.523,12943287296,0.315,0.227,0.45,0.2202793529903911,-0.018757948025446166,1.0263519566298853,1.3765822818332791,-0.2290778130332124,0.013989854859610228,0.2309555732143903,0.18470131281221994,0.0025201104082715037,0.0006057380456292723,-0.031199179203312527,2.2997835971460456,231,0.06722926930796083,0.14092028878398402
2020-11-25 00:00:00-05:00,82.09786093628031,82.75464297686536,81.43182645637904,82.69914245605469,2250200,0.0,0.0,0.05280829015544042,6.083607,0.0016,0.098500006,0.34451,0.06216,0.356,142027210752,0.181,29.523,12943287296,0.315,0.227,0.45,0.2202793529903911,-0.018757948025446166,1.0263519566298853,1.3765822818332791,-0.2290778130332124,0.013989854859610228,0.2309555732143903,0.18470131281221994,0.0025201104082715037,0.0006057380456292723,-0.031199179203312527,2.2997835971460456,231,0.06722926930796083,0.14092028878398402
2020-11-27 00:00:00-05:00,82.227362172081,82.76389070116272,80.67328416002756,81.80184173583984,1113500,0.0,0.0,0.05280829015544042,6.083607,0.0016,0.098500006,0.34451,0.06216,0.356,142027210752,0.181,29.523,12943287296,0.315,0.227,0.45,0.2202793529903911,-0.018757948025446166,1.0263519566298853,1.3765822818332791,-0.2290778130332124,0.013989854859610228,0.2309555732143903,0.18470131281221994,0.0025201104082715037,0.0006057380456292723,-0.031199179203312527,2.2997835971460456,231,0.06722926930796083,0.14092028878398402
2020-11-30 00:00:00-05:00,81.86657825993052,82.01458902067574,79.75747432210167,80.58076477050781,4022300,0.0,0.0,0.05280829015544042,6.083607,0.0016,0.098500006,0.34451,0.06216,0.356,142027210752,0.181,29.523,12943287296,0.315,0.227,0.45,0.2202793529903911,-0.018757948025446166,1.0263519566298853,1.3765822818332791,-0.2290778130332124,0.013989854859610228,0.2309555732143903,0.18470131281221994,0.0025201104082715037,0.0006057380456292723,-0.031199179203312527,2.2997835971460456,231,0.06722926930796083,0.14092028878398402
2020-12-01 00:00:00-05:00,81.26531168801412,82.5233751531907,81.06180038371457,82.47712707519531,3097900,0.0,0.0,0.05280829015544042,6.083607,0.0016,0.098500006,0.34451,0.06216,0.356,142027210752,0.181,29.523,12943287296,0.315,0.227,0.45,0.2202793529903911,-0.018757948025446166,1.0263519566298853,1.3765822818332791,-0.2290778130332124,0.013989854859610228,0.2309555732143903,0.18470131281221994,0.0025201104082715037,0.0006057380456292723,-0.031199179203312527,2.2997835971460456,231,0.06722926930796083,0.14092028878398402
2020-12-02 00:00:00-05:00,83.2079220782493,84.12372310912241,82.12561946817456,82.5141372680664,2524500,0.0,0.0,0.05280829015544042,6.083607,0.0016,0.098500006,0.34451,0.06216,0.356,142027210752,0.181,29.523,12943287296,0.315,0.227,0.45,0.2202793529903911,-0.018757948025446166,1.0263519566298853,1.3765822818332791,-0.2290778130332124,0.013989854859610228,0.2309555732143903,0.18470131281221994,0.0025201104082715037,0.0006057380456292723,-0.031199179203312527,2.2997835971460456,231,0.06722926930796083,0.14092028878398402
2020-12-03 00:00:00-05:00,81.96834930015444,82.60663347514112,81.2005592139448,81.68158721923828,3240600,0.0,0.0,0.05280829015544042,6.083607,0.0016,0.098500006,0.34451,0.06216,0.356,142027210752,0.181,29.523,12943287296,0.315,0.227,0.45,0.2202793529903911,-0.018757948025446166,1.0263519566298853,1.3765822818332791,-0.2290778130332124,0.013989854859610228,0.2309555732143903,0.18470131281221994,0.0025201104082715037,0.0006057380456292723,-0.031199179203312527,2.2997835971460456,231,0.06722926930796083,0.14092028878398402
2020-12-04 00:00:00-05:00,81.6723545578193,82.8841631880821,80.98782213880122,82.8101577758789,2229100,0.0,0.0,0.05280829015544042,6.083607,0.0016,0.098500006,0.34451,0.06216,0.356,142027210752,0.181,29.523,12943287296,0.315,0.227,0.45,0.2202793529903911,-0.018757948025446166,1.0263519566298853,1.3765822818332791,-0.2290778130332124,0.013989854859610228,0.2309555732143903,0.18470131281221994,0.0025201104082715037,0.0006057380456292723,-0.031199179203312527,2.2997835971460456,231,0.06722926930796083,0.14092028878398402
2020-12-07 00:00:00-05:00,83.72594186848731,84.47522710662443,82.7361426183082,83.48542785644531,3141800,0.0,0.0,0.05280829015544042,6.083607,0.0016,0.098500006,0.34451,0.06216,0.356,142027210752,0.181,29.523,12943287296,0.315,0.227,0.45,0.2202793529903911,-0.018757948025446166,1.0263519566298853,1.3765822818332791,-0.2290778130332124,0.013989854859610228,0.2309555732143903,0.18470131281221994,0.0025201104082715037,0.0006057380456292723,-0.031199179203312527,2.2997835971460456,231,0.06722926930796083,0.14092028878398402
2020-12-08 00:00:00-05:00,82.24587640931168,87.32437902086204,82.05161046034729,85.88130187988281,4211800,0.0,0.0,0.05280829015544042,6.083607,0.0016,0.098500006,0.34451,0.06216,0.356,142027210752,0.181,29.523,12943287296,0.315,0.227,0.45,0.2202793529903911,-0.018757948025446166,1.0263519566298853,1.3765822818332791,-0.2290778130332124,0.013989854859610228,0.2309555732143903,0.18470131281221994,0.0025201104082715037,0.0006057380456292723,-0.031199179203312527,2.2997835971460456,231,0.06722926930796083,0.14092028878398402
2020-12-09 00:00:00-05:00,85.4002771505276,86.88960231074259,85.21527070700938,86.58433532714844,2833500,0.0,0.0,0.05280829015544042,6.083607,0.0016,0.098500006,0.34451,0.06216,0.356,142027210752,0.181,29.523,12943287296,0.315,0.227,0.45,0.2202793529903911,-0.018757948025446166,1.0263519566298853,1.3765822818332791,-0.2290778130332124,0.013989854859610228,0.2309555732143903,0.18470131281221994,0.0025201104082715037,0.0006057380456292723,-0.031199179203312527,2.2997835971460456,231,0.06722926930796083,0.14092028878398402
2020-12-10 00:00:00-05:00,86.55657431463219,87.5278756663099,85.77028644103443,87.13935089111328,3402700,0.0,0.0,0.05280829015544042,6.083607,0.0016,0.098500006,0.34451,0.06216,0.356,142027210752,0.181,29.523,12943287296,0.315,0.227,0.45,0.2202793529903911,-0.018757948025446166,1.0263519566298853,1.3765822818332791,-0.2290778130332124,0.013989854859610228,0.2309555732143903,0.18470131281221994,0.0025201104082715037,0.0006057380456292723,-0.031199179203312527,2.2997835971460456,231,0.06722926930796083,0.14092028878398402
2020-12-11 00:00:00-05:00,86.80633102574237,87.934888506018,86.80633102574237,87.31510925292969,1968100,0.0,0.0,0.05280829015544042,6.083607,0.0016,0.098500006,0.34451,0.06216,0.356,142027210752,0.181,29.523,12943287296,0.315,0.227,0.45,0.2202793529903911,-0.018757948025446166,1.0263519566298853,1.3765822818332791,-0.2290778130332124,0.013989854859610228,0.2309555732143903,0.18470131281221994,0.0025201104082715037,0.0006057380456292723,-0.031199179203312527,2.2997835971460456,231,0.06722926930796083,0.14092028878398402
2020-12-14 00:00:00-05:00,87.53712550298533,88.85994194403683,87.0375996730558,87.0468521118164,2608100,0.0,0.0,0.05280829015544042,6.083607,0.0016,0.098500006,0.34451,0.06216,0.356,142027210752,0.181,29.523,12943287296,0.315,0.227,0.45,0.2202793529903911,-0.018757948025446166,1.0263519566298853,1.3765822818332791,-0.2290778130332124,0.013989854859610228,0.2309555732143903,0.18470131281221994,0.0025201104082715037,0.0006057380456292723,-0.031199179203312527,2.2997835971460456,231,0.06722926930796083,0.14092028878398402
2020-12-15 00:00:00-05:00,87.51862819918661,89.46122395534132,87.41687254484843,89.4427261352539,2877000,0.0,0.0,0.05280829015544042,6.083607,0.0016,0.098500006,0.34451,0.06216,0.356,142027210752,0.181,29.523,12943287296,0.315,0.227,0.45,0.2202793529903911,-0.018757948025446166,1.0263519566298853,1.3765822818332791,-0.2290778130332124,0.013989854859610228,0.2309555732143903,0.18470131281221994,0.0025201104082715037,0.0006057380456292723,-0.031199179203312527,2.2997835971460456,231,0.06722926930796083,0.14092028878398402
2020-12-16 00:00:00-05:00,89.88674401869328,90.68228437245749,88.47142436020712,89.13745880126953,2446200,0.0,0.0,0.05280829015544042,6.083607,0.0016,0.098500006,0.34451,0.06216,0.356,142027210752,0.181,29.523,12943287296,0.315,0.227,0.45,0.2202793529903911,-0.018757948025446166,1.0263519566298853,1.3765822818332791,-0.2290778130332124,0.013989854859610228,0.2309555732143903,0.18470131281221994,0.0025201104082715037,0.0006057380456292723,-0.031199179203312527,2.2997835971460456,231,0.06722926930796083,0.14092028878398402
2020-12-17 00:00:00-05:00,89.41498127180294,91.17256364542422,88.915455408785,89.0912094116211,3615400,0.0,0.0,0.05280829015544042,6.083607,0.0016,0.098500006,0.34451,0.06216,0.356,142027210752,0.181,29.523,12943287296,0.315,0.227,0.45,0.2202793529903911,-0.018757948025446166,1.0263519566298853,1.3765822818332791,-0.2290778130332124,0.013989854859610228,0.2309555732143903,0.18470131281221994,0.0025201104082715037,0.0006057380456292723,-0.031199179203312527,2.2997835971460456,231,0.06722926930796083,0.14092028878398402
2020-12-18 00:00:00-05:00,89.13746882687211,89.97001197183916,88.48993919053314,89.68324279785156,5330200,0.0,0.0,0.05280829015544042,6.083607,0.0016,0.098500006,0.34451,0.06216,0.356,142027210752,0.181,29.523,12943287296,0.315,0.227,0.45,0.2202793529903911,-0.018757948025446166,1.0263519566298853,1.3765822818332791,-0.2290778130332124,0.013989854859610228,0.2309555732143903,0.18470131281221994,0.0025201104082715037,0.0006057380456292723,-0.031199179203312527,2.2997835971460456,231,0.06722926930796083,0.14092028878398402
2020-12-21 00:00:00-05:00,89.58147304741301,90.71928300955838,88.50842309626289,90.59902954101562,2486000,0.0,0.0,0.05280829015544042,6.083607,0.0016,0.098500006,0.34451,0.06216,0.356,142027210752,0.181,29.523,12943287296,0.315,0.227,0.45,0.2202793529903911,-0.018757948025446166,1.0263519566298853,1.3765822818332791,-0.2290778130332124,0.013989854859610228,0.2309555732143903,0.18470131281221994,0.0025201104082715037,0.0006057380456292723,-0.031199179203312527,2.2997835971460456,231,0.06722926930796083,0.14092028878398402
2020-12-22 00:00:00-05:00,90.37702228142068,91.26507295572573,90.22901854073204,90.6452865600586,1751000,0.0,0.0,0.05280829015544042,6.083607,0.0016,0.098500006,0.34451,0.06216,0.356,142027210752,0.181,29.523,12943287296,0.315,0.227,0.45,0.2202793529903911,-0.018757948025446166,1.0263519566298853,1.3765822818332791,-0.2290778130332124,0.013989854859610228,0.2309555732143903,0.18470131281221994,0.0025201104082715037,0.0006057380456292723,-0.031199179203312527,2.2997835971460456,231,0.06722926930796083,0.14092028878398402
2020-12-23 00:00:00-05:00,91.28358130766702,91.44083750577285,90.03477004807488,90.20127868652344,3062700,0.0,0.0,0.05280829015544042,6.083607,0.0016,0.098500006,0.34451,0.06216,0.356,142027210752,0.181,29.523,12943287296,0.315,0.227,0.45,0.2202793529903911,-0.018757948025446166,1.0263519566298853,1.3765822818332791,-0.2290778130332124,0.013989854859610228,0.2309555732143903,0.18470131281221994,0.0025201104082715037,0.0006057380456292723,-0.031199179203312527,2.2997835971460456,231,0.06722926930796083,0.14092028878398402
2020-12-24 00:00:00-05:00,90.09951097591839,91.08005779489959,89.97925044016496,90.94129943847656,724700,0.0,0.0,0.05280829015544042,6.083607,0.0016,0.098500006,0.34451,0.06216,0.356,142027210752,0.181,29.523,12943287296,0.315,0.227,0.45,0.2202793529903911,-0.018757948025446166,1.0263519566298853,1.3765822818332791,-0.2290778130332124,0.013989854859610228,0.2309555732143903,0.18470131281221994,0.0025201104082715037,0.0006057380456292723,-0.031199179203312527,2.2997835971460456,231,0.06722926930796083,0.14092028878398402
2020-12-28 00:00:00-05:00,91.3205904462667,91.54259962732698,89.91451583194761,90.76556396484375,1338800,0.0,0.0,0.05280829015544042,6.083607,0.0016,0.098500006,0.34451,0.06216,0.356,142027210752,0.181,29.523,12943287296,0.315,0.227,0.45,0.2202793529903911,-0.018757948025446166,1.0263519566298853,1.3765822818332791,-0.2290778130332124,0.013989854859610228,0.2309555732143903,0.18470131281221994,0.0025201104082715037,0.0006057380456292723,-0.031199179203312527,2.2997835971460456,231,0.06722926930796083,0.14092028878398402
2020-12-29 00:00:00-05:00,91.1078154579246,91.5240905610194,90.26602692696429,90.36778259277344,1221700,0.0,0.0,0.05280829015544042,6.083607,0.0016,0.098500006,0.34451,0.06216,0.356,142027210752,0.181,29.523,12943287296,0.315,0.227,0.45,0.2202793529903911,-0.018757948025446166,1.0263519566298853,1.3765822818332791,-0.2290778130332124,0.013989854859610228,0.2309555732143903,0.18470131281221994,0.0025201104082715037,0.0006057380456292723,-0.031199179203312527,2.2997835971460456,231,0.06722926930796083,0.14092028878398402
2020-12-30 00:00:00-05:00,90.92279516404419,91.11705402623052,90.00700136872499,90.10875701904297,1477800,0.0,0.0,0.05280829015544042,6.083607,0.0016,0.098500006,0.34451,0.06216,0.356,142027210752,0.181,29.523,12943287296,0.315,0.227,0.45,0.2202793529903911,-0.018757948025446166,1.0263519566298853,1.3765822818332791,-0.2290778130332124,0.013989854859610228,0.2309555732143903,0.18470131281221994,0.0025201104082715037,0.0006057380456292723,-0.031199179203312527,2.2997835971460456,231,0.06722926930796083,0.14092028878398402
2020-12-31 00:00:00-05:00,90.48802016830327,91.52407446637572,89.96074410980712,91.46856689453125,1440200,0.0,0.0,0.05280829015544042,6.083607,0.0016,0.098500006,0.34451,0.06216,0.356,142027210752,0.181,29.523,12943287296,0.315,0.227,0.45,0.2202793529903911,-0.018757948025446166,1.0263519566298853,1.3765822818332791,-0.2290778130332124,0.013989854859610228,0.2309555732143903,0.18470131281221994,0.0025201104082715037,0.0006057380456292723,-0.031199179203312527,2.2997835971460456,231,0.06722926930796083,0.14092028878398402
2021-01-04 00:00:00-05:00,90.26603711295965,90.85806629490513,88.739709011129,89.84976196289062,2485200,0.0,0.0,0.05280829015544042,6.083607,0.0016,0.098500006,0.34451,0.06216,0.356,142027210752,0.181,29.523,12943287296,0.315,0.227,0.45,0.2202793529903911,-0.018757948025446166,1.0263519566298853,1.3765822818332791,-0.2290778130332124,0.013989854859610228,0.2309555732143903,0.18470131281221994,0.0025201104082715037,0.0006057380456292723,-0.031199179203312527,2.2997835971460456,231,0.06722926930796083,0.14092028878398402
2021-01-05 00:00:00-05:00,90.13652060083255,90.31227461209959,88.07366408927776,89.68324279785156,2623200,0.0,0.0,0.05280829015544042,6.083607,0.0016,0.098500006,0.34451,0.06216,0.356,142027210752,0.181,29.523,12943287296,0.315,0.227,0.45,0.2202793529903911,-0.018757948025446166,1.0263519566298853,1.3765822818332791,-0.2290778130332124,0.013989854859610228,0.2309555732143903,0.18470131281221994,0.0025201104082715037,0.0006057380456292723,-0.031199179203312527,2.2997835971460456,231,0.06722926930796083,0.14092028878398402
2021-01-06 00:00:00-05:00,89.35946896533436,91.49633066477942,88.80444261052718,91.38532257080078,2833600,0.0,0.0,0.05280829015544042,6.083607,0.0016,0.098500006,0.34451,0.06216,0.356,142027210752,0.181,29.523,12943287296,0.315,0.227,0.45,0.2202793529903911,-0.018757948025446166,1.0263519566298853,1.3765822818332791,-0.2290778130332124,0.013989854859610228,0.2309555732143903,0.18470131281221994,0.0025201104082715037,0.0006057380456292723,-0.031199179203312527,2.2997835971460456,231,0.06722926930796083,0.14092028878398402
2021-01-07 00:00:00-05:00,91.7249112436835,92.49138853538481,91.28830631938419,91.91895294189453,2698300,4.6,0.0,0.05280829015544042,6.083607,0.0016,0.098500006,0.34451,0.06216,0.356,142027210752,0.181,29.523,12943287296,0.315,0.227,0.45,0.2202793529903911,-0.018757948025446166,1.0263519566298853,1.3765822818332791,-0.2290778130332124,0.013989854859610228,0.2309555732143903,0.18470131281221994,0.0025201104082715037,0.0006057380456292723,-0.031199179203312527,2.2997835971460456,231,0.06722926930796083,0.14092028878398402
2021-01-08 00:00:00-05:00,90.22104201123251,92.02565752970247,90.07550706899178,91.68608093261719,1685400,0.0,0.0,0.05280829015544042,6.083607,0.0016,0.098500006,0.34451,0.06216,0.356,142027210752,0.181,29.523,12943287296,0.315,0.227,0.45,0.2202793529903911,-0.018757948025446166,1.0263519566298853,1.3765822818332791,-0.2290778130332124,0.013989854859610228,0.2309555732143903,0.18470131281221994,0.0025201104082715037,0.0006057380456292723,-0.031199179203312527,2.2997835971460456,231,0.06722926930796083,0.14092028878398402
2021-01-11 00:00:00-05:00,91.4047131510403,92.29731658537987,91.07484086530307,92.25850677490234,1759700,0.0,0.0,0.05280829015544042,6.083607,0.0016,0.098500006,0.34451,0.06216,0.356,142027210752,0.181,29.523,12943287296,0.315,0.227,0.45,0.2202793529903911,-0.018757948025446166,1.0263519566298853,1.3765822818332791,-0.2290778130332124,0.013989854859610228,0.2309555732143903,0.18470131281221994,0.0025201104082715037,0.0006057380456292723,-0.031199179203312527,2.2997835971460456,231,0.06722926930796083,0.14092028878398402
2021-01-12 00:00:00-05:00,92.04507880185389,93.1802381835424,91.72490336531129,92.23912048339844,2090200,0.0,0.0,0.05280829015544042,6.083607,0.0016,0.098500006,0.34451,0.06216,0.356,142027210752,0.181,29.523,12943287296,0.315,0.227,0.45,0.2202793529903911,-0.018757948025446166,1.0263519566298853,1.3765822818332791,-0.2290778130332124,0.013989854859610228,0.2309555732143903,0.18470131281221994,0.0025201104082715037,0.0006057380456292723,-0.031199179203312527,2.2997835971460456,231,0.06722926930796083,0.14092028878398402
2021-01-13 00:00:00-05:00,92.24881405910928,92.666010287902,91.6084632605003,92.10327911376953,2072300,0.0,0.0,0.05280829015544042,6.083607,0.0016,0.098500006,0.34451,0.06216,0.356,142027210752,0.181,29.523,12943287296,0.315,0.227,0.45,0.2202793529903911,-0.018757948025446166,1.0263519566298853,1.3765822818332791,-0.2290778130332124,0.013989854859610228,0.2309555732143903,0.18470131281221994,0.0025201104082715037,0.0006057380456292723,-0.031199179203312527,2.2997835971460456,231,0.06722926930796083,0.14092028878398402
2021-01-14 00:00:00-05:00,92.47197420868157,92.76304414022384,90.58004186030433,90.6673583984375,1602300,0.0,0.0,0.05280829015544042,6.083607,0.0016,0.098500006,0.34451,0.06216,0.356,142027210752,0.181,29.523,12943287296,0.315,0.227,0.45,0.2202793529903911,-0.018757948025446166,1.0263519566298853,1.3765822818332791,-0.2290778130332124,0.013989854859610228,0.2309555732143903,0.18470131281221994,0.0025201104082715037,0.0006057380456292723,-0.031199179203312527,2.2997835971460456,231,0.06722926930796083,0.14092028878398402
2021-01-15 00:00:00-05:00,90.66735793907961,92.18091121232897,90.10463409101315,91.97716522216797,3053300,0.0,0.0,0.05280829015544042,6.083607,0.0016,0.098500006,0.34451,0.06216,0.356,142027210752,0.181,29.523,12943287296,0.315,0.227,0.45,0.2202793529903911,-0.018757948025446166,1.0263519566298853,1.3765822818332791,-0.2290778130332124,0.013989854859610228,0.2309555732143903,0.18470131281221994,0.0025201104082715037,0.0006057380456292723,-0.031199179203312527,2.2997835971460456,231,0.06722926930796083,0.14092028878398402
2021-01-19 00:00:00-05:00,92.17121466556937,94.25719626739132,91.44354718136749,93.3257827758789,3463300,0.0,0.0,0.05280829015544042,6.083607,0.0016,0.098500006,0.34451,0.06216,0.356,142027210752,0.181,29.523,12943287296,0.315,0.227,0.45,0.2202793529903911,-0.018757948025446166,1.0263519566298853,1.3765822818332791,-0.2290778130332124,0.013989854859610228,0.2309555732143903,0.18470131281221994,0.0025201104082715037,0.0006057380456292723,-0.031199179203312527,2.2997835971460456,231,0.06722926930796083,0.14092028878398402
2021-01-20 00:00:00-05:00,93.08320870007391,93.96610789200552,92.49137200343421,93.19963073730469,1474900,0.0,0.0,0.05280829015544042,6.083607,0.0016,0.098500006,0.34451,0.06216,0.356,142027210752,0.181,29.523,12943287296,0.315,0.227,0.45,0.2202793529903911,-0.018757948025446166,1.0263519566298853,1.3765822818332791,-0.2290778130332124,0.013989854859610228,0.2309555732143903,0.18470131281221994,0.0025201104082715037,0.0006057380456292723,-0.031199179203312527,2.2997835971460456,231,0.06722926930796083,0.14092028878398402
2021-01-21 00:00:00-05:00,93.28695288502126,93.76236013313166,91.45323181152344,91.45323181152344,1695300,0.0,0.0,0.05280829015544042,6.083607,0.0016,0.098500006,0.34451,0.06216,0.356,142027210752,0.181,29.523,12943287296,0.315,0.227,0.45,0.2202793529903911,-0.018757948025446166,1.0263519566298853,1.3765822818332791,-0.2290778130332124,0.013989854859610228,0.2309555732143903,0.18470131281221994,0.0025201104082715037,0.0006057380456292723,-0.031199179203312527,2.2997835971460456,231,0.06722926930796083,0.14092028878398402
2021-01-22 00:00:00-05:00,91.2009584721573,91.46291541505008,89.55158239684421,89.561279296875,2688200,0.0,0.0,0.05280829015544042,6.083607,0.0016,0.098500006,0.34451,0.06216,0.356,142027210752,0.181,29.523,12943287296,0.315,0.227,0.45,0.2202793529903911,-0.018757948025446166,1.0263519566298853,1.3765822818332791,-0.2290778130332124,0.013989854859610228,0.2309555732143903,0.18470131281221994,0.0025201104082715037,0.0006057380456292723,-0.031199179203312527,2.2997835971460456,231,0.06722926930796083,0.14092028878398402
2021-01-25 00:00:00-05:00,89.52249481916608,90.803189195891,88.65899673043118,89.66802978515625,3119600,0.0,0.0,0.05280829015544042,6.083607,0.0016,0.098500006,0.34451,0.06216,0.356,142027210752,0.181,29.523,12943287296,0.315,0.227,0.45,0.2202793529903911,-0.018757948025446166,1.0263519566298853,1.3765822818332791,-0.2290778130332124,0.013989854859610228,0.2309555732143903,0.18470131281221994,0.0025201104082715037,0.0006057380456292723,-0.031199179203312527,2.2997835971460456,231,0.06722926930796083,0.14092028878398402
2021-01-26 00:00:00-05:00,89.77473940126241,90.06580928288406,88.42612992736363,88.98886108398438,2595600,0.0,0.0,0.05280829015544042,6.083607,0.0016,0.098500006,0.34451,0.06216,0.356,142027210752,0.181,29.523,12943287296,0.315,0.227,0.45,0.2202793529903911,-0.018757948025446166,1.0263519566298853,1.3765822818332791,-0.2290778130332124,0.013989854859610228,0.2309555732143903,0.18470131281221994,0.0025201104082715037,0.0006057380456292723,-0.031199179203312527,2.2997835971460456,231,0.06722926930796083,0.14092028878398402
2021-01-27 00:00:00-05:00,88.08655591514177,88.6104772760864,84.12804390059222,84.4482192993164,4866900,0.0,0.0,0.05280829015544042,6.083607,0.0016,0.098500006,0.34451,0.06216,0.356,142027210752,0.181,29.523,12943287296,0.315,0.227,0.45,0.2202793529903911,-0.018757948025446166,1.0263519566298853,1.3765822818332791,-0.2290778130332124,0.013989854859610228,0.2309555732143903,0.18470131281221994,0.0025201104082715037,0.0006057380456292723,-0.031199179203312527,2.2997835971460456,231,0.06722926930796083,0.14092028878398402
2021-01-28 00:00:00-05:00,84.91392389657491,87.02901058657048,84.21536947057628,85.85504150390625,6292500,0.0,0.0,0.05280829015544042,6.083607,0.0016,0.098500006,0.34451,0.06216,0.356,142027210752,0.181,29.523,12943287296,0.315,0.227,0.45,0.2202793529903911,-0.018757948025446166,1.0263519566298853,1.3765822818332791,-0.2290778130332124,0.013989854859610228,0.2309555732143903,0.18470131281221994,0.0025201104082715037,0.0006057380456292723,-0.031199179203312527,2.2997835971460456,231,0.06722926930796083,0.14092028878398402
2021-01-29 00:00:00-05:00,85.55427646178725,86.41777446098531,84.13775157094307,84.59375762939453,4756500,0.0,0.0,0.05280829015544042,6.083607,0.0016,0.098500006,0.34451,0.06216,0.356,142027210752,0.181,29.523,12943287296,0.315,0.227,0.45,0.2202793529903911,-0.018757948025446166,1.0263519566298853,1.3765822818332791,-0.2290778130332124,0.013989854859610228,0.2309555732143903,0.18470131281221994,0.0025201104082715037,0.0006057380456292723,-0.031199179203312527,2.2997835971460456,231,0.06722926930796083,0.14092028878398402
2021-02-01 00:00:00-05:00,84.88482854668209,85.49607392063194,82.92498087382518,83.62354278564453,5151700,0.0,0.0,0.05280829015544042,6.083607,0.0016,0.098500006,0.34451,0.06216,0.356,142027210752,0.181,29.523,12943287296,0.315,0.227,0.45,0.2202793529903911,-0.018757948025446166,1.0263519566298853,1.3765822818332791,-0.2290778130332124,0.013989854859610228,0.2309555732143903,0.18470131281221994,0.0025201104082715037,0.0006057380456292723,-0.031199179203312527,2.2997835971460456,231,0.06722926930796083,0.14092028878398402
2021-02-02 00:00:00-05:00,84.35122255646552,85.64161401899915,83.97283603254871,84.16687774658203,3261200,0.0,0.0,0.05280829015544042,6.083607,0.0016,0.098500006,0.34451,0.06216,0.356,142027210752,0.181,29.523,12943287296,0.315,0.227,0.45,0.2202793529903911,-0.018757948025446166,1.0263519566298853,1.3765822818332791,-0.2290778130332124,0.013989854859610228,0.2309555732143903,0.18470131281221994,0.0025201104082715037,0.0006057380456292723,-0.031199179203312527,2.2997835971460456,231,0.06722926930796083,0.14092028878398402
2021-02-03 00:00:00-05:00,83.60413584086683,84.49673945609555,83.32277020954596,84.37061309814453,2726000,0.0,0.0,0.05280829015544042,6.083607,0.0016,0.098500006,0.34451,0.06216,0.356,142027210752,0.181,29.523,12943287296,0.315,0.227,0.45,0.2202793529903911,-0.018757948025446166,1.0263519566298853,1.3765822818332791,-0.2290778130332124,0.013989854859610228,0.2309555732143903,0.18470131281221994,0.0025201104082715037,0.0006057380456292723,-0.031199179203312527,2.2997835971460456,231,0.06722926930796083,0.14092028878398402
2021-02-04 00:00:00-05:00,84.36090443329032,85.59309204478296,83.73996217633274,85.51547241210938,3279900,0.0,0.0,0.05280829015544042,6.083607,0.0016,0.098500006,0.34451,0.06216,0.356,142027210752,0.181,29.523,12943287296,0.315,0.227,0.45,0.2202793529903911,-0.018757948025446166,1.0263519566298853,1.3765822818332791,-0.2290778130332124,0.013989854859610228,0.2309555732143903,0.18470131281221994,0.0025201104082715037,0.0006057380456292723,-0.031199179203312527,2.2997835971460456,231,0.06722926930796083,0.14092028878398402
2021-02-05 00:00:00-05:00,85.69981766015117,86.30135131113852,84.84601650048043,84.86542510986328,2216300,0.0,0.0,0.05280829015544042,6.083607,0.0016,0.098500006,0.34451,0.06216,0.356,142027210752,0.181,29.523,12943287296,0.315,0.227,0.45,0.2202793529903911,-0.018757948025446166,1.0263519566298853,1.3765822818332791,-0.2290778130332124,0.013989854859610228,0.2309555732143903,0.18470131281221994,0.0025201104082715037,0.0006057380456292723,-0.031199179203312527,2.2997835971460456,231,0.06722926930796083,0.14092028878398402
2021-02-08 00:00:00-05:00,85.30202425141782,85.39904509357241,83.34217659191802,83.60413360595703,3958300,0.0,0.0,0.05280829015544042,6.083607,0.0016,0.098500006,0.34451,0.06216,0.356,142027210752,0.181,29.523,12943287296,0.315,0.227,0.45,0.2202793529903911,-0.018757948025446166,1.0263519566298853,1.3765822818332791,-0.2290778130332124,0.013989854859610228,0.2309555732143903,0.18470131281221994,0.0025201104082715037,0.0006057380456292723,-0.031199179203312527,2.2997835971460456,231,0.06722926930796083,0.14092028878398402
2021-02-09 00:00:00-05:00,83.86609255015442,84.27358450194538,82.78914424741028,83.7011489868164,4551400,0.0,0.0,0.05280829015544042,6.083607,0.0016,0.098500006,0.34451,0.06216,0.356,142027210752,0.181,29.523,12943287296,0.315,0.227,0.45,0.2202793529903911,-0.018757948025446166,1.0263519566298853,1.3765822818332791,-0.2290778130332124,0.013989854859610228,0.2309555732143903,0.18470131281221994,0.0025201104082715037,0.0006057380456292723,-0.031199179203312527,2.2997835971460456,231,0.06722926930796083,0.14092028878398402
2021-02-10 00:00:00-05:00,84.20566805576854,84.3803085188136,82.50777754369193,82.98318481445312,3265300,0.0,0.0,0.05280829015544042,6.083607,0.0016,0.098500006,0.34451,0.06216,0.356,142027210752,0.181,29.523,12943287296,0.315,0.227,0.45,0.2202793529903911,-0.018757948025446166,1.0263519566298853,1.3765822818332791,-0.2290778130332124,0.013989854859610228,0.2309555732143903,0.18470131281221994,0.0025201104082715037,0.0006057380456292723,-0.031199179203312527,2.2997835971460456,231,0.06722926930796083,0.14092028878398402
2021-02-11 00:00:00-05:00,83.06080036681988,84.16685411108811,82.5950900208157,83.79817199707031,2475800,0.0,0.0,0.05280829015544042,6.083607,0.0016,0.098500006,0.34451,0.06216,0.356,142027210752,0.181,29.523,12943287296,0.315,0.227,0.45,0.2202793529903911,-0.018757948025446166,1.0263519566298853,1.3765822818332791,-0.2290778130332124,0.013989854859610228,0.2309555732143903,0.18470131281221994,0.0025201104082715037,0.0006057380456292723,-0.031199179203312527,2.2997835971460456,231,0.06722926930796083,0.14092028878398402
2021-02-12 00:00:00-05:00,83.43919198986946,84.04073301552415,83.19663619920124,83.7011489868164,2326900,0.0,0.0,0.05280829015544042,6.083607,0.0016,0.098500006,0.34451,0.06216,0.356,142027210752,0.181,29.523,12943287296,0.315,0.227,0.45,0.2202793529903911,-0.018757948025446166,1.0263519566298853,1.3765822818332791,-0.2290778130332124,0.013989854859610228,0.2309555732143903,0.18470131281221994,0.0025201104082715037,0.0006057380456292723,-0.031199179203312527,2.2997835971460456,231,0.06722926930796083,0.14092028878398402
2021-02-16 00:00:00-05:00,83.92431663682154,84.56466757694095,82.36225650955424,82.59510803222656,3846800,0.0,0.0,0.05280829015544042,6.083607,0.0016,0.098500006,0.34451,0.06216,0.356,142027210752,0.181,29.523,12943287296,0.315,0.227,0.45,0.2202793529903911,-0.018757948025446166,1.0263519566298853,1.3765822818332791,-0.2290778130332124,0.013989854859610228,0.2309555732143903,0.18470131281221994,0.0025201104082715037,0.0006057380456292723,-0.031199179203312527,2.2997835971460456,231,0.06722926930796083,0.14092028878398402
2021-02-17 00:00:00-05:00,82.54658059149413,83.85638025585845,82.54658059149413,83.6817398071289,3951900,0.0,0.0,0.05280829015544042,6.083607,0.0016,0.098500006,0.34451,0.06216,0.356,142027210752,0.181,29.523,12943287296,0.315,0.227,0.45,0.2202793529903911,-0.018757948025446166,1.0263519566298853,1.3765822818332791,-0.2290778130332124,0.013989854859610228,0.2309555732143903,0.18470131281221994,0.0025201104082715037,0.0006057380456292723,-0.031199179203312527,2.2997835971460456,231,0.06722926930796083,0.14092028878398402
2021-02-18 00:00:00-05:00,83.71086324164864,85.88416131175235,83.44890621356325,85.47666931152344,2921000,0.0,0.0,0.05280829015544042,6.083607,0.0016,0.098500006,0.34451,0.06216,0.356,142027210752,0.181,29.523,12943287296,0.315,0.227,0.45,0.2202793529903911,-0.018757948025446166,1.0263519566298853,1.3765822818332791,-0.2290778130332124,0.013989854859610228,0.2309555732143903,0.18470131281221994,0.0025201104082715037,0.0006057380456292723,-0.031199179203312527,2.2997835971460456,231,0.06722926930796083,0.14092028878398402
2021-02-19 00:00:00-05:00,85.81622261733938,86.07818697632855,84.44821201691136,84.46761322021484,2580700,0.0,0.0,0.05280829015544042,6.083607,0.0016,0.098500006,0.34451,0.06216,0.356,142027210752,0.181,29.523,12943287296,0.315,0.227,0.45,0.2202793529903911,-0.018757948025446166,1.0263519566298853,1.3765822818332791,-0.2290778130332124,0.013989854859610228,0.2309555732143903,0.18470131281221994,0.0025201104082715037,0.0006057380456292723,-0.031199179203312527,2.2997835971460456,231,0.06722926930796083,0.14092028878398402
2021-02-22 00:00:00-05:00,84.40941091324086,85.48635916189734,83.85638403438064,85.17588806152344,2646900,0.0,0.0,0.05280829015544042,6.083607,0.0016,0.098500006,0.34451,0.06216,0.356,142027210752,0.181,29.523,12943287296,0.315,0.227,0.45,0.2202793529903911,-0.018757948025446166,1.0263519566298853,1.3765822818332791,-0.2290778130332124,0.013989854859610228,0.2309555732143903,0.18470131281221994,0.0025201104082715037,0.0006057380456292723,-0.031199179203312527,2.2997835971460456,231,0.06722926930796083,0.14092028878398402
2021-02-23 00:00:00-05:00,85.80653991740103,87.79549298370205,85.37963935193245,87.07752990722656,4797000,0.0,0.0,0.05280829015544042,6.083607,0.0016,0.098500006,0.34451,0.06216,0.356,142027210752,0.181,29.523,12943287296,0.315,0.227,0.45,0.2202793529903911,-0.018757948025446166,1.0263519566298853,1.3765822818332791,-0.2290778130332124,0.013989854859610228,0.2309555732143903,0.18470131281221994,0.0025201104082715037,0.0006057380456292723,-0.031199179203312527,2.2997835971460456,231,0.06722926930796083,0.14092028878398402
2021-02-24 00:00:00-05:00,87.07752324578485,88.29030212107433,85.11767584029157,85.12737274169922,3659500,0.0,0.0,0.05280829015544042,6.083607,0.0016,0.098500006,0.34451,0.06216,0.356,142027210752,0.181,29.523,12943287296,0.315,0.227,0.45,0.2202793529903911,-0.018757948025446166,1.0263519566298853,1.3765822818332791,-0.2290778130332124,0.013989854859610228,0.2309555732143903,0.18470131281221994,0.0025201104082715037,0.0006057380456292723,-0.031199179203312527,2.2997835971460456,231,0.06722926930796083,0.14092028878398402
2021-02-25 00:00:00-05:00,85.12736638272847,86.0005685881521,84.05041822974171,84.51612854003906,3552800,0.0,0.0,0.05280829015544042,6.083607,0.0016,0.098500006,0.34451,0.06216,0.356,142027210752,0.181,29.523,12943287296,0.315,0.227,0.45,0.2202793529903911,-0.018757948025446166,1.0263519566298853,1.3765822818332791,-0.2290778130332124,0.013989854859610228,0.2309555732143903,0.18470131281221994,0.0025201104082715037,0.0006057380456292723,-0.031199179203312527,2.2997835971460456,231,0.06722926930796083,0.14092028878398402
2021-02-26 00:00:00-05:00,85.00123686570197,85.069152179009,82.9540657617438,83.39066314697266,4540100,0.0,0.0,0.05280829015544042,6.083607,0.0016,0.098500006,0.34451,0.06216,0.356,142027210752,0.181,29.523,12943287296,0.315,0.227,0.45,0.2202793529903911,-0.018757948025446166,1.0263519566298853,1.3765822818332791,-0.2290778130332124,0.013989854859610228,0.2309555732143903,0.18470131281221994,0.0025201104082715037,0.0006057380456292723,-0.031199179203312527,2.2997835971460456,231,0.06722926930796083,0.14092028878398402
2021-03-01 00:00:00-05:00,83.90490987001655,85.62220176458042,83.90490987001655,85.03036499023438,2193200,0.0,0.0,0.05280829015544042,6.083607,0.0016,0.098500006,0.34451,0.06216,0.356,142027210752,0.181,29.523,12943287296,0.315,0.227,0.45,0.2202793529903911,-0.018757948025446166,1.0263519566298853,1.3765822818332791,-0.2290778130332124,0.013989854859610228,0.2309555732143903,0.18470131281221994,0.0025201104082715037,0.0006057380456292723,-0.031199179203312527,2.2997835971460456,231,0.06722926930796083,0.14092028878398402
2021-03-02 00:00:00-05:00,85.15649210221842,86.58272147590891,84.72959890218259,86.0685043334961,2911500,0.0,0.0,0.05280829015544042,6.083607,0.0016,0.098500006,0.34451,0.06216,0.356,142027210752,0.181,29.523,12943287296,0.315,0.227,0.45,0.2202793529903911,-0.018757948025446166,1.0263519566298853,1.3765822818332791,-0.2290778130332124,0.013989854859610228,0.2309555732143903,0.18470131281221994,0.0025201104082715037,0.0006057380456292723,-0.031199179203312527,2.2997835971460456,231,0.06722926930796083,0.14092028878398402
2021-03-03 00:00:00-05:00,85.77743755055884,87.68877105642879,85.25351612888444,86.21403503417969,2788900,0.0,0.0,0.05280829015544042,6.083607,0.0016,0.098500006,0.34451,0.06216,0.356,142027210752,0.181,29.523,12943287296,0.315,0.227,0.45,0.2202793529903911,-0.018757948025446166,1.0263519566298853,1.3765822818332791,-0.2290778130332124,0.013989854859610228,0.2309555732143903,0.18470131281221994,0.0025201104082715037,0.0006057380456292723,-0.031199179203312527,2.2997835971460456,231,0.06722926930796083,0.14092028878398402
2021-03-04 00:00:00-05:00,86.03939113728924,86.6409321683649,84.17656442470157,84.39971160888672,3305400,0.0,0.0,0.05280829015544042,6.083607,0.0016,0.098500006,0.34451,0.06216,0.356,142027210752,0.181,29.523,12943287296,0.315,0.227,0.45,0.2202793529903911,-0.018757948025446166,1.0263519566298853,1.3765822818332791,-0.2290778130332124,0.013989854859610228,0.2309555732143903,0.18470131281221994,0.0025201104082715037,0.0006057380456292723,-0.031199179203312527,2.2997835971460456,231,0.06722926930796083,0.14092028878398402
2021-03-05 00:00:00-05:00,85.33112851345082,87.1260473769803,84.25418015621939,86.8931884765625,3341400,0.0,0.0,0.05280829015544042,6.083607,0.0016,0.098500006,0.34451,0.06216,0.356,142027210752,0.181,29.523,12943287296,0.315,0.227,0.45,0.2202793529903911,-0.018757948025446166,1.0263519566298853,1.3765822818332791,-0.2290778130332124,0.013989854859610228,0.2309555732143903,0.18470131281221994,0.0025201104082715037,0.0006057380456292723,-0.031199179203312527,2.2997835971460456,231,0.06722926930796083,0.14092028878398402
2021-03-08 00:00:00-05:00,86.85437292013525,89.84266199141106,86.04909333327409,88.30970764160156,3192800,0.0,0.0,0.05280829015544042,6.083607,0.0016,0.098500006,0.34451,0.06216,0.356,142027210752,0.181,29.523,12943287296,0.315,0.227,0.45,0.2202793529903911,-0.018757948025446166,1.0263519566298853,1.3765822818332791,-0.2290778130332124,0.013989854859610228,0.2309555732143903,0.18470131281221994,0.0025201104082715037,0.0006057380456292723,-0.031199179203312527,2.2997835971460456,231,0.06722926930796083,0.14092028878398402
2021-03-09 00:00:00-05:00,87.78579800798865,88.51346540479744,87.42681276076537,87.4947280883789,2919400,0.0,0.0,0.05280829015544042,6.083607,0.0016,0.098500006,0.34451,0.06216,0.356,142027210752,0.181,29.523,12943287296,0.315,0.227,0.45,0.2202793529903911,-0.018757948025446166,1.0263519566298853,1.3765822818332791,-0.2290778130332124,0.013989854859610228,0.2309555732143903,0.18470131281221994,0.0025201104082715037,0.0006057380456292723,-0.031199179203312527,2.2997835971460456,231,0.06722926930796083,0.14092028878398402
2021-03-10 00:00:00-05:00,87.73728336631181,90.09492601406075,87.43651654612583,89.47398376464844,2869700,0.0,0.0,0.05280829015544042,6.083607,0.0016,0.098500006,0.34451,0.06216,0.356,142027210752,0.181,29.523,12943287296,0.315,0.227,0.45,0.2202793529903911,-0.018757948025446166,1.0263519566298853,1.3765822818332791,-0.2290778130332124,0.013989854859610228,0.2309555732143903,0.18470131281221994,0.0025201104082715037,0.0006057380456292723,-0.031199179203312527,2.2997835971460456,231,0.06722926930796083,0.14092028878398402
2021-03-11 00:00:00-05:00,89.37695274056911,90.79347754825024,88.58137011153684,90.0270004272461,2998300,0.0,0.0,0.05280829015544042,6.083607,0.0016,0.098500006,0.34451,0.06216,0.356,142027210752,0.181,29.523,12943287296,0.315,0.227,0.45,0.2202793529903911,-0.018757948025446166,1.0263519566298853,1.3765822818332791,-0.2290778130332124,0.013989854859610228,0.2309555732143903,0.18470131281221994,0.0025201104082715037,0.0006057380456292723,-0.031199179203312527,2.2997835971460456,231,0.06722926930796083,0.14092028878398402
2021-03-12 00:00:00-05:00,90.5606166140408,90.6479405383481,89.77473830634753,90.2695541381836,1766800,0.0,0.0,0.05280829015544042,6.083607,0.0016,0.098500006,0.34451,0.06216,0.356,142027210752,0.181,29.523,12943287296,0.315,0.227,0.45,0.2202793529903911,-0.018757948025446166,1.0263519566298853,1.3765822818332791,-0.2290778130332124,0.013989854859610228,0.2309555732143903,0.18470131281221994,0.0025201104082715037,0.0006057380456292723,-0.031199179203312527,2.2997835971460456,231,0.06722926930796083,0.14092028878398402
2021-03-15 00:00:00-04:00,90.55093480869819,90.90991266232162,89.93968944329058,90.59944152832031,1869700,0.0,0.0,0.05280829015544042,6.083607,0.0016,0.098500006,0.34451,0.06216,0.356,142027210752,0.181,29.523,12943287296,0.315,0.227,0.45,0.2202793529903911,-0.018757948025446166,1.0263519566298853,1.3765822818332791,-0.2290778130332124,0.013989854859610228,0.2309555732143903,0.18470131281221994,0.0025201104082715037,0.0006057380456292723,-0.031199179203312527,2.2997835971460456,231,0.06722926930796083,0.14092028878398402
2021-03-16 00:00:00-04:00,90.02700574265894,90.75467309518395,89.29933839013394,90.58973693847656,1955000,0.0,0.0,0.05280829015544042,6.083607,0.0016,0.098500006,0.34451,0.06216,0.356,142027210752,0.181,29.523,12943287296,0.315,0.227,0.45,0.2202793529903911,-0.018757948025446166,1.0263519566298853,1.3765822818332791,-0.2290778130332124,0.013989854859610228,0.2309555732143903,0.18470131281221994,0.0025201104082715037,0.0006057380456292723,-0.031199179203312527,2.2997835971460456,231,0.06722926930796083,0.14092028878398402
2021-03-17 00:00:00-04:00,88.58137817644166,90.04640983014879,87.60145070439408,88.3873291015625,3543600,0.0,0.0,0.05280829015544042,6.083607,0.0016,0.098500006,0.34451,0.06216,0.356,142027210752,0.181,29.523,12943287296,0.315,0.227,0.45,0.2202793529903911,-0.018757948025446166,1.0263519566298853,1.3765822818332791,-0.2290778130332124,0.013989854859610228,0.2309555732143903,0.18470131281221994,0.0025201104082715037,0.0006057380456292723,-0.031199179203312527,2.2997835971460456,231,0.06722926930796083,0.14092028878398402
2021-03-18 00:00:00-04:00,88.67839761026688,88.71720742462891,87.32978802060104,87.65966033935547,2491900,0.0,0.0,0.05280829015544042,6.083607,0.0016,0.098500006,0.34451,0.06216,0.356,142027210752,0.181,29.523,12943287296,0.315,0.227,0.45,0.2202793529903911,-0.018757948025446166,1.0263519566298853,1.3765822818332791,-0.2290778130332124,0.013989854859610228,0.2309555732143903,0.18470131281221994,0.0025201104082715037,0.0006057380456292723,-0.031199179203312527,2.2997835971460456,231,0.06722926930796083,0.14092028878398402
2021-03-19 00:00:00-04:00,88.07686978911383,88.86274829161532,86.86409066687506,88.23210906982422,5568700,0.0,0.0,0.05280829015544042,6.083607,0.0016,0.098500006,0.34451,0.06216,0.356,142027210752,0.181,29.523,12943287296,0.315,0.227,0.45,0.2202793529903911,-0.018757948025446166,1.0263519566298853,1.3765822818332791,-0.2290778130332124,0.013989854859610228,0.2309555732143903,0.18470131281221994,0.0025201104082715037,0.0006057380456292723,-0.031199179203312527,2.2997835971460456,231,0.06722926930796083,0.14092028878398402
2021-03-22 00:00:00-04:00,87.5820357806738,88.54256197708214,87.11633283897412,87.44620513916016,1684100,0.0,0.0,0.05280829015544042,6.083607,0.0016,0.098500006,0.34451,0.06216,0.356,142027210752,0.181,29.523,12943287296,0.315,0.227,0.45,0.2202793529903911,-0.018757948025446166,1.0263519566298853,1.3765822818332791,-0.2290778130332124,0.013989854859610228,0.2309555732143903,0.18470131281221994,0.0025201104082715037,0.0006057380456292723,-0.031199179203312527,2.2997835971460456,231,0.06722926930796083,0.14092028878398402
2021-03-23 00:00:00-04:00,87.30068379896693,88.62988479996355,87.30068379896693,88.0477523803711,1936000,0.0,0.0,0.05280829015544042,6.083607,0.0016,0.098500006,0.34451,0.06216,0.356,142027210752,0.181,29.523,12943287296,0.315,0.227,0.45,0.2202793529903911,-0.018757948025446166,1.0263519566298853,1.3765822818332791,-0.2290778130332124,0.013989854859610228,0.2309555732143903,0.18470131281221994,0.0025201104082715037,0.0006057380456292723,-0.031199179203312527,2.2997835971460456,231,0.06722926930796083,0.14092028878398402
2021-03-24 00:00:00-04:00,88.16418972181711,91.08455638563667,87.56264863977106,89.73594665527344,3203700,0.0,0.0,0.05280829015544042,6.083607,0.0016,0.098500006,0.34451,0.06216,0.356,142027210752,0.181,29.523,12943287296,0.315,0.227,0.45,0.2202793529903911,-0.018757948025446166,1.0263519566298853,1.3765822818332791,-0.2290778130332124,0.013989854859610228,0.2309555732143903,0.18470131281221994,0.0025201104082715037,0.0006057380456292723,-0.031199179203312527,2.2997835971460456,231,0.06722926930796083,0.14092028878398402
2021-03-25 00:00:00-04:00,90.27928472260228,91.70550681414086,89.89119390626765,91.42414855957031,4315800,0.0,0.0,0.05280829015544042,6.083607,0.0016,0.098500006,0.34451,0.06216,0.356,142027210752,0.181,29.523,12943287296,0.315,0.227,0.45,0.2202793529903911,-0.018757948025446166,1.0263519566298853,1.3765822818332791,-0.2290778130332124,0.013989854859610228,0.2309555732143903,0.18470131281221994,0.0025201104082715037,0.0006057380456292723,-0.031199179203312527,2.2997835971460456,231,0.06722926930796083,0.14092028878398402
2021-03-26 00:00:00-04:00,91.5308506828085,92.62720760685488,91.04573909580473,92.41375732421875,2874900,0.0,0.0,0.05280829015544042,6.083607,0.0016,0.098500006,0.34451,0.06216,0.356,142027210752,0.181,29.523,12943287296,0.315,0.227,0.45,0.2202793529903911,-0.018757948025446166,1.0263519566298853,1.3765822818332791,-0.2290778130332124,0.013989854859610228,0.2309555732143903,0.18470131281221994,0.0025201104082715037,0.0006057380456292723,-0.031199179203312527,2.2997835971460456,231,0.06722926930796083,0.14092028878398402
2021-03-29 00:00:00-04:00,92.20031270020813,94.09225244696641,91.31741340682693,93.3354721069336,2410500,0.0,0.0,0.05280829015544042,6.083607,0.0016,0.098500006,0.34451,0.06216,0.356,142027210752,0.181,29.523,12943287296,0.315,0.227,0.45,0.2202793529903911,-0.018757948025446166,1.0263519566298853,1.3765822818332791,-0.2290778130332124,0.013989854859610228,0.2309555732143903,0.18470131281221994,0.0025201104082715037,0.0006057380456292723,-0.031199179203312527,2.2997835971460456,231,0.06722926930796083,0.14092028878398402
2021-03-30 00:00:00-04:00,93.17052932883111,93.50040905400601,91.98685588345316,92.70482635498047,2162200,0.0,0.0,0.05280829015544042,6.083607,0.0016,0.098500006,0.34451,0.06216,0.356,142027210752,0.181,29.523,12943287296,0.315,0.227,0.45,0.2202793529903911,-0.018757948025446166,1.0263519566298853,1.3765822818332791,-0.2290778130332124,0.013989854859610228,0.2309555732143903,0.18470131281221994,0.0025201104082715037,0.0006057380456292723,-0.031199179203312527,2.2997835971460456,231,0.06722926930796083,0.14092028878398402
2021-03-31 00:00:00-04:00,92.70482761328628,92.83095396162126,91.87043508807857,92.7630386352539,3383000,0.0,0.0,0.05280829015544042,6.083607,0.0016,0.098500006,0.34451,0.06216,0.356,142027210752,0.181,29.523,12943287296,0.315,0.227,0.45,0.2202793529903911,-0.018757948025446166,1.0263519566298853,1.3765822818332791,-0.2290778130332124,0.013989854859610228,0.2309555732143903,0.18470131281221994,0.0025201104082715037,0.0006057380456292723,-0.031199179203312527,2.2997835971460456,231,0.06722926930796083,0.14092028878398402
2021-04-01 00:00:00-04:00,92.60779811673089,92.98618455881527,91.92864486227566,92.70482635498047,2487900,0.0,0.0,0.05280829015544042,6.083607,0.0016,0.098500006,0.34451,0.06216,0.356,142027210752,0.181,29.523,12943287296,0.315,0.227,0.45,0.2202793529903911,-0.018757948025446166,1.0263519566298853,1.3765822818332791,-0.2290778130332124,0.013989854859610228,0.2309555732143903,0.18470131281221994,0.0025201104082715037,0.0006057380456292723,-0.031199179203312527,2.2997835971460456,231,0.06722926930796083,0.14092028878398402
2021-04-05 00:00:00-04:00,93.04441354851711,94.39302330852567,92.95708960461887,93.83999633789062,2139600,0.0,0.0,0.05280829015544042,6.083607,0.0016,0.098500006,0.34451,0.06216,0.356,142027210752,0.181,29.523,12943287296,0.315,0.227,0.45,0.2202793529903911,-0.018757948025446166,1.0263519566298853,1.3765822818332791,-0.2290778130332124,0.013989854859610228,0.2309555732143903,0.18470131281221994,0.0025201104082715037,0.0006057380456292723,-0.031199179203312527,2.2997835971460456,231,0.06722926930796083,0.14092028878398402
2021-04-06 00:00:00-04:00,94.00508131202125,94.07306691943445,92.4802549087174,92.68421173095703,2478400,0.1,0.0,0.05280829015544042,6.083607,0.0016,0.098500006,0.34451,0.06216,0.356,142027210752,0.181,29.523,12943287296,0.315,0.227,0.45,0.2202793529903911,-0.018757948025446166,1.0263519566298853,1.3765822818332791,-0.2290778130332124,0.013989854859610228,0.2309555732143903,0.18470131281221994,0.0025201104082715037,0.0006057380456292723,-0.031199179203312527,2.2997835971460456,231,0.06722926930796083,0.14092028878398402
2021-04-07 00:00:00-04:00,92.7424956374509,93.46120919653347,92.48998186684224,93.10185241699219,2146600,0.0,0.0,0.05280829015544042,6.083607,0.0016,0.098500006,0.34451,0.06216,0.356,142027210752,0.181,29.523,12943287296,0.315,0.227,0.45,0.2202793529903911,-0.018757948025446166,1.0263519566298853,1.3765822818332791,-0.2290778130332124,0.013989854859610228,0.2309555732143903,0.18470131281221994,0.0025201104082715037,0.0006057380456292723,-0.031199179203312527,2.2997835971460456,231,0.06722926930796083,0.14092028878398402
2021-04-08 00:00:00-04:00,92.93672459526091,93.40290945887313,91.48959086518909,92.24715423583984,2319500,0.0,0.0,0.05280829015544042,6.083607,0.0016,0.098500006,0.34451,0.06216,0.356,142027210752,0.181,29.523,12943287296,0.315,0.227,0.45,0.2202793529903911,-0.018757948025446166,1.0263519566298853,1.3765822818332791,-0.2290778130332124,0.013989854859610228,0.2309555732143903,0.18470131281221994,0.0025201104082715037,0.0006057380456292723,-0.031199179203312527,2.2997835971460456,231,0.06722926930796083,0.14092028878398402
2021-04-09 00:00:00-04:00,92.80077558367404,93.2086892893464,92.38314752980665,92.92703247070312,2197000,0.0,0.0,0.05280829015544042,6.083607,0.0016,0.098500006,0.34451,0.06216,0.356,142027210752,0.181,29.523,12943287296,0.315,0.227,0.45,0.2202793529903911,-0.018757948025446166,1.0263519566298853,1.3765822818332791,-0.2290778130332124,0.013989854859610228,0.2309555732143903,0.18470131281221994,0.0025201104082715037,0.0006057380456292723,-0.031199179203312527,2.2997835971460456,231,0.06722926930796083,0.14092028878398402
2021-04-12 00:00:00-04:00,93.04358596116901,93.69430652735113,92.67451481447472,93.65545654296875,2537600,0.0,0.0,0.05280829015544042,6.083607,0.0016,0.098500006,0.34451,0.06216,0.356,142027210752,0.181,29.523,12943287296,0.315,0.227,0.45,0.2202793529903911,-0.018757948025446166,1.0263519566298853,1.3765822818332791,-0.2290778130332124,0.013989854859610228,0.2309555732143903,0.18470131281221994,0.0025201104082715037,0.0006057380456292723,-0.031199179203312527,2.2997835971460456,231,0.06722926930796083,0.14092028878398402
2021-04-13 00:00:00-04:00,93.52919441987571,95.08315665887115,93.29609452661906,94.49070739746094,3404000,0.0,0.0,0.05280829015544042,6.083607,0.0016,0.098500006,0.34451,0.06216,0.356,142027210752,0.181,29.523,12943287296,0.315,0.227,0.45,0.2202793529903911,-0.018757948025446166,1.0263519566298853,1.3765822818332791,-0.2290778130332124,0.013989854859610228,0.2309555732143903,0.18470131281221994,0.0025201104082715037,0.0006057380456292723,-0.031199179203312527,2.2997835971460456,231,0.06722926930796083,0.14092028878398402
2021-04-14 00:00:00-04:00,94.41300862039422,94.84035102019595,94.14106615138459,94.38387298583984,2194900,0.0,0.0,0.05280829015544042,6.083607,0.0016,0.098500006,0.34451,0.06216,0.356,142027210752,0.181,29.523,12943287296,0.315,0.227,0.45,0.2202793529903911,-0.018757948025446166,1.0263519566298853,1.3765822818332791,-0.2290778130332124,0.013989854859610228,0.2309555732143903,0.18470131281221994,0.0025201104082715037,0.0006057380456292723,-0.031199179203312527,2.2997835971460456,231,0.06722926930796083,0.14092028878398402
2021-04-15 00:00:00-04:00,94.92776208028778,98.56986475658664,94.70438393233917,97.51123046875,4481300,0.0,0.0,0.05280829015544042,6.083607,0.0016,0.098500006,0.34451,0.06216,0.356,142027210752,0.181,29.523,12943287296,0.315,0.227,0.45,0.2202793529903911,-0.018757948025446166,1.0263519566298853,1.3765822818332791,-0.2290778130332124,0.013989854859610228,0.2309555732143903,0.18470131281221994,0.0025201104082715037,0.0006057380456292723,-0.031199179203312527,2.2997835971460456,231,0.06722926930796083,0.14092028878398402
2021-04-16 00:00:00-04:00,97.37525996583129,97.71518806955183,95.84071891489067,95.91841888427734,4278400,0.0,0.0,0.05280829015544042,6.083607,0.0016,0.098500006,0.34451,0.06216,0.356,142027210752,0.181,29.523,12943287296,0.315,0.227,0.45,0.2202793529903911,-0.018757948025446166,1.0263519566298853,1.3765822818332791,-0.2290778130332124,0.013989854859610228,0.2309555732143903,0.18470131281221994,0.0025201104082715037,0.0006057380456292723,-0.031199179203312527,2.2997835971460456,231,0.06722926930796083,0.14092028878398402
2021-04-19 00:00:00-04:00,95.67561034051401,96.50115212344461,94.55869738248941,96.43316650390625,2000100,0.0,0.0,0.05280829015544042,6.083607,0.0016,0.098500006,0.34451,0.06216,0.356,142027210752,0.181,29.523,12943287296,0.315,0.227,0.45,0.2202793529903911,-0.018757948025446166,1.0263519566298853,1.3765822818332791,-0.2290778130332124,0.013989854859610228,0.2309555732143903,0.18470131281221994,0.0025201104082715037,0.0006057380456292723,-0.031199179203312527,2.2997835971460456,231,0.06722926930796083,0.14092028878398402
2021-04-20 00:00:00-04:00,96.53027744775757,97.6666115714644,96.34574189591807,96.91876983642578,1606500,0.0,0.0,0.05280829015544042,6.083607,0.0016,0.098500006,0.34451,0.06216,0.356,142027210752,0.181,29.523,12943287296,0.315,0.227,0.45,0.2202793529903911,-0.018757948025446166,1.0263519566298853,1.3765822818332791,-0.2290778130332124,0.013989854859610228,0.2309555732143903,0.18470131281221994,0.0025201104082715037,0.0006057380456292723,-0.031199179203312527,2.2997835971460456,231,0.06722926930796083,0.14092028878398402
2021-04-21 00:00:00-04:00,97.48210793345147,98.39505675495116,97.12275108687402,98.29793548583984,2412900,0.0,0.0,0.05280829015544042,6.083607,0.0016,0.098500006,0.34451,0.06216,0.356,142027210752,0.181,29.523,12943287296,0.315,0.227,0.45,0.2202793529903911,-0.018757948025446166,1.0263519566298853,1.3765822818332791,-0.2290778130332124,0.013989854859610228,0.2309555732143903,0.18470131281221994,0.0025201104082715037,0.0006057380456292723,-0.031199179203312527,2.2997835971460456,231,0.06722926930796083,0.14092028878398402
2021-04-22 00:00:00-04:00,97.83173865466443,98.01626682080186,96.65654698727235,97.26842498779297,1621100,0.0,0.0,0.05280829015544042,6.083607,0.0016,0.098500006,0.34451,0.06216,0.356,142027210752,0.181,29.523,12943287296,0.315,0.227,0.45,0.2202793529903911,-0.018757948025446166,1.0263519566298853,1.3765822818332791,-0.2290778130332124,0.013989854859610228,0.2309555732143903,0.18470131281221994,0.0025201104082715037,0.0006057380456292723,-0.031199179203312527,2.2997835971460456,231,0.06722926930796083,0.14092028878398402
2021-04-23 00:00:00-04:00,97.37524150077361,98.09394755662133,97.06444909203874,97.86085510253906,1788500,0.0,0.0,0.05280829015544042,6.083607,0.0016,0.098500006,0.34451,0.06216,0.356,142027210752,0.181,29.523,12943287296,0.315,0.227,0.45,0.2202793529903911,-0.018757948025446166,1.0263519566298853,1.3765822818332791,-0.2290778130332124,0.013989854859610228,0.2309555732143903,0.18470131281221994,0.0025201104082715037,0.0006057380456292723,-0.031199179203312527,2.2997835971460456,231,0.06722926930796083,0.14092028878398402
2021-04-26 00:00:00-04:00,97.91912495448645,98.13279612176851,96.87991215805819,96.98674774169922,2702400,0.0,0.0,0.05280829015544042,6.083607,0.0016,0.098500006,0.34451,0.06216,0.356,142027210752,0.181,29.523,12943287296,0.315,0.227,0.45,0.2202793529903911,-0.018757948025446166,1.0263519566298853,1.3765822818332791,-0.2290778130332124,0.013989854859610228,0.2309555732143903,0.18470131281221994,0.0025201104082715037,0.0006057380456292723,-0.031199179203312527,2.2997835971460456,231,0.06722926930796083,0.14092028878398402
2021-04-27 00:00:00-04:00,96.85078092173794,97.19070897152828,96.56912413480428,97.03531646728516,1480800,0.0,0.0,0.05280829015544042,6.083607,0.0016,0.098500006,0.34451,0.06216,0.356,142027210752,0.181,29.523,12943287296,0.315,0.227,0.45,0.2202793529903911,-0.018757948025446166,1.0263519566298853,1.3765822818332791,-0.2290778130332124,0.013989854859610228,0.2309555732143903,0.18470131281221994,0.0025201104082715037,0.0006057380456292723,-0.031199179203312527,2.2997835971460456,231,0.06722926930796083,0.14092028878398402
2021-04-28 00:00:00-04:00,97.49180287927864,97.7054740909628,96.55942547273803,97.47238159179688,1386800,0.0,0.0,0.05280829015544042,6.083607,0.0016,0.098500006,0.34451,0.06216,0.356,142027210752,0.181,29.523,12943287296,0.315,0.227,0.45,0.2202793529903911,-0.018757948025446166,1.0263519566298853,1.3765822818332791,-0.2290778130332124,0.013989854859610228,0.2309555732143903,0.18470131281221994,0.0025201104082715037,0.0006057380456292723,-0.031199179203312527,2.2997835971460456,231,0.06722926930796083,0.14092028878398402
2021-04-29 00:00:00-04:00,97.51121149126207,99.10402349224924,97.47236151442392,99.01660919189453,1724000,0.0,0.0,0.05280829015544042,6.083607,0.0016,0.098500006,0.34451,0.06216,0.356,142027210752,0.181,29.523,12943287296,0.315,0.227,0.45,0.2202793529903911,-0.018757948025446166,1.0263519566298853,1.3765822818332791,-0.2290778130332124,0.013989854859610228,0.2309555732143903,0.18470131281221994,0.0025201104082715037,0.0006057380456292723,-0.031199179203312527,2.2997835971460456,231,0.06722926930796083,0.14092028878398402
2021-04-30 00:00:00-04:00,98.85150788884796,99.29827153271687,97.77344505325367,97.8414306640625,2364300,0.0,0.0,0.05280829015544042,6.083607,0.0016,0.098500006,0.34451,0.06216,0.356,142027210752,0.181,29.523,12943287296,0.315,0.227,0.45,0.2202793529903911,-0.018757948025446166,1.0263519566298853,1.3765822818332791,-0.2290778130332124,0.013989854859610228,0.2309555732143903,0.18470131281221994,0.0025201104082715037,0.0006057380456292723,-0.031199179203312527,2.2997835971460456,231,0.06722926930796083,0.14092028878398402
2021-05-03 00:00:00-04:00,98.86122806125657,99.98784787959751,98.12309323621345,99.60906982421875,2182300,0.0,0.0,0.05280829015544042,6.083607,0.0016,0.098500006,0.34451,0.06216,0.356,142027210752,0.181,29.523,12943287296,0.315,0.227,0.45,0.2202793529903911,-0.018757948025446166,1.0263519566298853,1.3765822818332791,-0.2290778130332124,0.013989854859610228,0.2309555732143903,0.18470131281221994,0.0025201104082715037,0.0006057380456292723,-0.031199179203312527,2.2997835971460456,231,0.06722926930796083,0.14092028878398402
2021-05-04 00:00:00-04:00,99.36628295695746,100.20153919809273,99.1429047819316,100.16268920898438,3055700,0.0,0.0,0.05280829015544042,6.083607,0.0016,0.098500006,0.34451,0.06216,0.356,142027210752,0.181,29.523,12943287296,0.315,0.227,0.45,0.2202793529903911,-0.018757948025446166,1.0263519566298853,1.3765822818332791,-0.2290778130332124,0.013989854859610228,0.2309555732143903,0.18470131281221994,0.0025201104082715037,0.0006057380456292723,-0.031199179203312527,2.2997835971460456,231,0.06722926930796083,0.14092028878398402
2021-05-05 00:00:00-04:00,100.17237909026518,101.06590639186791,99.59935856310993,100.81339263916016,2297400,0.0,0.0,0.05280829015544042,6.083607,0.0016,0.098500006,0.34451,0.06216,0.356,142027210752,0.181,29.523,12943287296,0.315,0.227,0.45,0.2202793529903911,-0.018757948025446166,1.0263519566298853,1.3765822818332791,-0.2290778130332124,0.013989854859610228,0.2309555732143903,0.18470131281221994,0.0025201104082715037,0.0006057380456292723,-0.031199179203312527,2.2997835971460456,231,0.06722926930796083,0.14092028878398402
2021-05-06 00:00:00-04:00,101.49325256181457,101.77490936719997,100.82310335555702,101.2018814086914,2167400,0.0,0.0,0.05280829015544042,6.083607,0.0016,0.098500006,0.34451,0.06216,0.356,142027210752,0.181,29.523,12943287296,0.315,0.227,0.45,0.2202793529903911,-0.018757948025446166,1.0263519566298853,1.3765822818332791,-0.2290778130332124,0.013989854859610228,0.2309555732143903,0.18470131281221994,0.0025201104082715037,0.0006057380456292723,-0.031199179203312527,2.2997835971460456,231,0.06722926930796083,0.14092028878398402
2021-05-07 00:00:00-04:00,100.81341059115482,102.38679429157007,100.47347506142717,102.15370178222656,2158300,0.0,0.0,0.05280829015544042,6.083607,0.0016,0.098500006,0.34451,0.06216,0.356,142027210752,0.181,29.523,12943287296,0.315,0.227,0.45,0.2202793529903911,-0.018757948025446166,1.0263519566298853,1.3765822818332791,-0.2290778130332124,0.013989854859610228,0.2309555732143903,0.18470131281221994,0.0025201104082715037,0.0006057380456292723,-0.031199179203312527,2.2997835971460456,231,0.06722926930796083,0.14092028878398402
2021-05-10 00:00:00-04:00,102.53247155821668,104.06701255729645,102.48390722652205,102.69757843017578,2265000,0.0,0.0,0.05280829015544042,6.083607,0.0016,0.098500006,0.34451,0.06216,0.356,142027210752,0.181,29.523,12943287296,0.315,0.227,0.45,0.2202793529903911,-0.018757948025446166,1.0263519566298853,1.3765822818332791,-0.2290778130332124,0.013989854859610228,0.2309555732143903,0.18470131281221994,0.0025201104082715037,0.0006057380456292723,-0.031199179203312527,2.2997835971460456,231,0.06722926930796083,0.14092028878398402
2021-05-11 00:00:00-04:00,104.34866910472114,104.34866910472114,101.7360651558123,102.05657196044922,3404300,0.0,0.0,0.05280829015544042,6.083607,0.0016,0.098500006,0.34451,0.06216,0.356,142027210752,0.181,29.523,12943287296,0.315,0.227,0.45,0.2202793529903911,-0.018757948025446166,1.0263519566298853,1.3765822818332791,-0.2290778130332124,0.013989854859610228,0.2309555732143903,0.18470131281221994,0.0025201104082715037,0.0006057380456292723,-0.031199179203312527,2.2997835971460456,231,0.06722926930796083,0.14092028878398402
2021-05-12 00:00:00-04:00,102.075994692549,102.94038645556597,101.5903810095113,101.74578094482422,2683600,0.0,0.0,0.05280829015544042,6.083607,0.0016,0.098500006,0.34451,0.06216,0.356,142027210752,0.181,29.523,12943287296,0.315,0.227,0.45,0.2202793529903911,-0.018757948025446166,1.0263519566298853,1.3765822818332791,-0.2290778130332124,0.013989854859610228,0.2309555732143903,0.18470131281221994,0.0025201104082715037,0.0006057380456292723,-0.031199179203312527,2.2997835971460456,231,0.06722926930796083,0.14092028878398402
2021-05-13 00:00:00-04:00,101.39613822431822,103.73679231705441,101.0659170676153,102.99866485595703,2211000,0.0,0.0,0.05280829015544042,6.083607,0.0016,0.098500006,0.34451,0.06216,0.356,142027210752,0.181,29.523,12943287296,0.315,0.227,0.45,0.2202793529903911,-0.018757948025446166,1.0263519566298853,1.3765822818332791,-0.2290778130332124,0.013989854859610228,0.2309555732143903,0.18470131281221994,0.0025201104082715037,0.0006057380456292723,-0.031199179203312527,2.2997835971460456,231,0.06722926930796083,0.14092028878398402
2021-05-14 00:00:00-04:00,103.44543488263002,104.49435486780249,103.22204931502833,104.0184555053711,1573800,0.0,0.0,0.05280829015544042,6.083607,0.0016,0.098500006,0.34451,0.06216,0.356,142027210752,0.181,29.523,12943287296,0.315,0.227,0.45,0.2202793529903911,-0.018757948025446166,1.0263519566298853,1.3765822818332791,-0.2290778130332124,0.013989854859610228,0.2309555732143903,0.18470131281221994,0.0025201104082715037,0.0006057380456292723,-0.031199179203312527,2.2997835971460456,231,0.06722926930796083,0.14092028878398402
2021-05-17 00:00:00-04:00,104.01844404746863,104.43607208968686,103.35800917628346,103.49398040771484,1437100,0.0,0.0,0.05280829015544042,6.083607,0.0016,0.098500006,0.34451,0.06216,0.356,142027210752,0.181,29.523,12943287296,0.315,0.227,0.45,0.2202793529903911,-0.018757948025446166,1.0263519566298853,1.3765822818332791,-0.2290778130332124,0.013989854859610228,0.2309555732143903,0.18470131281221994,0.0025201104082715037,0.0006057380456292723,-0.031199179203312527,2.2997835971460456,231,0.06722926930796083,0.14092028878398402
2021-05-18 00:00:00-04:00,103.32887868748688,103.60082116389059,102.42563694235923,102.93067932128906,1787100,0.0,0.0,0.05280829015544042,6.083607,0.0016,0.098500006,0.34451,0.06216,0.356,142027210752,0.181,29.523,12943287296,0.315,0.227,0.45,0.2202793529903911,-0.018757948025446166,1.0263519566298853,1.3765822818332791,-0.2290778130332124,0.013989854859610228,0.2309555732143903,0.18470131281221994,0.0025201104082715037,0.0006057380456292723,-0.031199179203312527,2.2997835971460456,231,0.06722926930796083,0.14092028878398402
2021-05-19 00:00:00-04:00,102.31880116840078,102.65872926333698,96.74395818181686,98.09396362304688,5700900,0.0,0.0,0.05280829015544042,6.083607,0.0016,0.098500006,0.34451,0.06216,0.356,142027210752,0.181,29.523,12943287296,0.315,0.227,0.45,0.2202793529903911,-0.018757948025446166,1.0263519566298853,1.3765822818332791,-0.2290778130332124,0.013989854859610228,0.2309555732143903,0.18470131281221994,0.0025201104082715037,0.0006057380456292723,-0.031199179203312527,2.2997835971460456,231,0.06722926930796083,0.14092028878398402
2021-05-20 00:00:00-04:00,96.31660199489028,99.87129719033317,96.15149514523327,99.1040267944336,3446100,0.0,0.0,0.05280829015544042,6.083607,0.0016,0.098500006,0.34451,0.06216,0.356,142027210752,0.181,29.523,12943287296,0.315,0.227,0.45,0.2202793529903911,-0.018757948025446166,1.0263519566298853,1.3765822818332791,-0.2290778130332124,0.013989854859610228,0.2309555732143903,0.18470131281221994,0.0025201104082715037,0.0006057380456292723,-0.031199179203312527,2.2997835971460456,231,0.06722926930796083,0.14092028878398402
2021-05-21 00:00:00-04:00,99.12344971825804,99.39539215980938,96.24861797776767,96.28746795654297,3469000,0.0,0.0,0.05280829015544042,6.083607,0.0016,0.098500006,0.34451,0.06216,0.356,142027210752,0.181,29.523,12943287296,0.315,0.227,0.45,0.2202793529903911,-0.018757948025446166,1.0263519566298853,1.3765822818332791,-0.2290778130332124,0.013989854859610228,0.2309555732143903,0.18470131281221994,0.0025201104082715037,0.0006057380456292723,-0.031199179203312527,2.2997835971460456,231,0.06722926930796083,0.14092028878398402
2021-05-24 00:00:00-04:00,96.36516954070507,97.21984685856104,94.38386504897555,94.65580749511719,3506400,0.0,0.0,0.05280829015544042,6.083607,0.0016,0.098500006,0.34451,0.06216,0.356,142027210752,0.181,29.523,12943287296,0.315,0.227,0.45,0.2202793529903911,-0.018757948025446166,1.0263519566298853,1.3765822818332791,-0.2290778130332124,0.013989854859610228,0.2309555732143903,0.18470131281221994,0.0025201104082715037,0.0006057380456292723,-0.031199179203312527,2.2997835971460456,231,0.06722926930796083,0.14092028878398402
2021-05-25 00:00:00-04:00,93.92739588654857,95.35510127293875,93.67487470143578,94.48099517822266,3001500,0.0,0.0,0.05280829015544042,6.083607,0.0016,0.098500006,0.34451,0.06216,0.356,142027210752,0.181,29.523,12943287296,0.315,0.227,0.45,0.2202793529903911,-0.018757948025446166,1.0263519566298853,1.3765822818332791,-0.2290778130332124,0.013989854859610228,0.2309555732143903,0.18470131281221994,0.0025201104082715037,0.0006057380456292723,-0.031199179203312527,2.2997835971460456,231,0.06722926930796083,0.14092028878398402
2021-05-26 00:00:00-04:00,95.40367210973788,96.17093524588222,94.61697286591091,95.56877899169922,3201600,0.0,0.0,0.05280829015544042,6.083607,0.0016,0.098500006,0.34451,0.06216,0.356,142027210752,0.181,29.523,12943287296,0.315,0.227,0.45,0.2202793529903911,-0.018757948025446166,1.0263519566298853,1.3765822818332791,-0.2290778130332124,0.013989854859610228,0.2309555732143903,0.18470131281221994,0.0025201104082715037,0.0006057380456292723,-0.031199179203312527,2.2997835971460456,231,0.06722926930796083,0.14092028878398402
2021-05-27 00:00:00-04:00,95.87955217552,96.43315139355231,95.08314615291431,96.29718017578125,4817200,0.0,0.0,0.05280829015544042,6.083607,0.0016,0.098500006,0.34451,0.06216,0.356,142027210752,0.181,29.523,12943287296,0.315,0.227,0.45,0.2202793529903911,-0.018757948025446166,1.0263519566298853,1.3765822818332791,-0.2290778130332124,0.013989854859610228,0.2309555732143903,0.18470131281221994,0.0025201104082715037,0.0006057380456292723,-0.031199179203312527,2.2997835971460456,231,0.06722926930796083,0.14092028878398402
2021-05-28 00:00:00-04:00,96.84109583317816,97.18102398567079,96.19037516842397,96.2292251586914,2109000,0.0,0.0,0.05280829015544042,6.083607,0.0016,0.098500006,0.34451,0.06216,0.356,142027210752,0.181,29.523,12943287296,0.315,0.227,0.45,0.2202793529903911,-0.018757948025446166,1.0263519566298853,1.3765822818332791,-0.2290778130332124,0.013989854859610228,0.2309555732143903,0.18470131281221994,0.0025201104082715037,0.0006057380456292723,-0.031199179203312527,2.2997835971460456,231,0.06722926930796083,0.14092028878398402
2021-06-01 00:00:00-04:00,96.59828417560807,97.43354040036814,95.6853279741546,96.45259857177734,2071500,0.0,0.0,0.05280829015544042,6.083607,0.0016,0.098500006,0.34451,0.06216,0.356,142027210752,0.181,29.523,12943287296,0.315,0.227,0.45,0.2202793529903911,-0.018757948025446166,1.0263519566298853,1.3765822818332791,-0.2290778130332124,0.013989854859610228,0.2309555732143903,0.18470131281221994,0.0025201104082715037,0.0006057380456292723,-0.031199179203312527,2.2997835971460456,231,0.06722926930796083,0.14092028878398402
2021-06-02 00:00:00-04:00,96.71482422845779,97.76375157668257,95.52021129133342,97.57921600341797,2447800,0.0,0.0,0.05280829015544042,6.083607,0.0016,0.098500006,0.34451,0.06216,0.356,142027210752,0.181,29.523,12943287296,0.315,0.227,0.45,0.2202793529903911,-0.018757948025446166,1.0263519566298853,1.3765822818332791,-0.2290778130332124,0.013989854859610228,0.2309555732143903,0.18470131281221994,0.0025201104082715037,0.0006057380456292723,-0.031199179203312527,2.2997835971460456,231,0.06722926930796083,0.14092028878398402
2021-06-03 00:00:00-04:00,97.35582766578398,98.22993376434445,97.0838851928711,97.0838851928711,2051900,0.0,0.0,0.05280829015544042,6.083607,0.0016,0.098500006,0.34451,0.06216,0.356,142027210752,0.181,29.523,12943287296,0.315,0.227,0.45,0.2202793529903911,-0.018757948025446166,1.0263519566298853,1.3765822818332791,-0.2290778130332124,0.013989854859610228,0.2309555732143903,0.18470131281221994,0.0025201104082715037,0.0006057380456292723,-0.031199179203312527,2.2997835971460456,231,0.06722926930796083,0.14092028878398402
2021-06-04 00:00:00-04:00,97.37526033463416,97.66662410612231,96.69539671474122,97.47238159179688,1318200,0.0,0.0,0.05280829015544042,6.083607,0.0016,0.098500006,0.34451,0.06216,0.356,142027210752,0.181,29.523,12943287296,0.315,0.227,0.45,0.2202793529903911,-0.018757948025446166,1.0263519566298853,1.3765822818332791,-0.2290778130332124,0.013989854859610228,0.2309555732143903,0.18470131281221994,0.0025201104082715037,0.0006057380456292723,-0.031199179203312527,2.2997835971460456,231,0.06722926930796083,0.14092028878398402
2021-06-07 00:00:00-04:00,95.90870490255287,95.90870490255287,93.14070831898623,93.61660766601562,4923900,0.0,0.0,0.05280829015544042,6.083607,0.0016,0.098500006,0.34451,0.06216,0.356,142027210752,0.181,29.523,12943287296,0.315,0.227,0.45,0.2202793529903911,-0.018757948025446166,1.0263519566298853,1.3765822818332791,-0.2290778130332124,0.013989854859610228,0.2309555732143903,0.18470131281221994,0.0025201104082715037,0.0006057380456292723,-0.031199179203312527,2.2997835971460456,231,0.06722926930796083,0.14092028878398402
2021-06-08 00:00:00-04:00,93.63603041227296,93.86912289663344,92.68422436882989,93.10185241699219,3198700,0.0,0.0,0.05280829015544042,6.083607,0.0016,0.098500006,0.34451,0.06216,0.356,142027210752,0.181,29.523,12943287296,0.315,0.227,0.45,0.2202793529903911,-0.018757948025446166,1.0263519566298853,1.3765822818332791,-0.2290778130332124,0.013989854859610228,0.2309555732143903,0.18470131281221994,0.0025201104082715037,0.0006057380456292723,-0.031199179203312527,2.2997835971460456,231,0.06722926930796083,0.14092028878398402
2021-06-09 00:00:00-04:00,93.12127257262922,93.48062934780747,92.06263835285965,92.0917739868164,2628800,0.0,0.0,0.05280829015544042,6.083607,0.0016,0.098500006,0.34451,0.06216,0.356,142027210752,0.181,29.523,12943287296,0.315,0.227,0.45,0.2202793529903911,-0.018757948025446166,1.0263519566298853,1.3765822818332791,-0.2290778130332124,0.013989854859610228,0.2309555732143903,0.18470131281221994,0.0025201104082715037,0.0006057380456292723,-0.031199179203312527,2.2997835971460456,231,0.06722926930796083,0.14092028878398402
2021-06-10 00:00:00-04:00,92.32485840049924,92.98529321535344,90.72233939390333,91.31478118896484,3269500,0.0,0.0,0.05280829015544042,6.083607,0.0016,0.098500006,0.34451,0.06216,0.356,142027210752,0.181,29.523,12943287296,0.315,0.227,0.45,0.2202793529903911,-0.018757948025446166,1.0263519566298853,1.3765822818332791,-0.2290778130332124,0.013989854859610228,0.2309555732143903,0.18470131281221994,0.0025201104082715037,0.0006057380456292723,-0.031199179203312527,2.2997835971460456,231,0.06722926930796083,0.14092028878398402
2021-06-11 00:00:00-04:00,91.57703251750917,91.71300376084125,90.56695513141591,90.9068832397461,2641200,0.0,0.0,0.05280829015544042,6.083607,0.0016,0.098500006,0.34451,0.06216,0.356,142027210752,0.181,29.523,12943287296,0.315,0.227,0.45,0.2202793529903911,-0.018757948025446166,1.0263519566298853,1.3765822818332791,-0.2290778130332124,0.013989854859610228,0.2309555732143903,0.18470131281221994,0.0025201104082715037,0.0006057380456292723,-0.031199179203312527,2.2997835971460456,231,0.06722926930796083,0.14092028878398402
2021-06-14 00:00:00-04:00,90.55723162090686,90.71263154606561,89.64428299516614,90.44068908691406,3647000,0.0,0.0,0.05280829015544042,6.083607,0.0016,0.098500006,0.34451,0.06216,0.356,142027210752,0.181,29.523,12943287296,0.315,0.227,0.45,0.2202793529903911,-0.018757948025446166,1.0263519566298853,1.3765822818332791,-0.2290778130332124,0.013989854859610228,0.2309555732143903,0.18470131281221994,0.0025201104082715037,0.0006057380456292723,-0.031199179203312527,2.2997835971460456,231,0.06722926930796083,0.14092028878398402
2021-06-15 00:00:00-04:00,90.59610153816053,91.38279345523105,89.61515967189622,91.06229400634766,3447600,0.0,0.0,0.05280829015544042,6.083607,0.0016,0.098500006,0.34451,0.06216,0.356,142027210752,0.181,29.523,12943287296,0.315,0.227,0.45,0.2202793529903911,-0.018757948025446166,1.0263519566298853,1.3765822818332791,-0.2290778130332124,0.013989854859610228,0.2309555732143903,0.18470131281221994,0.0025201104082715037,0.0006057380456292723,-0.031199179203312527,2.2997835971460456,231,0.06722926930796083,0.14092028878398402
2021-06-16 00:00:00-04:00,90.52810917953018,91.7615721831251,89.47918176148347,90.24645233154297,4435900,0.0,0.0,0.05280829015544042,6.083607,0.0016,0.098500006,0.34451,0.06216,0.356,142027210752,0.181,29.523,12943287296,0.315,0.227,0.45,0.2202793529903911,-0.018757948025446166,1.0263519566298853,1.3765822818332791,-0.2290778130332124,0.013989854859610228,0.2309555732143903,0.18470131281221994,0.0025201104082715037,0.0006057380456292723,-0.031199179203312527,2.2997835971460456,231,0.06722926930796083,0.14092028878398402
2021-06-17 00:00:00-04:00,90.1881657399467,90.55722943848994,88.40110369307035,89.197509765625,4415900,0.0,0.0,0.05280829015544042,6.083607,0.0016,0.098500006,0.34451,0.06216,0.356,142027210752,0.181,29.523,12943287296,0.315,0.227,0.45,0.2202793529903911,-0.018757948025446166,1.0263519566298853,1.3765822818332791,-0.2290778130332124,0.013989854859610228,0.2309555732143903,0.18470131281221994,0.0025201104082715037,0.0006057380456292723,-0.031199179203312527,2.2997835971460456,231,0.06722926930796083,0.14092028878398402
2021-06-18 00:00:00-04:00,88.16802258546807,89.81911361886712,87.6241376101671,89.65399932861328,9155900,0.0,0.0,0.05280829015544042,6.083607,0.0016,0.098500006,0.34451,0.06216,0.356,142027210752,0.181,29.523,12943287296,0.315,0.227,0.45,0.2202793529903911,-0.018757948025446166,1.0263519566298853,1.3765822818332791,-0.2290778130332124,0.013989854859610228,0.2309555732143903,0.18470131281221994,0.0025201104082715037,0.0006057380456292723,-0.031199179203312527,2.2997835971460456,231,0.06722926930796083,0.14092028878398402
2021-06-21 00:00:00-04:00,90.0424860781393,92.06264072990021,90.0327717299441,91.87810516357422,4757200,0.0,0.0,0.05280829015544042,6.083607,0.0016,0.098500006,0.34451,0.06216,0.356,142027210752,0.181,29.523,12943287296,0.315,0.227,0.45,0.2202793529903911,-0.018757948025446166,1.0263519566298853,1.3765822818332791,-0.2290778130332124,0.013989854859610228,0.2309555732143903,0.18470131281221994,0.0025201104082715037,0.0006057380456292723,-0.031199179203312527,2.2997835971460456,231,0.06722926930796083,0.14092028878398402
2021-06-22 00:00:00-04:00,91.83923957153209,92.66478860065155,91.67413272965833,92.218017578125,2381400,0.0,0.0,0.05280829015544042,6.083607,0.0016,0.098500006,0.34451,0.06216,0.356,142027210752,0.181,29.523,12943287296,0.315,0.227,0.45,0.2202793529903911,-0.018757948025446166,1.0263519566298853,1.3765822818332791,-0.2290778130332124,0.013989854859610228,0.2309555732143903,0.18470131281221994,0.0025201104082715037,0.0006057380456292723,-0.031199179203312527,2.2997835971460456,231,0.06722926930796083,0.14092028878398402
2021-06-23 00:00:00-04:00,92.17919686962318,92.83962439372162,91.87811133436274,92.18890380859375,1923100,0.0,0.0,0.05280829015544042,6.083607,0.0016,0.098500006,0.34451,0.06216,0.356,142027210752,0.181,29.523,12943287296,0.315,0.227,0.45,0.2202793529903911,-0.018757948025446166,1.0263519566298853,1.3765822818332791,-0.2290778130332124,0.013989854859610228,0.2309555732143903,0.18470131281221994,0.0025201104082715037,0.0006057380456292723,-0.031199179203312527,2.2997835971460456,231,0.06722926930796083,0.14092028878398402
2021-06-24 00:00:00-04:00,92.57740311351124,93.09215249242148,92.16948935021001,92.93675994873047,2643200,0.0,0.0,0.05280829015544042,6.083607,0.0016,0.098500006,0.34451,0.06216,0.356,142027210752,0.181,29.523,12943287296,0.315,0.227,0.45,0.2202793529903911,-0.018757948025446166,1.0263519566298853,1.3765822818332791,-0.2290778130332124,0.013989854859610228,0.2309555732143903,0.18470131281221994,0.0025201104082715037,0.0006057380456292723,-0.031199179203312527,2.2997835971460456,231,0.06722926930796083,0.14092028878398402
2021-06-25 00:00:00-04:00,93.12127801200481,94.18963405199968,92.71336429303048,94.06336975097656,5359100,0.0,0.0,0.05280829015544042,6.083607,0.0016,0.098500006,0.34451,0.06216,0.356,142027210752,0.181,29.523,12943287296,0.315,0.227,0.45,0.2202793529903911,-0.018757948025446166,1.0263519566298853,1.3765822818332791,-0.2290778130332124,0.013989854859610228,0.2309555732143903,0.18470131281221994,0.0025201104082715037,0.0006057380456292723,-0.031199179203312527,2.2997835971460456,231,0.06722926930796083,0.14092028878398402
2021-06-28 00:00:00-04:00,93.98566393971761,95.12200552889723,93.60688587994986,94.52955627441406,2395800,0.0,0.0,0.05280829015544042,6.083607,0.0016,0.098500006,0.34451,0.06216,0.356,142027210752,0.181,29.523,12943287296,0.315,0.227,0.45,0.2202793529903911,-0.018757948025446166,1.0263519566298853,1.3765822818332791,-0.2290778130332124,0.013989854859610228,0.2309555732143903,0.18470131281221994,0.0025201104082715037,0.0006057380456292723,-0.031199179203312527,2.2997835971460456,231,0.06722926930796083,0.14092028878398402
2021-06-29 00:00:00-04:00,94.88892182776742,95.92813493492542,94.84036489969618,95.60763549804688,2569300,0.0,0.0,0.05280829015544042,6.083607,0.0016,0.098500006,0.34451,0.06216,0.356,142027210752,0.181,29.523,12943287296,0.315,0.227,0.45,0.2202793529903911,-0.018757948025446166,1.0263519566298853,1.3765822818332791,-0.2290778130332124,0.013989854859610228,0.2309555732143903,0.18470131281221994,0.0025201104082715037,0.0006057380456292723,-0.031199179203312527,2.2997835971460456,231,0.06722926930796083,0.14092028878398402
2021-06-30 00:00:00-04:00,95.6561740238741,96.01553078988111,95.19969601053108,95.38423156738281,2570600,0.0,0.0,0.05280829015544042,6.083607,0.0016,0.098500006,0.34451,0.06216,0.356,142027210752,0.181,29.523,12943287296,0.315,0.227,0.45,0.2202793529903911,-0.018757948025446166,1.0263519566298853,1.3765822818332791,-0.2290778130332124,0.013989854859610228,0.2309555732143903,0.18470131281221994,0.0025201104082715037,0.0006057380456292723,-0.031199179203312527,2.2997835971460456,231,0.06722926930796083,0.14092028878398402
2021-07-01 00:00:00-04:00,95.68530894430877,96.62740059719016,95.11228840238158,95.99610137939453,2436700,0.0,0.0,0.05280829015544042,6.083607,0.0016,0.098500006,0.34451,0.06216,0.356,142027210752,0.181,29.523,12943287296,0.315,0.227,0.45,0.2202793529903911,-0.018757948025446166,1.0263519566298853,1.3765822818332791,-0.2290778130332124,0.013989854859610228,0.2309555732143903,0.18470131281221994,0.0025201104082715037,0.0006057380456292723,-0.031199179203312527,2.2997835971460456,231,0.06722926930796083,0.14092028878398402
2021-07-02 00:00:00-04:00,96.12236022949219,96.37488138429596,95.60761098268598,96.12236022949219,1873600,0.0,0.0,0.05280829015544042,6.083607,0.0016,0.098500006,0.34451,0.06216,0.356,142027210752,0.181,29.523,12943287296,0.315,0.227,0.45,0.2202793529903911,-0.018757948025446166,1.0263519566298853,1.3765822818332791,-0.2290778130332124,0.013989854859610228,0.2309555732143903,0.18470131281221994,0.0025201104082715037,0.0006057380456292723,-0.031199179203312527,2.2997835971460456,231,0.06722926930796083,0.14092028878398402
2021-07-06 00:00:00-04:00,96.11264388777873,96.1515331627689,94.33349849817486,95.14043426513672,2659300,0.1,0.0,0.05280829015544042,6.083607,0.0016,0.098500006,0.34451,0.06216,0.356,142027210752,0.181,29.523,12943287296,0.315,0.227,0.45,0.2202793529903911,-0.018757948025446166,1.0263519566298853,1.3765822818332791,-0.2290778130332124,0.013989854859610228,0.2309555732143903,0.18470131281221994,0.0025201104082715037,0.0006057380456292723,-0.031199179203312527,2.2997835971460456,231,0.06722926930796083,0.14092028878398402
2021-07-07 00:00:00-04:00,94.92654827992173,96.754299725623,94.75155024872059,96.35569763183594,2300600,0.0,0.0,0.05280829015544042,6.083607,0.0016,0.098500006,0.34451,0.06216,0.356,142027210752,0.181,29.523,12943287296,0.315,0.227,0.45,0.2202793529903911,-0.018757948025446166,1.0263519566298853,1.3765822818332791,-0.2290778130332124,0.013989854859610228,0.2309555732143903,0.18470131281221994,0.0025201104082715037,0.0006057380456292723,-0.031199179203312527,2.2997835971460456,231,0.06722926930796083,0.14092028878398402
2021-07-08 00:00:00-04:00,95.48070455509098,96.68624239017116,95.20848705207648,95.75292205810547,3565800,0.0,0.0,0.05280829015544042,6.083607,0.0016,0.098500006,0.34451,0.06216,0.356,142027210752,0.181,29.523,12943287296,0.315,0.227,0.45,0.2202793529903911,-0.018757948025446166,1.0263519566298853,1.3765822818332791,-0.2290778130332124,0.013989854859610228,0.2309555732143903,0.18470131281221994,0.0025201104082715037,0.0006057380456292723,-0.031199179203312527,2.2997835971460456,231,0.06722926930796083,0.14092028878398402
2021-07-09 00:00:00-04:00,97.12374495937681,98.5528943234292,96.22931386669468,96.86124420166016,3426400,0.0,0.0,0.05280829015544042,6.083607,0.0016,0.098500006,0.34451,0.06216,0.356,142027210752,0.181,29.523,12943287296,0.315,0.227,0.45,0.2202793529903911,-0.018757948025446166,1.0263519566298853,1.3765822818332791,-0.2290778130332124,0.013989854859610228,0.2309555732143903,0.18470131281221994,0.0025201104082715037,0.0006057380456292723,-0.031199179203312527,2.2997835971460456,231,0.06722926930796083,0.14092028878398402
2021-07-12 00:00:00-04:00,96.73484923886706,97.56122586446877,96.17096592544652,97.10428619384766,2487500,0.0,0.0,0.05280829015544042,6.083607,0.0016,0.098500006,0.34451,0.06216,0.356,142027210752,0.181,29.523,12943287296,0.315,0.227,0.45,0.2202793529903911,-0.018757948025446166,1.0263519566298853,1.3765822818332791,-0.2290778130332124,0.013989854859610228,0.2309555732143903,0.18470131281221994,0.0025201104082715037,0.0006057380456292723,-0.031199179203312527,2.2997835971460456,231,0.06722926930796083,0.14092028878398402
2021-07-13 00:00:00-04:00,96.78348661524268,96.88070610981781,95.00434093676725,95.07239532470703,3251000,0.0,0.0,0.05280829015544042,6.083607,0.0016,0.098500006,0.34451,0.06216,0.356,142027210752,0.181,29.523,12943287296,0.315,0.227,0.45,0.2202793529903911,-0.018757948025446166,1.0263519566298853,1.3765822818332791,-0.2290778130332124,0.013989854859610228,0.2309555732143903,0.18470131281221994,0.0025201104082715037,0.0006057380456292723,-0.031199179203312527,2.2997835971460456,231,0.06722926930796083,0.14092028878398402
2021-07-14 00:00:00-04:00,95.27654720133131,95.87931986408313,93.95434146310683,94.74182891845703,2377800,0.0,0.0,0.05280829015544042,6.083607,0.0016,0.098500006,0.34451,0.06216,0.356,142027210752,0.181,29.523,12943287296,0.315,0.227,0.45,0.2202793529903911,-0.018757948025446166,1.0263519566298853,1.3765822818332791,-0.2290778130332124,0.013989854859610228,0.2309555732143903,0.18470131281221994,0.0025201104082715037,0.0006057380456292723,-0.031199179203312527,2.2997835971460456,231,0.06722926930796083,0.14092028878398402
2021-07-15 00:00:00-04:00,87.4988602110068,92.84601277945721,87.10997490437272,92.31129455566406,7070200,0.0,0.0,0.05280829015544042,6.083607,0.0016,0.098500006,0.34451,0.06216,0.356,142027210752,0.181,29.523,12943287296,0.315,0.227,0.45,0.2202793529903911,-0.018757948025446166,1.0263519566298853,1.3765822818332791,-0.2290778130332124,0.013989854859610228,0.2309555732143903,0.18470131281221994,0.0025201104082715037,0.0006057380456292723,-0.031199179203312527,2.2997835971460456,231,0.06722926930796083,0.14092028878398402
2021-07-16 00:00:00-04:00,90.81411575638325,93.63351808036543,90.38634109542188,93.50713348388672,4555800,0.0,0.0,0.05280829015544042,6.083607,0.0016,0.098500006,0.34451,0.06216,0.356,142027210752,0.181,29.523,12943287296,0.315,0.227,0.45,0.2202793529903911,-0.018757948025446166,1.0263519566298853,1.3765822818332791,-0.2290778130332124,0.013989854859610228,0.2309555732143903,0.18470131281221994,0.0025201104082715037,0.0006057380456292723,-0.031199179203312527,2.2997835971460456,231,0.06722926930796083,0.14092028878398402
2021-07-19 00:00:00-04:00,92.64185613101549,93.040458220554,91.05715711124151,91.94186401367188,3959500,0.0,0.0,0.05280829015544042,6.083607,0.0016,0.098500006,0.34451,0.06216,0.356,142027210752,0.181,29.523,12943287296,0.315,0.227,0.45,0.2202793529903911,-0.018757948025446166,1.0263519566298853,1.3765822818332791,-0.2290778130332124,0.013989854859610228,0.2309555732143903,0.18470131281221994,0.0025201104082715037,0.0006057380456292723,-0.031199179203312527,2.2997835971460456,231,0.06722926930796083,0.14092028878398402
2021-07-20 00:00:00-04:00,92.19463763131024,93.33212107676438,91.42659116153158,91.79602813720703,3198100,0.0,0.0,0.05280829015544042,6.083607,0.0016,0.098500006,0.34451,0.06216,0.356,142027210752,0.181,29.523,12943287296,0.315,0.227,0.45,0.2202793529903911,-0.018757948025446166,1.0263519566298853,1.3765822818332791,-0.2290778130332124,0.013989854859610228,0.2309555732143903,0.18470131281221994,0.0025201104082715037,0.0006057380456292723,-0.031199179203312527,2.2997835971460456,231,0.06722926930796083,0.14092028878398402
2021-07-21 00:00:00-04:00,91.88352757041066,92.74879348521337,91.33908517312953,91.39742279052734,2576100,0.0,0.0,0.05280829015544042,6.083607,0.0016,0.098500006,0.34451,0.06216,0.356,142027210752,0.181,29.523,12943287296,0.315,0.227,0.45,0.2202793529903911,-0.018757948025446166,1.0263519566298853,1.3765822818332791,-0.2290778130332124,0.013989854859610228,0.2309555732143903,0.18470131281221994,0.0025201104082715037,0.0006057380456292723,-0.031199179203312527,2.2997835971460456,231,0.06722926930796083,0.14092028878398402
2021-07-22 00:00:00-04:00,91.21270093123744,91.29047947646956,90.33771084080175,90.80437469482422,3876800,0.0,0.0,0.05280829015544042,6.083607,0.0016,0.098500006,0.34451,0.06216,0.356,142027210752,0.181,29.523,12943287296,0.315,0.227,0.45,0.2202793529903911,-0.018757948025446166,1.0263519566298853,1.3765822818332791,-0.2290778130332124,0.013989854859610228,0.2309555732143903,0.18470131281221994,0.0025201104082715037,0.0006057380456292723,-0.031199179203312527,2.2997835971460456,231,0.06722926930796083,0.14092028878398402
2021-07-23 00:00:00-04:00,91.08632839860414,92.18492268008812,90.85299273206402,92.09742736816406,2095700,0.0,0.0,0.05280829015544042,6.083607,0.0016,0.098500006,0.34451,0.06216,0.356,142027210752,0.181,29.523,12943287296,0.315,0.227,0.45,0.2202793529903911,-0.018757948025446166,1.0263519566298853,1.3765822818332791,-0.2290778130332124,0.013989854859610228,0.2309555732143903,0.18470131281221994,0.0025201104082715037,0.0006057380456292723,-0.031199179203312527,2.2997835971460456,231,0.06722926930796083,0.14092028878398402
2021-07-26 00:00:00-04:00,91.7765975900646,92.33075682494555,91.65992975526862,92.00992584228516,1836100,0.0,0.0,0.05280829015544042,6.083607,0.0016,0.098500006,0.34451,0.06216,0.356,142027210752,0.181,29.523,12943287296,0.315,0.227,0.45,0.2202793529903911,-0.018757948025446166,1.0263519566298853,1.3765822818332791,-0.2290778130332124,0.013989854859610228,0.2309555732143903,0.18470131281221994,0.0025201104082715037,0.0006057380456292723,-0.031199179203312527,2.2997835971460456,231,0.06722926930796083,0.14092028878398402
2021-07-27 00:00:00-04:00,91.78630470276548,93.57516666622902,91.36825431083453,93.21544647216797,2216100,0.0,0.0,0.05280829015544042,6.083607,0.0016,0.098500006,0.34451,0.06216,0.356,142027210752,0.181,29.523,12943287296,0.315,0.227,0.45,0.2202793529903911,-0.018757948025446166,1.0263519566298853,1.3765822818332791,-0.2290778130332124,0.013989854859610228,0.2309555732143903,0.18470131281221994,0.0025201104082715037,0.0006057380456292723,-0.031199179203312527,2.2997835971460456,231,0.06722926930796083,0.14092028878398402
2021-07-28 00:00:00-04:00,93.21545518101289,93.28350955734255,91.864084410059,91.89324951171875,2894800,0.0,0.0,0.05280829015544042,6.083607,0.0016,0.098500006,0.34451,0.06216,0.356,142027210752,0.181,29.523,12943287296,0.315,0.227,0.45,0.2202793529903911,-0.018757948025446166,1.0263519566298853,1.3765822818332791,-0.2290778130332124,0.013989854859610228,0.2309555732143903,0.18470131281221994,0.0025201104082715037,0.0006057380456292723,-0.031199179203312527,2.2997835971460456,231,0.06722926930796083,0.14092028878398402
2021-07-29 00:00:00-04:00,92.330746558531,93.41961655940122,92.08769415942669,93.09879302978516,1867200,0.0,0.0,0.05280829015544042,6.083607,0.0016,0.098500006,0.34451,0.06216,0.356,142027210752,0.181,29.523,12943287296,0.315,0.227,0.45,0.2202793529903911,-0.018757948025446166,1.0263519566298853,1.3765822818332791,-0.2290778130332124,0.013989854859610228,0.2309555732143903,0.18470131281221994,0.0025201104082715037,0.0006057380456292723,-0.031199179203312527,2.2997835971460456,231,0.06722926930796083,0.14092028878398402
2021-07-30 00:00:00-04:00,93.00157722953146,93.34184911825274,92.21408238149549,92.51547241210938,2355100,0.0,0.0,0.05280829015544042,6.083607,0.0016,0.098500006,0.34451,0.06216,0.356,142027210752,0.181,29.523,12943287296,0.315,0.227,0.45,0.2202793529903911,-0.018757948025446166,1.0263519566298853,1.3765822818332791,-0.2290778130332124,0.013989854859610228,0.2309555732143903,0.18470131281221994,0.0025201104082715037,0.0006057380456292723,-0.031199179203312527,2.2997835971460456,231,0.06722926930796083,0.14092028878398402
2021-08-02 00:00:00-04:00,92.98212032528774,93.56544456903251,92.30157661048054,92.39879608154297,1510600,0.0,0.0,0.05280829015544042,6.083607,0.0016,0.098500006,0.34451,0.06216,0.356,142027210752,0.181,29.523,12943287296,0.315,0.227,0.45,0.2202793529903911,-0.018757948025446166,1.0263519566298853,1.3765822818332791,-0.2290778130332124,0.013989854859610228,0.2309555732143903,0.18470131281221994,0.0025201104082715037,0.0006057380456292723,-0.031199179203312527,2.2997835971460456,231,0.06722926930796083,0.14092028878398402
2021-08-03 00:00:00-04:00,92.86546611114115,94.10017656832358,92.36964451089113,93.92517852783203,2069900,0.0,0.0,0.05280829015544042,6.083607,0.0016,0.098500006,0.34451,0.06216,0.356,142027210752,0.181,29.523,12943287296,0.315,0.227,0.45,0.2202793529903911,-0.018757948025446166,1.0263519566298853,1.3765822818332791,-0.2290778130332124,0.013989854859610228,0.2309555732143903,0.18470131281221994,0.0025201104082715037,0.0006057380456292723,-0.031199179203312527,2.2997835971460456,231,0.06722926930796083,0.14092028878398402
2021-08-04 00:00:00-04:00,93.67241274184596,93.68213691670967,92.5932592705101,92.70020294189453,1870900,0.0,0.0,0.05280829015544042,6.083607,0.0016,0.098500006,0.34451,0.06216,0.356,142027210752,0.181,29.523,12943287296,0.315,0.227,0.45,0.2202793529903911,-0.018757948025446166,1.0263519566298853,1.3765822818332791,-0.2290778130332124,0.013989854859610228,0.2309555732143903,0.18470131281221994,0.0025201104082715037,0.0006057380456292723,-0.031199179203312527,2.2997835971460456,231,0.06722926930796083,0.14092028878398402
2021-08-05 00:00:00-04:00,92.93350045464949,92.93350045464949,91.55296477586559,92.76822662353516,2403000,0.0,0.0,0.05280829015544042,6.083607,0.0016,0.098500006,0.34451,0.06216,0.356,142027210752,0.181,29.523,12943287296,0.315,0.227,0.45,0.2202793529903911,-0.018757948025446166,1.0263519566298853,1.3765822818332791,-0.2290778130332124,0.013989854859610228,0.2309555732143903,0.18470131281221994,0.0025201104082715037,0.0006057380456292723,-0.031199179203312527,2.2997835971460456,231,0.06722926930796083,0.14092028878398402
2021-08-06 00:00:00-04:00,93.2154710677669,94.73212336889434,92.74881452693691,94.22657012939453,3067700,0.0,0.0,0.05280829015544042,6.083607,0.0016,0.098500006,0.34451,0.06216,0.356,142027210752,0.181,29.523,12943287296,0.315,0.227,0.45,0.2202793529903911,-0.018757948025446166,1.0263519566298853,1.3765822818332791,-0.2290778130332124,0.013989854859610228,0.2309555732143903,0.18470131281221994,0.0025201104082715037,0.0006057380456292723,-0.031199179203312527,2.2997835971460456,231,0.06722926930796083,0.14092028878398402
2021-08-09 00:00:00-04:00,94.46961891512848,94.8779452268809,94.02240332358463,94.42101287841797,1522000,0.0,0.0,0.05280829015544042,6.083607,0.0016,0.098500006,0.34451,0.06216,0.356,142027210752,0.181,29.523,12943287296,0.315,0.227,0.45,0.2202793529903911,-0.018757948025446166,1.0263519566298853,1.3765822818332791,-0.2290778130332124,0.013989854859610228,0.2309555732143903,0.18470131281221994,0.0025201104082715037,0.0006057380456292723,-0.031199179203312527,2.2997835971460456,231,0.06722926930796083,0.14092028878398402
2021-08-10 00:00:00-04:00,94.25572575426598,94.67377621444842,93.58490611713322,93.67240142822266,2120500,0.0,0.0,0.05280829015544042,6.083607,0.0016,0.098500006,0.34451,0.06216,0.356,142027210752,0.181,29.523,12943287296,0.315,0.227,0.45,0.2202793529903911,-0.018757948025446166,1.0263519566298853,1.3765822818332791,-0.2290778130332124,0.013989854859610228,0.2309555732143903,0.18470131281221994,0.0025201104082715037,0.0006057380456292723,-0.031199179203312527,2.2997835971460456,231,0.06722926930796083,0.14092028878398402
2021-08-11 00:00:00-04:00,93.8182378997594,94.45017570069321,93.11824571517863,94.39183807373047,2050700,0.0,0.0,0.05280829015544042,6.083607,0.0016,0.098500006,0.34451,0.06216,0.356,142027210752,0.181,29.523,12943287296,0.315,0.227,0.45,0.2202793529903911,-0.018757948025446166,1.0263519566298853,1.3765822818332791,-0.2290778130332124,0.013989854859610228,0.2309555732143903,0.18470131281221994,0.0025201104082715037,0.0006057380456292723,-0.031199179203312527,2.2997835971460456,231,0.06722926930796083,0.14092028878398402
2021-08-12 00:00:00-04:00,94.40155952019957,94.7612797761521,93.84740029297996,94.24600982666016,1803100,0.0,0.0,0.05280829015544042,6.083607,0.0016,0.098500006,0.34451,0.06216,0.356,142027210752,0.181,29.523,12943287296,0.315,0.227,0.45,0.2202793529903911,-0.018757948025446166,1.0263519566298853,1.3765822818332791,-0.2290778130332124,0.013989854859610228,0.2309555732143903,0.18470131281221994,0.0025201104082715037,0.0006057380456292723,-0.031199179203312527,2.2997835971460456,231,0.06722926930796083,0.14092028878398402
2021-08-13 00:00:00-04:00,94.37238767753192,94.46960715622343,93.34184785213434,93.44879150390625,1413400,0.0,0.0,0.05280829015544042,6.083607,0.0016,0.098500006,0.34451,0.06216,0.356,142027210752,0.181,29.523,12943287296,0.315,0.227,0.45,0.2202793529903911,-0.018757948025446166,1.0263519566298853,1.3765822818332791,-0.2290778130332124,0.013989854859610228,0.2309555732143903,0.18470131281221994,0.0025201104082715037,0.0006057380456292723,-0.031199179203312527,2.2997835971460456,231,0.06722926930796083,0.14092028878398402
2021-08-16 00:00:00-04:00,93.03075365678622,94.51823339239505,92.58353806040114,94.40156555175781,3565000,0.0,0.0,0.05280829015544042,6.083607,0.0016,0.098500006,0.34451,0.06216,0.356,142027210752,0.181,29.523,12943287296,0.315,0.227,0.45,0.2202793529903911,-0.018757948025446166,1.0263519566298853,1.3765822818332791,-0.2290778130332124,0.013989854859610228,0.2309555732143903,0.18470131281221994,0.0025201104082715037,0.0006057380456292723,-0.031199179203312527,2.2997835971460456,231,0.06722926930796083,0.14092028878398402
2021-08-17 00:00:00-04:00,93.81822725946752,93.84739236095541,91.9321382446305,93.01129150390625,3631800,0.0,0.0,0.05280829015544042,6.083607,0.0016,0.098500006,0.34451,0.06216,0.356,142027210752,0.181,29.523,12943287296,0.315,0.227,0.45,0.2202793529903911,-0.018757948025446166,1.0263519566298853,1.3765822818332791,-0.2290778130332124,0.013989854859610228,0.2309555732143903,0.18470131281221994,0.0025201104082715037,0.0006057380456292723,-0.031199179203312527,2.2997835971460456,231,0.06722926930796083,0.14092028878398402
2021-08-18 00:00:00-04:00,92.30159591674574,93.59462924533676,91.76687758800273,92.9140853881836,3890100,0.0,0.0,0.05280829015544042,6.083607,0.0016,0.098500006,0.34451,0.06216,0.356,142027210752,0.181,29.523,12943287296,0.315,0.227,0.45,0.2202793529903911,-0.018757948025446166,1.0263519566298853,1.3765822818332791,-0.2290778130332124,0.013989854859610228,0.2309555732143903,0.18470131281221994,0.0025201104082715037,0.0006057380456292723,-0.031199179203312527,2.2997835971460456,231,0.06722926930796083,0.14092028878398402
2021-08-19 00:00:00-04:00,92.81685665955361,94.275171137496,92.69046465768115,93.52656555175781,1750300,0.0,0.0,0.05280829015544042,6.083607,0.0016,0.098500006,0.34451,0.06216,0.356,142027210752,0.181,29.523,12943287296,0.315,0.227,0.45,0.2202793529903911,-0.018757948025446166,1.0263519566298853,1.3765822818332791,-0.2290778130332124,0.013989854859610228,0.2309555732143903,0.18470131281221994,0.0025201104082715037,0.0006057380456292723,-0.031199179203312527,2.2997835971460456,231,0.06722926930796083,0.14092028878398402
2021-08-20 00:00:00-04:00,93.69184897748043,95.8695965709308,93.28351527709441,94.8584976196289,3638800,0.0,0.0,0.05280829015544042,6.083607,0.0016,0.098500006,0.34451,0.06216,0.356,142027210752,0.181,29.523,12943287296,0.315,0.227,0.45,0.2202793529903911,-0.018757948025446166,1.0263519566298853,1.3765822818332791,-0.2290778130332124,0.013989854859610228,0.2309555732143903,0.18470131281221994,0.0025201104082715037,0.0006057380456292723,-0.031199179203312527,2.2997835971460456,231,0.06722926930796083,0.14092028878398402
2021-08-23 00:00:00-04:00,94.66405937745905,95.48071194974953,94.53766737172037,94.5862808227539,1898500,0.0,0.0,0.05280829015544042,6.083607,0.0016,0.098500006,0.34451,0.06216,0.356,142027210752,0.181,29.523,12943287296,0.315,0.227,0.45,0.2202793529903911,-0.018757948025446166,1.0263519566298853,1.3765822818332791,-0.2290778130332124,0.013989854859610228,0.2309555732143903,0.18470131281221994,0.0025201104082715037,0.0006057380456292723,-0.031199179203312527,2.2997835971460456,231,0.06722926930796083,0.14092028878398402
2021-08-24 00:00:00-04:00,94.68351503376296,95.07240045040163,93.60436152584252,93.94463348388672,1601100,0.0,0.0,0.05280829015544042,6.083607,0.0016,0.098500006,0.34451,0.06216,0.356,142027210752,0.181,29.523,12943287296,0.315,0.227,0.45,0.2202793529903911,-0.018757948025446166,1.0263519566298853,1.3765822818332791,-0.2290778130332124,0.013989854859610228,0.2309555732143903,0.18470131281221994,0.0025201104082715037,0.0006057380456292723,-0.031199179203312527,2.2997835971460456,231,0.06722926930796083,0.14092028878398402
2021-08-25 00:00:00-04:00,93.85713497649361,94.30435059438233,93.47797374790598,93.54602813720703,1669900,0.0,0.0,0.05280829015544042,6.083607,0.0016,0.098500006,0.34451,0.06216,0.356,142027210752,0.181,29.523,12943287296,0.315,0.227,0.45,0.2202793529903911,-0.018757948025446166,1.0263519566298853,1.3765822818332791,-0.2290778130332124,0.013989854859610228,0.2309555732143903,0.18470131281221994,0.0025201104082715037,0.0006057380456292723,-0.031199179203312527,2.2997835971460456,231,0.06722926930796083,0.14092028878398402
2021-08-26 00:00:00-04:00,93.48769359968577,93.78907625017212,93.08908403980351,93.55574798583984,2663900,0.0,0.0,0.05280829015544042,6.083607,0.0016,0.098500006,0.34451,0.06216,0.356,142027210752,0.181,29.523,12943287296,0.315,0.227,0.45,0.2202793529903911,-0.018757948025446166,1.0263519566298853,1.3765822818332791,-0.2290778130332124,0.013989854859610228,0.2309555732143903,0.18470131281221994,0.0025201104082715037,0.0006057380456292723,-0.031199179203312527,2.2997835971460456,231,0.06722926930796083,0.14092028878398402
2021-08-27 00:00:00-04:00,93.86685147834798,94.9362806873909,93.35157409590668,94.78072357177734,2913300,0.0,0.0,0.05280829015544042,6.083607,0.0016,0.098500006,0.34451,0.06216,0.356,142027210752,0.181,29.523,12943287296,0.315,0.227,0.45,0.2202793529903911,-0.018757948025446166,1.0263519566298853,1.3765822818332791,-0.2290778130332124,0.013989854859610228,0.2309555732143903,0.18470131281221994,0.0025201104082715037,0.0006057380456292723,-0.031199179203312527,2.2997835971460456,231,0.06722926930796083,0.14092028878398402
2021-08-30 00:00:00-04:00,94.85851007654398,95.01406720518965,93.37103026638742,93.47797393798828,1922700,0.0,0.0,0.05280829015544042,6.083607,0.0016,0.098500006,0.34451,0.06216,0.356,142027210752,0.181,29.523,12943287296,0.315,0.227,0.45,0.2202793529903911,-0.018757948025446166,1.0263519566298853,1.3765822818332791,-0.2290778130332124,0.013989854859610228,0.2309555732143903,0.18470131281221994,0.0025201104082715037,0.0006057380456292723,-0.031199179203312527,2.2997835971460456,231,0.06722926930796083,0.14092028878398402
2021-08-31 00:00:00-04:00,93.66265869140625,94.5959863289436,93.38072446663635,93.66265869140625,2547100,0.0,0.0,0.05280829015544042,6.083607,0.0016,0.098500006,0.34451,0.06216,0.356,142027210752,0.181,29.523,12943287296,0.315,0.227,0.45,0.2202793529903911,-0.018757948025446166,1.0263519566298853,1.3765822818332791,-0.2290778130332124,0.013989854859610228,0.2309555732143903,0.18470131281221994,0.0025201104082715037,0.0006057380456292723,-0.031199179203312527,2.2997835971460456,231,0.06722926930796083,0.14092028878398402
2021-09-01 00:00:00-04:00,93.56545450135005,93.944615670902,92.5446388207759,93.7307357788086,1872300,0.0,0.0,0.05280829015544042,6.083607,0.0016,0.098500006,0.34451,0.06216,0.356,142027210752,0.181,29.523,12943287296,0.315,0.227,0.45,0.2202793529903911,-0.018757948025446166,1.0263519566298853,1.3765822818332791,-0.2290778130332124,0.013989854859610228,0.2309555732143903,0.18470131281221994,0.0025201104082715037,0.0006057380456292723,-0.031199179203312527,2.2997835971460456,231,0.06722926930796083,0.14092028878398402
2021-09-02 00:00:00-04:00,93.75990415668333,94.35295265641591,93.3126885928044,93.67240142822266,2193900,0.0,0.0,0.05280829015544042,6.083607,0.0016,0.098500006,0.34451,0.06216,0.356,142027210752,0.181,29.523,12943287296,0.315,0.227,0.45,0.2202793529903911,-0.018757948025446166,1.0263519566298853,1.3765822818332791,-0.2290778130332124,0.013989854859610228,0.2309555732143903,0.18470131281221994,0.0025201104082715037,0.0006057380456292723,-0.031199179203312527,2.2997835971460456,231,0.06722926930796083,0.14092028878398402
2021-09-03 00:00:00-04:00,93.49741035672794,93.99323940863432,92.84603160105729,93.55574798583984,1405300,0.0,0.0,0.05280829015544042,6.083607,0.0016,0.098500006,0.34451,0.06216,0.356,142027210752,0.181,29.523,12943287296,0.315,0.227,0.45,0.2202793529903911,-0.018757948025446166,1.0263519566298853,1.3765822818332791,-0.2290778130332124,0.013989854859610228,0.2309555732143903,0.18470131281221994,0.0025201104082715037,0.0006057380456292723,-0.031199179203312527,2.2997835971460456,231,0.06722926930796083,0.14092028878398402
2021-09-07 00:00:00-04:00,93.06962935694884,93.23490321070719,91.51408804491284,91.6404800415039,1803500,0.0,0.0,0.05280829015544042,6.083607,0.0016,0.098500006,0.34451,0.06216,0.356,142027210752,0.181,29.523,12943287296,0.315,0.227,0.45,0.2202793529903911,-0.018757948025446166,1.0263519566298853,1.3765822818332791,-0.2290778130332124,0.013989854859610228,0.2309555732143903,0.18470131281221994,0.0025201104082715037,0.0006057380456292723,-0.031199179203312527,2.2997835971460456,231,0.06722926930796083,0.14092028878398402
2021-09-08 00:00:00-04:00,91.6404897415435,92.1071462506528,91.43632659163676,91.6696548461914,2279800,0.0,0.0,0.05280829015544042,6.083607,0.0016,0.098500006,0.34451,0.06216,0.356,142027210752,0.181,29.523,12943287296,0.315,0.227,0.45,0.2202793529903911,-0.018757948025446166,1.0263519566298853,1.3765822818332791,-0.2290778130332124,0.013989854859610228,0.2309555732143903,0.18470131281221994,0.0025201104082715037,0.0006057380456292723,-0.031199179203312527,2.2997835971460456,231,0.06722926930796083,0.14092028878398402
2021-09-09 00:00:00-04:00,91.56271500579413,91.84465672477701,90.60022942538484,90.62939453125,2095800,0.0,0.0,0.05280829015544042,6.083607,0.0016,0.098500006,0.34451,0.06216,0.356,142027210752,0.181,29.523,12943287296,0.315,0.227,0.45,0.2202793529903911,-0.018757948025446166,1.0263519566298853,1.3765822818332791,-0.2290778130332124,0.013989854859610228,0.2309555732143903,0.18470131281221994,0.0025201104082715037,0.0006057380456292723,-0.031199179203312527,2.2997835971460456,231,0.06722926930796083,0.14092028878398402
2021-09-10 00:00:00-04:00,90.67799868303183,91.16410355033469,89.78356750736377,90.53217315673828,1943200,0.0,0.0,0.05280829015544042,6.083607,0.0016,0.098500006,0.34451,0.06216,0.356,142027210752,0.181,29.523,12943287296,0.315,0.227,0.45,0.2202793529903911,-0.018757948025446166,1.0263519566298853,1.3765822818332791,-0.2290778130332124,0.013989854859610228,0.2309555732143903,0.18470131281221994,0.0025201104082715037,0.0006057380456292723,-0.031199179203312527,2.2997835971460456,231,0.06722926930796083,0.14092028878398402
2021-09-13 00:00:00-04:00,91.04742346236362,91.71824299052675,90.3863206889401,91.3876953125,2506700,0.0,0.0,0.05280829015544042,6.083607,0.0016,0.098500006,0.34451,0.06216,0.356,142027210752,0.181,29.523,12943287296,0.315,0.227,0.45,0.2202793529903911,-0.018757948025446166,1.0263519566298853,1.3765822818332791,-0.2290778130332124,0.013989854859610228,0.2309555732143903,0.18470131281221994,0.0025201104082715037,0.0006057380456292723,-0.031199179203312527,2.2997835971460456,231,0.06722926930796083,0.14092028878398402
2021-09-14 00:00:00-04:00,91.3002149780713,91.6113217802336,90.32800529414271,90.60993957519531,2455900,0.0,0.0,0.05280829015544042,6.083607,0.0016,0.098500006,0.34451,0.06216,0.356,142027210752,0.181,29.523,12943287296,0.315,0.227,0.45,0.2202793529903911,-0.018757948025446166,1.0263519566298853,1.3765822818332791,-0.2290778130332124,0.013989854859610228,0.2309555732143903,0.18470131281221994,0.0025201104082715037,0.0006057380456292723,-0.031199179203312527,2.2997835971460456,231,0.06722926930796083,0.14092028878398402
2021-09-15 00:00:00-04:00,90.71687316894531,91.10575848284488,90.04605360527324,90.71687316894531,2546200,0.0,0.0,0.05280829015544042,6.083607,0.0016,0.098500006,0.34451,0.06216,0.356,142027210752,0.181,29.523,12943287296,0.315,0.227,0.45,0.2202793529903911,-0.018757948025446166,1.0263519566298853,1.3765822818332791,-0.2290778130332124,0.013989854859610228,0.2309555732143903,0.18470131281221994,0.0025201104082715037,0.0006057380456292723,-0.031199179203312527,2.2997835971460456,231,0.06722926930796083,0.14092028878398402
2021-09-16 00:00:00-04:00,90.77522906735244,90.77522906735244,89.96829317655245,90.4057846069336,1482000,0.0,0.0,0.05280829015544042,6.083607,0.0016,0.098500006,0.34451,0.06216,0.356,142027210752,0.181,29.523,12943287296,0.315,0.227,0.45,0.2202793529903911,-0.018757948025446166,1.0263519566298853,1.3765822818332791,-0.2290778130332124,0.013989854859610228,0.2309555732143903,0.18470131281221994,0.0025201104082715037,0.0006057380456292723,-0.031199179203312527,2.2997835971460456,231,0.06722926930796083,0.14092028878398402
2021-09-17 00:00:00-04:00,90.09466137889302,90.37660305149748,89.60855658144476,90.03633117675781,4029700,0.0,0.0,0.05280829015544042,6.083607,0.0016,0.098500006,0.34451,0.06216,0.356,142027210752,0.181,29.523,12943287296,0.315,0.227,0.45,0.2202793529903911,-0.018757948025446166,1.0263519566298853,1.3765822818332791,-0.2290778130332124,0.013989854859610228,0.2309555732143903,0.18470131281221994,0.0025201104082715037,0.0006057380456292723,-0.031199179203312527,2.2997835971460456,231,0.06722926930796083,0.14092028878398402
2021-09-20 00:00:00-04:00,89.38495995930424,89.90022990065674,88.60718925177935,89.64745330810547,2250400,0.0,0.0,0.05280829015544042,6.083607,0.0016,0.098500006,0.34451,0.06216,0.356,142027210752,0.181,29.523,12943287296,0.315,0.227,0.45,0.2202793529903911,-0.018757948025446166,1.0263519566298853,1.3765822818332791,-0.2290778130332124,0.013989854859610228,0.2309555732143903,0.18470131281221994,0.0025201104082715037,0.0006057380456292723,-0.031199179203312527,2.2997835971460456,231,0.06722926930796083,0.14092028878398402
2021-09-21 00:00:00-04:00,89.82245171046455,90.66827680202302,89.472455632397,89.51134490966797,1882100,0.0,0.0,0.05280829015544042,6.083607,0.0016,0.098500006,0.34451,0.06216,0.356,142027210752,0.181,29.523,12943287296,0.315,0.227,0.45,0.2202793529903911,-0.018757948025446166,1.0263519566298853,1.3765822818332791,-0.2290778130332124,0.013989854859610228,0.2309555732143903,0.18470131281221994,0.0025201104082715037,0.0006057380456292723,-0.031199179203312527,2.2997835971460456,231,0.06722926930796083,0.14092028878398402
2021-09-22 00:00:00-04:00,90.17246107736433,90.18218525245794,89.26830564533846,89.48219299316406,1894900,0.0,0.0,0.05280829015544042,6.083607,0.0016,0.098500006,0.34451,0.06216,0.356,142027210752,0.181,29.523,12943287296,0.315,0.227,0.45,0.2202793529903911,-0.018757948025446166,1.0263519566298853,1.3765822818332791,-0.2290778130332124,0.013989854859610228,0.2309555732143903,0.18470131281221994,0.0025201104082715037,0.0006057380456292723,-0.031199179203312527,2.2997835971460456,231,0.06722926930796083,0.14092028878398402
2021-09-23 00:00:00-04:00,89.70578951810104,89.90996009095186,88.93775035017214,89.0252456665039,2424600,0.0,0.0,0.05280829015544042,6.083607,0.0016,0.098500006,0.34451,0.06216,0.356,142027210752,0.181,29.523,12943287296,0.315,0.227,0.45,0.2202793529903911,-0.018757948025446166,1.0263519566298853,1.3765822818332791,-0.2290778130332124,0.013989854859610228,0.2309555732143903,0.18470131281221994,0.0025201104082715037,0.0006057380456292723,-0.031199179203312527,2.2997835971460456,231,0.06722926930796083,0.14092028878398402
2021-09-24 00:00:00-04:00,89.37522312901677,89.72521915610197,88.76273379030273,89.0155029296875,1690100,0.0,0.0,0.05280829015544042,6.083607,0.0016,0.098500006,0.34451,0.06216,0.356,142027210752,0.181,29.523,12943287296,0.315,0.227,0.45,0.2202793529903911,-0.018757948025446166,1.0263519566298853,1.3765822818332791,-0.2290778130332124,0.013989854859610228,0.2309555732143903,0.18470131281221994,0.0025201104082715037,0.0006057380456292723,-0.031199179203312527,2.2997835971460456,231,0.06722926930796083,0.14092028878398402
2021-09-27 00:00:00-04:00,88.91828780509304,89.7252235412755,88.13080041434925,88.15996551513672,2155000,0.0,0.0,0.05280829015544042,6.083607,0.0016,0.098500006,0.34451,0.06216,0.356,142027210752,0.181,29.523,12943287296,0.315,0.227,0.45,0.2202793529903911,-0.018757948025446166,1.0263519566298853,1.3765822818332791,-0.2290778130332124,0.013989854859610228,0.2309555732143903,0.18470131281221994,0.0025201104082715037,0.0006057380456292723,-0.031199179203312527,2.2997835971460456,231,0.06722926930796083,0.14092028878398402
2021-09-28 00:00:00-04:00,88.13080771247175,88.47107961212106,87.38220211587213,87.83914184570312,3803800,0.0,0.0,0.05280829015544042,6.083607,0.0016,0.098500006,0.34451,0.06216,0.356,142027210752,0.181,29.523,12943287296,0.315,0.227,0.45,0.2202793529903911,-0.018757948025446166,1.0263519566298853,1.3765822818332791,-0.2290778130332124,0.013989854859610228,0.2309555732143903,0.18470131281221994,0.0025201104082715037,0.0006057380456292723,-0.031199179203312527,2.2997835971460456,231,0.06722926930796083,0.14092028878398402
2021-09-29 00:00:00-04:00,87.23638114954944,89.43356976894553,87.23638114954944,88.60719299316406,2531300,0.0,0.0,0.05280829015544042,6.083607,0.0016,0.098500006,0.34451,0.06216,0.356,142027210752,0.181,29.523,12943287296,0.315,0.227,0.45,0.2202793529903911,-0.018757948025446166,1.0263519566298853,1.3765822818332791,-0.2290778130332124,0.013989854859610228,0.2309555732143903,0.18470131281221994,0.0025201104082715037,0.0006057380456292723,-0.031199179203312527,2.2997835971460456,231,0.06722926930796083,0.14092028878398402
2021-09-30 00:00:00-04:00,88.96691406189257,89.46273568141525,87.83914721991688,87.87803649902344,2472900,0.0,0.0,0.05280829015544042,6.083607,0.0016,0.098500006,0.34451,0.06216,0.356,142027210752,0.181,29.523,12943287296,0.315,0.227,0.45,0.2202793529903911,-0.018757948025446166,1.0263519566298853,1.3765822818332791,-0.2290778130332124,0.013989854859610228,0.2309555732143903,0.18470131281221994,0.0025201104082715037,0.0006057380456292723,-0.031199179203312527,2.2997835971460456,231,0.06722926930796083,0.14092028878398402
2021-10-01 00:00:00-04:00,88.17941458156454,89.09329404989292,87.18776397641533,88.41275024414062,2685800,0.0,0.0,0.05280829015544042,6.083607,0.0016,0.098500006,0.34451,0.06216,0.356,142027210752,0.181,29.523,12943287296,0.315,0.227,0.45,0.2202793529903911,-0.018757948025446166,1.0263519566298853,1.3765822818332791,-0.2290778130332124,0.013989854859610228,0.2309555732143903,0.18470131281221994,0.0025201104082715037,0.0006057380456292723,-0.031199179203312527,2.2997835971460456,231,0.06722926930796083,0.14092028878398402
2021-10-04 00:00:00-04:00,88.37385471726967,88.95717899771498,87.42108603922483,87.80024719238281,2831100,0.0,0.0,0.05280829015544042,6.083607,0.0016,0.098500006,0.34451,0.06216,0.356,142027210752,0.181,29.523,12943287296,0.315,0.227,0.45,0.2202793529903911,-0.018757948025446166,1.0263519566298853,1.3765822818332791,-0.2290778130332124,0.013989854859610228,0.2309555732143903,0.18470131281221994,0.0025201104082715037,0.0006057380456292723,-0.031199179203312527,2.2997835971460456,231,0.06722926930796083,0.14092028878398402
2021-10-05 00:00:00-04:00,88.42247923886403,89.11275473114472,87.96554685882741,88.72386932373047,2973300,0.0,0.0,0.05280829015544042,6.083607,0.0016,0.098500006,0.34451,0.06216,0.356,142027210752,0.181,29.523,12943287296,0.315,0.227,0.45,0.2202793529903911,-0.018757948025446166,1.0263519566298853,1.3765822818332791,-0.2290778130332124,0.013989854859610228,0.2309555732143903,0.18470131281221994,0.0025201104082715037,0.0006057380456292723,-0.031199179203312527,2.2997835971460456,231,0.06722926930796083,0.14092028878398402
2021-10-06 00:00:00-04:00,88.57786140011355,89.93071460737117,88.25667849969794,89.80418395996094,2269700,0.1,0.0,0.05280829015544042,6.083607,0.0016,0.098500006,0.34451,0.06216,0.356,142027210752,0.181,29.523,12943287296,0.315,0.227,0.45,0.2202793529903911,-0.018757948025446166,1.0263519566298853,1.3765822818332791,-0.2290778130332124,0.013989854859610228,0.2309555732143903,0.18470131281221994,0.0025201104082715037,0.0006057380456292723,-0.031199179203312527,2.2997835971460456,231,0.06722926930796083,0.14092028878398402
2021-10-07 00:00:00-04:00,90.18377544852686,90.83586871456454,88.6362624431227,88.70439147949219,3075200,0.0,0.0,0.05280829015544042,6.083607,0.0016,0.098500006,0.34451,0.06216,0.356,142027210752,0.181,29.523,12943287296,0.315,0.227,0.45,0.2202793529903911,-0.018757948025446166,1.0263519566298853,1.3765822818332791,-0.2290778130332124,0.013989854859610228,0.2309555732143903,0.18470131281221994,0.0025201104082715037,0.0006057380456292723,-0.031199179203312527,2.2997835971460456,231,0.06722926930796083,0.14092028878398402
2021-10-08 00:00:00-04:00,88.81144806881004,89.2883512998456,87.90630095859528,88.5,2023600,0.0,0.0,0.05280829015544042,6.083607,0.0016,0.098500006,0.34451,0.06216,0.356,142027210752,0.181,29.523,12943287296,0.315,0.227,0.45,0.2202793529903911,-0.018757948025446166,1.0263519566298853,1.3765822818332791,-0.2290778130332124,0.013989854859610228,0.2309555732143903,0.18470131281221994,0.0025201104082715037,0.0006057380456292723,-0.031199179203312527,2.2997835971460456,231,0.06722926930796083,0.14092028878398402
2021-10-11 00:00:00-04:00,88.63624077629505,89.9598966669174,88.63624077629505,88.76276397705078,1842000,0.0,0.0,0.05280829015544042,6.083607,0.0016,0.098500006,0.34451,0.06216,0.356,142027210752,0.181,29.523,12943287296,0.315,0.227,0.45,0.2202793529903911,-0.018757948025446166,1.0263519566298853,1.3765822818332791,-0.2290778130332124,0.013989854859610228,0.2309555732143903,0.18470131281221994,0.0025201104082715037,0.0006057380456292723,-0.031199179203312527,2.2997835971460456,231,0.06722926930796083,0.14092028878398402
2021-10-12 00:00:00-04:00,88.77251505527609,89.00609924767349,87.56565473146395,88.1009521484375,2356700,0.0,0.0,0.05280829015544042,6.083607,0.0016,0.098500006,0.34451,0.06216,0.356,142027210752,0.181,29.523,12943287296,0.315,0.227,0.45,0.2202793529903911,-0.018757948025446166,1.0263519566298853,1.3765822818332791,-0.2290778130332124,0.013989854859610228,0.2309555732143903,0.18470131281221994,0.0025201104082715037,0.0006057380456292723,-0.031199179203312527,2.2997835971460456,231,0.06722926930796083,0.14092028878398402
2021-10-13 00:00:00-04:00,88.01335961470612,88.49999767352337,87.10821252828576,88.39293670654297,1887800,0.0,0.0,0.05280829015544042,6.083607,0.0016,0.098500006,0.34451,0.06216,0.356,142027210752,0.181,29.523,12943287296,0.315,0.227,0.45,0.2202793529903911,-0.018757948025446166,1.0263519566298853,1.3765822818332791,-0.2290778130332124,0.013989854859610228,0.2309555732143903,0.18470131281221994,0.0025201104082715037,0.0006057380456292723,-0.031199179203312527,2.2997835971460456,231,0.06722926930796083,0.14092028878398402
2021-10-14 00:00:00-04:00,87.83817557456307,88.74332272237945,86.96222552417497,87.6045913696289,3635000,0.0,0.0,0.05280829015544042,6.083607,0.0016,0.098500006,0.34451,0.06216,0.356,142027210752,0.181,29.523,12943287296,0.315,0.227,0.45,0.2202793529903911,-0.018757948025446166,1.0263519566298853,1.3765822818332791,-0.2290778130332124,0.013989854859610228,0.2309555732143903,0.18470131281221994,0.0025201104082715037,0.0006057380456292723,-0.031199179203312527,2.2997835971460456,231,0.06722926930796083,0.14092028878398402
2021-10-15 00:00:00-04:00,88.11068713965584,89.80418553207299,87.47805616805228,88.81144714355469,3179700,0.0,0.0,0.05280829015544042,6.083607,0.0016,0.098500006,0.34451,0.06216,0.356,142027210752,0.181,29.523,12943287296,0.315,0.227,0.45,0.2202793529903911,-0.018757948025446166,1.0263519566298853,1.3765822818332791,-0.2290778130332124,0.013989854859610228,0.2309555732143903,0.18470131281221994,0.0025201104082715037,0.0006057380456292723,-0.031199179203312527,2.2997835971460456,231,0.06722926930796083,0.14092028878398402
2021-10-18 00:00:00-04:00,88.55838930509739,88.61679091981276,87.53645386641944,87.9257583618164,2419400,0.0,0.0,0.05280829015544042,6.083607,0.0016,0.098500006,0.34451,0.06216,0.356,142027210752,0.181,29.523,12943287296,0.315,0.227,0.45,0.2202793529903911,-0.018757948025446166,1.0263519566298853,1.3765822818332791,-0.2290778130332124,0.013989854859610228,0.2309555732143903,0.18470131281221994,0.0025201104082715037,0.0006057380456292723,-0.031199179203312527,2.2997835971460456,231,0.06722926930796083,0.14092028878398402
2021-10-19 00:00:00-04:00,88.45133812573214,90.25190503090526,88.17882197860551,90.14484405517578,2674000,0.0,0.0,0.05280829015544042,6.083607,0.0016,0.098500006,0.34451,0.06216,0.356,142027210752,0.181,29.523,12943287296,0.315,0.227,0.45,0.2202793529903911,-0.018757948025446166,1.0263519566298853,1.3765822818332791,-0.2290778130332124,0.013989854859610228,0.2309555732143903,0.18470131281221994,0.0025201104082715037,0.0006057380456292723,-0.031199179203312527,2.2997835971460456,231,0.06722926930796083,0.14092028878398402
2021-10-20 00:00:00-04:00,90.44654338929381,92.01351841977642,90.3394824300305,91.9745864868164,2562100,0.0,0.0,0.05280829015544042,6.083607,0.0016,0.098500006,0.34451,0.06216,0.356,142027210752,0.181,29.523,12943287296,0.315,0.227,0.45,0.2202793529903911,-0.018757948025446166,1.0263519566298853,1.3765822818332791,-0.2290778130332124,0.013989854859610228,0.2309555732143903,0.18470131281221994,0.0025201104082715037,0.0006057380456292723,-0.031199179203312527,2.2997835971460456,231,0.06722926930796083,0.14092028878398402
2021-10-21 00:00:00-04:00,92.17897623389649,92.25684010207034,90.80666082849156,92.10111236572266,3149800,0.0,0.0,0.05280829015544042,6.083607,0.0016,0.098500006,0.34451,0.06216,0.356,142027210752,0.181,29.523,12943287296,0.315,0.227,0.45,0.2202793529903911,-0.018757948025446166,1.0263519566298853,1.3765822818332791,-0.2290778130332124,0.013989854859610228,0.2309555732143903,0.18470131281221994,0.0025201104082715037,0.0006057380456292723,-0.031199179203312527,2.2997835971460456,231,0.06722926930796083,0.14092028878398402
2021-10-22 00:00:00-04:00,92.35416433077256,93.91140453478171,92.14977725013765,93.06465911865234,2542800,0.0,0.0,0.05280829015544042,6.083607,0.0016,0.098500006,0.34451,0.06216,0.356,142027210752,0.181,29.523,12943287296,0.315,0.227,0.45,0.2202793529903911,-0.018757948025446166,1.0263519566298853,1.3765822818332791,-0.2290778130332124,0.013989854859610228,0.2309555732143903,0.18470131281221994,0.0025201104082715037,0.0006057380456292723,-0.031199179203312527,2.2997835971460456,231,0.06722926930796083,0.14092028878398402
2021-10-25 00:00:00-04:00,93.07440168093277,94.06714757759651,92.66562745313391,93.77516174316406,2235500,0.0,0.0,0.05280829015544042,6.083607,0.0016,0.098500006,0.34451,0.06216,0.356,142027210752,0.181,29.523,12943287296,0.315,0.227,0.45,0.2202793529903911,-0.018757948025446166,1.0263519566298853,1.3765822818332791,-0.2290778130332124,0.013989854859610228,0.2309555732143903,0.18470131281221994,0.0025201104082715037,0.0006057380456292723,-0.031199179203312527,2.2997835971460456,231,0.06722926930796083,0.14092028878398402
2021-10-26 00:00:00-04:00,93.833561312221,94.31046456755139,93.5707725818801,93.6778335571289,1989700,0.0,0.0,0.05280829015544042,6.083607,0.0016,0.098500006,0.34451,0.06216,0.356,142027210752,0.181,29.523,12943287296,0.315,0.227,0.45,0.2202793529903911,-0.018757948025446166,1.0263519566298853,1.3765822818332791,-0.2290778130332124,0.013989854859610228,0.2309555732143903,0.18470131281221994,0.0025201104082715037,0.0006057380456292723,-0.031199179203312527,2.2997835971460456,231,0.06722926930796083,0.14092028878398402
2021-10-27 00:00:00-04:00,93.9406044144361,93.9406044144361,91.68260419527891,91.77993774414062,1739300,0.0,0.0,0.05280829015544042,6.083607,0.0016,0.098500006,0.34451,0.06216,0.356,142027210752,0.181,29.523,12943287296,0.315,0.227,0.45,0.2202793529903911,-0.018757948025446166,1.0263519566298853,1.3765822818332791,-0.2290778130332124,0.013989854859610228,0.2309555732143903,0.18470131281221994,0.0025201104082715037,0.0006057380456292723,-0.031199179203312527,2.2997835971460456,231,0.06722926930796083,0.14092028878398402
2021-10-28 00:00:00-04:00,92.02327056190119,93.2593281073846,91.89673989961369,93.13280487060547,1315000,0.0,0.0,0.05280829015544042,6.083607,0.0016,0.098500006,0.34451,0.06216,0.356,142027210752,0.181,29.523,12943287296,0.315,0.227,0.45,0.2202793529903911,-0.018757948025446166,1.0263519566298853,1.3765822818332791,-0.2290778130332124,0.013989854859610228,0.2309555732143903,0.18470131281221994,0.0025201104082715037,0.0006057380456292723,-0.031199179203312527,2.2997835971460456,231,0.06722926930796083,0.14092028878398402
2021-10-29 00:00:00-04:00,93.32744761706012,93.4247737450685,92.1400495490379,92.34443664550781,2128200,0.0,0.0,0.05280829015544042,6.083607,0.0016,0.098500006,0.34451,0.06216,0.356,142027210752,0.181,29.523,12943287296,0.315,0.227,0.45,0.2202793529903911,-0.018757948025446166,1.0263519566298853,1.3765822818332791,-0.2290778130332124,0.013989854859610228,0.2309555732143903,0.18470131281221994,0.0025201104082715037,0.0006057380456292723,-0.031199179203312527,2.2997835971460456,231,0.06722926930796083,0.14092028878398402
2021-11-01 00:00:00-04:00,92.3055085582764,92.54882760119742,90.59254784247807,92.16925048828125,1945400,0.0,0.0,0.05280829015544042,6.083607,0.0016,0.098500006,0.34451,0.06216,0.356,142027210752,0.181,29.523,12943287296,0.315,0.227,0.45,0.2202793529903911,-0.018757948025446166,1.0263519566298853,1.3765822818332791,-0.2290778130332124,0.013989854859610228,0.2309555732143903,0.18470131281221994,0.0025201104082715037,0.0006057380456292723,-0.031199179203312527,2.2997835971460456,231,0.06722926930796083,0.14092028878398402
2021-11-02 00:00:00-04:00,92.38336325488471,92.4028329346683,91.69233813271049,92.09138488769531,2053900,0.0,0.0,0.05280829015544042,6.083607,0.0016,0.098500006,0.34451,0.06216,0.356,142027210752,0.181,29.523,12943287296,0.315,0.227,0.45,0.2202793529903911,-0.018757948025446166,1.0263519566298853,1.3765822818332791,-0.2290778130332124,0.013989854859610228,0.2309555732143903,0.18470131281221994,0.0025201104082715037,0.0006057380456292723,-0.031199179203312527,2.2997835971460456,231,0.06722926930796083,0.14092028878398402
2021-11-03 00:00:00-04:00,91.95513029804337,92.94786866472607,91.30302965983712,92.60722351074219,2139700,0.0,0.0,0.05280829015544042,6.083607,0.0016,0.098500006,0.34451,0.06216,0.356,142027210752,0.181,29.523,12943287296,0.315,0.227,0.45,0.2202793529903911,-0.018757948025446166,1.0263519566298853,1.3765822818332791,-0.2290778130332124,0.013989854859610228,0.2309555732143903,0.18470131281221994,0.0025201104082715037,0.0006057380456292723,-0.031199179203312527,2.2997835971460456,231,0.06722926930796083,0.14092028878398402
2021-11-04 00:00:00-04:00,92.18872515752213,93.40532043794654,91.61448832389748,92.04273223876953,3018400,0.0,0.0,0.05280829015544042,6.083607,0.0016,0.098500006,0.34451,0.06216,0.356,142027210752,0.181,29.523,12943287296,0.315,0.227,0.45,0.2202793529903911,-0.018757948025446166,1.0263519566298853,1.3765822818332791,-0.2290778130332124,0.013989854859610228,0.2309555732143903,0.18470131281221994,0.0025201104082715037,0.0006057380456292723,-0.031199179203312527,2.2997835971460456,231,0.06722926930796083,0.14092028878398402
2021-11-05 00:00:00-04:00,92.32496410286163,94.09632616706901,92.06217541846165,93.27877044677734,2170200,0.0,0.0,0.05280829015544042,6.083607,0.0016,0.098500006,0.34451,0.06216,0.356,142027210752,0.181,29.523,12943287296,0.315,0.227,0.45,0.2202793529903911,-0.018757948025446166,1.0263519566298853,1.3765822818332791,-0.2290778130332124,0.013989854859610228,0.2309555732143903,0.18470131281221994,0.0025201104082715037,0.0006057380456292723,-0.031199179203312527,2.2997835971460456,231,0.06722926930796083,0.14092028878398402
2021-11-08 00:00:00-05:00,93.3761161506021,94.02820938858525,92.98680420573636,93.83355712890625,2074400,0.0,0.0,0.05280829015544042,6.083607,0.0016,0.098500006,0.34451,0.06216,0.356,142027210752,0.181,29.523,12943287296,0.315,0.227,0.45,0.2202793529903911,-0.018757948025446166,1.0263519566298853,1.3765822818332791,-0.2290778130332124,0.013989854859610228,0.2309555732143903,0.18470131281221994,0.0025201104082715037,0.0006057380456292723,-0.031199179203312527,2.2997835971460456,231,0.06722926930796083,0.14092028878398402
2021-11-09 00:00:00-05:00,93.44424010283066,93.78488525149955,92.19844788740885,92.89920043945312,2807900,0.0,0.0,0.05280829015544042,6.083607,0.0016,0.098500006,0.34451,0.06216,0.356,142027210752,0.181,29.523,12943287296,0.315,0.227,0.45,0.2202793529903911,-0.018757948025446166,1.0263519566298853,1.3765822818332791,-0.2290778130332124,0.013989854859610228,0.2309555732143903,0.18470131281221994,0.0025201104082715037,0.0006057380456292723,-0.031199179203312527,2.2997835971460456,231,0.06722926930796083,0.14092028878398402
2021-11-10 00:00:00-05:00,92.94786511268603,93.67782216854482,92.69481125417964,93.15225219726562,1694000,0.0,0.0,0.05280829015544042,6.083607,0.0016,0.098500006,0.34451,0.06216,0.356,142027210752,0.181,29.523,12943287296,0.315,0.227,0.45,0.2202793529903911,-0.018757948025446166,1.0263519566298853,1.3765822818332791,-0.2290778130332124,0.013989854859610228,0.2309555732143903,0.18470131281221994,0.0025201104082715037,0.0006057380456292723,-0.031199179203312527,2.2997835971460456,231,0.06722926930796083,0.14092028878398402
2021-11-11 00:00:00-05:00,92.56829121014006,93.54156731797414,92.35416927833538,93.29824829101562,1566900,0.0,0.0,0.05280829015544042,6.083607,0.0016,0.098500006,0.34451,0.06216,0.356,142027210752,0.181,29.523,12943287296,0.315,0.227,0.45,0.2202793529903911,-0.018757948025446166,1.0263519566298853,1.3765822818332791,-0.2290778130332124,0.013989854859610228,0.2309555732143903,0.18470131281221994,0.0025201104082715037,0.0006057380456292723,-0.031199179203312527,2.2997835971460456,231,0.06722926930796083,0.14092028878398402
2021-11-12 00:00:00-05:00,93.45396742771412,93.86274903123167,92.75321487634258,93.59996032714844,1778900,0.0,0.0,0.05280829015544042,6.083607,0.0016,0.098500006,0.34451,0.06216,0.356,142027210752,0.181,29.523,12943287296,0.315,0.227,0.45,0.2202793529903911,-0.018757948025446166,1.0263519566298853,1.3765822818332791,-0.2290778130332124,0.013989854859610228,0.2309555732143903,0.18470131281221994,0.0025201104082715037,0.0006057380456292723,-0.031199179203312527,2.2997835971460456,231,0.06722926930796083,0.14092028878398402
2021-11-15 00:00:00-05:00,93.8724919756679,93.91142391699161,91.20571711181717,91.468505859375,2304200,0.0,0.0,0.05280829015544042,6.083607,0.0016,0.098500006,0.34451,0.06216,0.356,142027210752,0.181,29.523,12943287296,0.315,0.227,0.45,0.2202793529903911,-0.018757948025446166,1.0263519566298853,1.3765822818332791,-0.2290778130332124,0.013989854859610228,0.2309555732143903,0.18470131281221994,0.0025201104082715037,0.0006057380456292723,-0.031199179203312527,2.2997835971460456,231,0.06722926930796083,0.14092028878398402
2021-11-16 00:00:00-05:00,91.58528435592666,92.53909825146259,91.32250306228846,91.37116241455078,2256200,0.0,0.0,0.05280829015544042,6.083607,0.0016,0.098500006,0.34451,0.06216,0.356,142027210752,0.181,29.523,12943287296,0.315,0.227,0.45,0.2202793529903911,-0.018757948025446166,1.0263519566298853,1.3765822818332791,-0.2290778130332124,0.013989854859610228,0.2309555732143903,0.18470131281221994,0.0025201104082715037,0.0006057380456292723,-0.031199179203312527,2.2997835971460456,231,0.06722926930796083,0.14092028878398402
2021-11-17 00:00:00-05:00,91.11811882917569,91.62421917657636,88.27614673443843,88.30535125732422,4601700,0.0,0.0,0.05280829015544042,6.083607,0.0016,0.098500006,0.34451,0.06216,0.356,142027210752,0.181,29.523,12943287296,0.315,0.227,0.45,0.2202793529903911,-0.018757948025446166,1.0263519566298853,1.3765822818332791,-0.2290778130332124,0.013989854859610228,0.2309555732143903,0.18470131281221994,0.0025201104082715037,0.0006057380456292723,-0.031199179203312527,2.2997835971460456,231,0.06722926930796083,0.14092028878398402
2021-11-18 00:00:00-05:00,88.09122143163252,89.32727880497568,87.45859048482386,88.29560852050781,2663500,0.0,0.0,0.05280829015544042,6.083607,0.0016,0.098500006,0.34451,0.06216,0.356,142027210752,0.181,29.523,12943287296,0.315,0.227,0.45,0.2202793529903911,-0.018757948025446166,1.0263519566298853,1.3765822818332791,-0.2290778130332124,0.013989854859610228,0.2309555732143903,0.18470131281221994,0.0025201104082715037,0.0006057380456292723,-0.031199179203312527,2.2997835971460456,231,0.06722926930796083,0.14092028878398402
2021-11-19 00:00:00-05:00,87.93550017334117,88.79198795233394,87.26394466768568,87.8868408203125,2581400,0.0,0.0,0.05280829015544042,6.083607,0.0016,0.098500006,0.34451,0.06216,0.356,142027210752,0.181,29.523,12943287296,0.315,0.227,0.45,0.2202793529903911,-0.018757948025446166,1.0263519566298853,1.3765822818332791,-0.2290778130332124,0.013989854859610228,0.2309555732143903,0.18470131281221994,0.0025201104082715037,0.0006057380456292723,-0.031199179203312527,2.2997835971460456,231,0.06722926930796083,0.14092028878398402
2021-11-22 00:00:00-05:00,88.18855259882662,90.35895425635371,88.06202937243296,89.59007263183594,2659900,0.0,0.0,0.05280829015544042,6.083607,0.0016,0.098500006,0.34451,0.06216,0.356,142027210752,0.181,29.523,12943287296,0.315,0.227,0.45,0.2202793529903911,-0.018757948025446166,1.0263519566298853,1.3765822818332791,-0.2290778130332124,0.013989854859610228,0.2309555732143903,0.18470131281221994,0.0025201104082715037,0.0006057380456292723,-0.031199179203312527,2.2997835971460456,231,0.06722926930796083,0.14092028878398402
2021-11-23 00:00:00-05:00,90.40761928016155,92.21791347917595,89.62899540459344,91.99405670166016,3257600,0.0,0.0,0.05280829015544042,6.083607,0.0016,0.098500006,0.34451,0.06216,0.356,142027210752,0.181,29.523,12943287296,0.315,0.227,0.45,0.2202793529903911,-0.018757948025446166,1.0263519566298853,1.3765822818332791,-0.2290778130332124,0.013989854859610228,0.2309555732143903,0.18470131281221994,0.0025201104082715037,0.0006057380456292723,-0.031199179203312527,2.2997835971460456,231,0.06722926930796083,0.14092028878398402
2021-11-24 00:00:00-05:00,91.9064585635778,93.34691039835893,91.46848730715824,93.08412170410156,2449600,0.0,0.0,0.05280829015544042,6.083607,0.0016,0.098500006,0.34451,0.06216,0.356,142027210752,0.181,29.523,12943287296,0.315,0.227,0.45,0.2202793529903911,-0.018757948025446166,1.0263519566298853,1.3765822818332791,-0.2290778130332124,0.013989854859610228,0.2309555732143903,0.18470131281221994,0.0025201104082715037,0.0006057380456292723,-0.031199179203312527,2.2997835971460456,231,0.06722926930796083,0.14092028878398402
2021-11-26 00:00:00-05:00,91.82860299865,93.34691883755171,91.54635202491512,92.06218719482422,1817400,0.0,0.0,0.05280829015544042,6.083607,0.0016,0.098500006,0.34451,0.06216,0.356,142027210752,0.181,29.523,12943287296,0.315,0.227,0.45,0.2202793529903911,-0.018757948025446166,1.0263519566298853,1.3765822818332791,-0.2290778130332124,0.013989854859610228,0.2309555732143903,0.18470131281221994,0.0025201104082715037,0.0006057380456292723,-0.031199179203312527,2.2997835971460456,231,0.06722926930796083,0.14092028878398402
2021-11-29 00:00:00-05:00,92.66562155087871,93.06466833748559,90.90399409173072,92.43203735351562,2134000,0.0,0.0,0.05280829015544042,6.083607,0.0016,0.098500006,0.34451,0.06216,0.356,142027210752,0.181,29.523,12943287296,0.315,0.227,0.45,0.2202793529903911,-0.018757948025446166,1.0263519566298853,1.3765822818332791,-0.2290778130332124,0.013989854859610228,0.2309555732143903,0.18470131281221994,0.0025201104082715037,0.0006057380456292723,-0.031199179203312527,2.2997835971460456,231,0.06722926930796083,0.14092028878398402
2021-11-30 00:00:00-05:00,91.6339467652531,92.13031965791485,89.96964551686567,90.45628356933594,6405100,0.0,0.0,0.05280829015544042,6.083607,0.0016,0.098500006,0.34451,0.06216,0.356,142027210752,0.181,29.523,12943287296,0.315,0.227,0.45,0.2202793529903911,-0.018757948025446166,1.0263519566298853,1.3765822818332791,-0.2290778130332124,0.013989854859610228,0.2309555732143903,0.18470131281221994,0.0025201104082715037,0.0006057380456292723,-0.031199179203312527,2.2997835971460456,231,0.06722926930796083,0.14092028878398402
2021-12-01 00:00:00-05:00,91.44902581755527,92.8116139075106,90.62174257828129,90.64120483398438,2961500,0.0,0.0,0.05280829015544042,6.083607,0.0016,0.098500006,0.34451,0.06216,0.356,142027210752,0.181,29.523,12943287296,0.315,0.227,0.45,0.2202793529903911,-0.018757948025446166,1.0263519566298853,1.3765822818332791,-0.2290778130332124,0.013989854859610228,0.2309555732143903,0.18470131281221994,0.0025201104082715037,0.0006057380456292723,-0.031199179203312527,2.2997835971460456,231,0.06722926930796083,0.14092028878398402
2021-12-02 00:00:00-05:00,91.09864506030863,94.29098960586998,90.86506086625741,93.43450927734375,2787000,0.0,0.0,0.05280829015544042,6.083607,0.0016,0.098500006,0.34451,0.06216,0.356,142027210752,0.181,29.523,12943287296,0.315,0.227,0.45,0.2202793529903911,-0.018757948025446166,1.0263519566298853,1.3765822818332791,-0.2290778130332124,0.013989854859610228,0.2309555732143903,0.18470131281221994,0.0025201104082715037,0.0006057380456292723,-0.031199179203312527,2.2997835971460456,231,0.06722926930796083,0.14092028878398402
2021-12-03 00:00:00-05:00,93.56103141823989,93.73622141812564,91.6534111003214,92.67535400390625,2605700,0.0,0.0,0.05280829015544042,6.083607,0.0016,0.098500006,0.34451,0.06216,0.356,142027210752,0.181,29.523,12943287296,0.315,0.227,0.45,0.2202793529903911,-0.018757948025446166,1.0263519566298853,1.3765822818332791,-0.2290778130332124,0.013989854859610228,0.2309555732143903,0.18470131281221994,0.0025201104082715037,0.0006057380456292723,-0.031199179203312527,2.2997835971460456,231,0.06722926930796083,0.14092028878398402
2021-12-06 00:00:00-05:00,93.85302725040425,94.53431764188679,93.3955862337624,94.20340728759766,2788400,0.0,0.0,0.05280829015544042,6.083607,0.0016,0.098500006,0.34451,0.06216,0.356,142027210752,0.181,29.523,12943287296,0.315,0.227,0.45,0.2202793529903911,-0.018757948025446166,1.0263519566298853,1.3765822818332791,-0.2290778130332124,0.013989854859610228,0.2309555732143903,0.18470131281221994,0.0025201104082715037,0.0006057380456292723,-0.031199179203312527,2.2997835971460456,231,0.06722926930796083,0.14092028878398402
2021-12-07 00:00:00-05:00,94.56350718152696,94.81655361511747,93.72648916147915,94.22285461425781,2876800,0.0,0.0,0.05280829015544042,6.083607,0.0016,0.098500006,0.34451,0.06216,0.356,142027210752,0.181,29.523,12943287296,0.315,0.227,0.45,0.2202793529903911,-0.018757948025446166,1.0263519566298853,1.3765822818332791,-0.2290778130332124,0.013989854859610228,0.2309555732143903,0.18470131281221994,0.0025201104082715037,0.0006057380456292723,-0.031199179203312527,2.2997835971460456,231,0.06722926930796083,0.14092028878398402
2021-12-08 00:00:00-05:00,94.34938803266044,94.68029834424947,92.3444342062122,92.5780258178711,2397200,0.0,0.0,0.05280829015544042,6.083607,0.0016,0.098500006,0.34451,0.06216,0.356,142027210752,0.181,29.523,12943287296,0.315,0.227,0.45,0.2202793529903911,-0.018757948025446166,1.0263519566298853,1.3765822818332791,-0.2290778130332124,0.013989854859610228,0.2309555732143903,0.18470131281221994,0.0025201104082715037,0.0006057380456292723,-0.031199179203312527,2.2997835971460456,231,0.06722926930796083,0.14092028878398402
2021-12-09 00:00:00-05:00,91.8383289740746,93.02572694706078,91.59500996077438,92.70454406738281,2584800,0.0,0.0,0.05280829015544042,6.083607,0.0016,0.098500006,0.34451,0.06216,0.356,142027210752,0.181,29.523,12943287296,0.315,0.227,0.45,0.2202793529903911,-0.018757948025446166,1.0263519566298853,1.3765822818332791,-0.2290778130332124,0.013989854859610228,0.2309555732143903,0.18470131281221994,0.0025201104082715037,0.0006057380456292723,-0.031199179203312527,2.2997835971460456,231,0.06722926930796083,0.14092028878398402
2021-12-10 00:00:00-05:00,93.20092052150632,93.34691342020797,92.20817475074092,92.51962280273438,2385800,0.0,0.0,0.05280829015544042,6.083607,0.0016,0.098500006,0.34451,0.06216,0.356,142027210752,0.181,29.523,12943287296,0.315,0.227,0.45,0.2202793529903911,-0.018757948025446166,1.0263519566298853,1.3765822818332791,-0.2290778130332124,0.013989854859610228,0.2309555732143903,0.18470131281221994,0.0025201104082715037,0.0006057380456292723,-0.031199179203312527,2.2997835971460456,231,0.06722926930796083,0.14092028878398402
2021-12-13 00:00:00-05:00,92.17897399261633,94.69002798886416,92.10111012633571,94.10606384277344,3029800,0.0,0.0,0.05280829015544042,6.083607,0.0016,0.098500006,0.34451,0.06216,0.356,142027210752,0.181,29.523,12943287296,0.315,0.227,0.45,0.2202793529903911,-0.018757948025446166,1.0263519566298853,1.3765822818332791,-0.2290778130332124,0.013989854859610228,0.2309555732143903,0.18470131281221994,0.0025201104082715037,0.0006057380456292723,-0.031199179203312527,2.2997835971460456,231,0.06722926930796083,0.14092028878398402
2021-12-14 00:00:00-05:00,94.27151314625601,95.38104718270822,94.11578542334723,94.54402923583984,2939400,0.0,0.0,0.05280829015544042,6.083607,0.0016,0.098500006,0.34451,0.06216,0.356,142027210752,0.181,29.523,12943287296,0.315,0.227,0.45,0.2202793529903911,-0.018757948025446166,1.0263519566298853,1.3765822818332791,-0.2290778130332124,0.013989854859610228,0.2309555732143903,0.18470131281221994,0.0025201104082715037,0.0006057380456292723,-0.031199179203312527,2.2997835971460456,231,0.06722926930796083,0.14092028878398402
2021-12-15 00:00:00-05:00,95.3810760136806,100.41291262942308,95.12802210021614,99.0892562866211,5645000,0.0,0.0,0.05280829015544042,6.083607,0.0016,0.098500006,0.34451,0.06216,0.356,142027210752,0.181,29.523,12943287296,0.315,0.227,0.45,0.2202793529903911,-0.018757948025446166,1.0263519566298853,1.3765822818332791,-0.2290778130332124,0.013989854859610228,0.2309555732143903,0.18470131281221994,0.0025201104082715037,0.0006057380456292723,-0.031199179203312527,2.2997835971460456,231,0.06722926930796083,0.14092028878398402
2021-12-16 00:00:00-05:00,98.47608216808383,100.99686385829803,98.45661991210683,100.26690673828125,4065400,0.0,0.0,0.05280829015544042,6.083607,0.0016,0.098500006,0.34451,0.06216,0.356,142027210752,0.181,29.523,12943287296,0.315,0.227,0.45,0.2202793529903911,-0.018757948025446166,1.0263519566298853,1.3765822818332791,-0.2290778130332124,0.013989854859610228,0.2309555732143903,0.18470131281221994,0.0025201104082715037,0.0006057380456292723,-0.031199179203312527,2.2997835971460456,231,0.06722926930796083,0.14092028878398402
2021-12-17 00:00:00-05:00,100.44468667198511,101.03728673960927,98.49900923872507,99.72370147705078,5842000,1.5,0.0,0.05280829015544042,6.083607,0.0016,0.098500006,0.34451,0.06216,0.356,142027210752,0.181,29.523,12943287296,0.315,0.227,0.45,0.2202793529903911,-0.018757948025446166,1.0263519566298853,1.3765822818332791,-0.2290778130332124,0.013989854859610228,0.2309555732143903,0.18470131281221994,0.0025201104082715037,0.0006057380456292723,-0.031199179203312527,2.2997835971460456,231,0.06722926930796083,0.14092028878398402
2021-12-20 00:00:00-05:00,98.96320017137862,100.41505675308848,98.05455779888766,100.26690673828125,2560800,0.0,0.0,0.05280829015544042,6.083607,0.0016,0.098500006,0.34451,0.06216,0.356,142027210752,0.181,29.523,12943287296,0.315,0.227,0.45,0.2202793529903911,-0.018757948025446166,1.0263519566298853,1.3765822818332791,-0.2290778130332124,0.013989854859610228,0.2309555732143903,0.18470131281221994,0.0025201104082715037,0.0006057380456292723,-0.031199179203312527,2.2997835971460456,231,0.06722926930796083,0.14092028878398402
2021-12-21 00:00:00-05:00,100.77061877198112,101.82741121168804,99.427404965502,99.97061920166016,3429400,0.0,0.0,0.05280829015544042,6.083607,0.0016,0.098500006,0.34451,0.06216,0.356,142027210752,0.181,29.523,12943287296,0.315,0.227,0.45,0.2202793529903911,-0.018757948025446166,1.0263519566298853,1.3765822818332791,-0.2290778130332124,0.013989854859610228,0.2309555732143903,0.18470131281221994,0.0025201104082715037,0.0006057380456292723,-0.031199179203312527,2.2997835971460456,231,0.06722926930796083,0.14092028878398402
2021-12-22 00:00:00-05:00,100.09901135522716,100.09901135522716,98.85456172482732,99.91136169433594,1629700,0.0,0.0,0.05280829015544042,6.083607,0.0016,0.098500006,0.34451,0.06216,0.356,142027210752,0.181,29.523,12943287296,0.315,0.227,0.45,0.2202793529903911,-0.018757948025446166,1.0263519566298853,1.3765822818332791,-0.2290778130332124,0.013989854859610228,0.2309555732143903,0.18470131281221994,0.0025201104082715037,0.0006057380456292723,-0.031199179203312527,2.2997835971460456,231,0.06722926930796083,0.14092028878398402
2021-12-23 00:00:00-05:00,100.24715832368827,100.94839369936122,99.82246562741052,100.000244140625,2133300,0.0,0.0,0.05280829015544042,6.083607,0.0016,0.098500006,0.34451,0.06216,0.356,142027210752,0.181,29.523,12943287296,0.315,0.227,0.45,0.2202793529903911,-0.018757948025446166,1.0263519566298853,1.3765822818332791,-0.2290778130332124,0.013989854859610228,0.2309555732143903,0.18470131281221994,0.0025201104082715037,0.0006057380456292723,-0.031199179203312527,2.2997835971460456,231,0.06722926930796083,0.14092028878398402
2021-12-27 00:00:00-05:00,100.20765087342883,102.06444281225652,100.1286365266133,102.04469299316406,1306100,0.0,0.0,0.05280829015544042,6.083607,0.0016,0.098500006,0.34451,0.06216,0.356,142027210752,0.181,29.523,12943287296,0.315,0.227,0.45,0.2202793529903911,-0.018757948025446166,1.0263519566298853,1.3765822818332791,-0.2290778130332124,0.013989854859610228,0.2309555732143903,0.18470131281221994,0.0025201104082715037,0.0006057380456292723,-0.031199179203312527,2.2997835971460456,231,0.06722926930796083,0.14092028878398402
2021-12-28 00:00:00-05:00,102.024947244211,102.78543964078632,101.98544006922715,102.07432556152344,1833600,0.0,0.0,0.05280829015544042,6.083607,0.0016,0.098500006,0.34451,0.06216,0.356,142027210752,0.181,29.523,12943287296,0.315,0.227,0.45,0.2202793529903911,-0.018757948025446166,1.0263519566298853,1.3765822818332791,-0.2290778130332124,0.013989854859610228,0.2309555732143903,0.18470131281221994,0.0025201104082715037,0.0006057380456292723,-0.031199179203312527,2.2997835971460456,231,0.06722926930796083,0.14092028878398402
2021-12-29 00:00:00-05:00,102.14345419642375,103.29901072799842,102.14345419642375,102.6866683959961,1785500,0.0,0.0,0.05280829015544042,6.083607,0.0016,0.098500006,0.34451,0.06216,0.356,142027210752,0.181,29.523,12943287296,0.315,0.227,0.45,0.2202793529903911,-0.018757948025446166,1.0263519566298853,1.3765822818332791,-0.2290778130332124,0.013989854859610228,0.2309555732143903,0.18470131281221994,0.0025201104082715037,0.0006057380456292723,-0.031199179203312527,2.2997835971460456,231,0.06722926930796083,0.14092028878398402
2021-12-30 00:00:00-05:00,102.94347337058842,103.3681661033865,101.68914499303956,101.77803802490234,1165200,0.0,0.0,0.05280829015544042,6.083607,0.0016,0.098500006,0.34451,0.06216,0.356,142027210752,0.181,29.523,12943287296,0.315,0.227,0.45,0.2202793529903911,-0.018757948025446166,1.0263519566298853,1.3765822818332791,-0.2290778130332124,0.013989854859610228,0.2309555732143903,0.18470131281221994,0.0025201104082715037,0.0006057380456292723,-0.031199179203312527,2.2997835971460456,231,0.06722926930796083,0.14092028878398402
2021-12-31 00:00:00-05:00,101.95581547363884,102.41013670050515,101.36321536142555,101.38297271728516,1347600,0.0,0.0,0.05280829015544042,6.083607,0.0016,0.098500006,0.34451,0.06216,0.356,142027210752,0.181,29.523,12943287296,0.315,0.227,0.45,0.2202793529903911,-0.018757948025446166,1.0263519566298853,1.3765822818332791,-0.2290778130332124,0.013989854859610228,0.2309555732143903,0.18470131281221994,0.0025201104082715037,0.0006057380456292723,-0.031199179203312527,2.2997835971460456,231,0.06722926930796083,0.14092028878398402
2022-01-03 00:00:00-05:00,101.2348180658677,101.56074660565525,100.06938278574927,100.7409896850586,2088700,0.0,0.0,0.05280829015544042,6.083607,0.0016,0.098500006,0.34451,0.06216,0.356,142027210752,0.181,29.523,12943287296,0.315,0.227,0.45,0.2202793529903911,-0.018757948025446166,1.0263519566298853,1.3765822818332791,-0.2290778130332124,0.013989854859610228,0.2309555732143903,0.18470131281221994,0.0025201104082715037,0.0006057380456292723,-0.031199179203312527,2.2997835971460456,231,0.06722926930796083,0.14092028878398402
2022-01-04 00:00:00-05:00,100.97803178269079,101.35334619912248,100.22741802027457,100.8990249633789,2773000,0.0,0.0,0.05280829015544042,6.083607,0.0016,0.098500006,0.34451,0.06216,0.356,142027210752,0.181,29.523,12943287296,0.315,0.227,0.45,0.2202793529903911,-0.018757948025446166,1.0263519566298853,1.3765822818332791,-0.2290778130332124,0.013989854859610228,0.2309555732143903,0.18470131281221994,0.0025201104082715037,0.0006057380456292723,-0.031199179203312527,2.2997835971460456,231,0.06722926930796083,0.14092028878398402
2022-01-05 00:00:00-05:00,101.13604545425551,102.76568048193379,100.96814562724967,101.6199951171875,2731700,0.0,0.0,0.05280829015544042,6.083607,0.0016,0.098500006,0.34451,0.06216,0.356,142027210752,0.181,29.523,12943287296,0.315,0.227,0.45,0.2202793529903911,-0.018757948025446166,1.0263519566298853,1.3765822818332791,-0.2290778130332124,0.013989854859610228,0.2309555732143903,0.18470131281221994,0.0025201104082715037,0.0006057380456292723,-0.031199179203312527,2.2997835971460456,231,0.06722926930796083,0.14092028878398402
2022-01-06 00:00:00-05:00,103.27099314737278,104.21018438887143,102.84588727949634,104.052001953125,3669700,0.1,0.0,0.05280829015544042,6.083607,0.0016,0.098500006,0.34451,0.06216,0.356,142027210752,0.181,29.523,12943287296,0.315,0.227,0.45,0.2202793529903911,-0.018757948025446166,1.0263519566298853,1.3765822818332791,-0.2290778130332124,0.013989854859610228,0.2309555732143903,0.18470131281221994,0.0025201104082715037,0.0006057380456292723,-0.031199179203312527,2.2997835971460456,231,0.06722926930796083,0.14092028878398402
2022-01-07 00:00:00-05:00,104.36836093747978,108.04601965882621,103.94325506286063,107.93727111816406,4861000,0.0,0.0,0.05280829015544042,6.083607,0.0016,0.098500006,0.34451,0.06216,0.356,142027210752,0.181,29.523,12943287296,0.315,0.227,0.45,0.2202793529903911,-0.018757948025446166,1.0263519566298853,1.3765822818332791,-0.2290778130332124,0.013989854859610228,0.2309555732143903,0.18470131281221994,0.0025201104082715037,0.0006057380456292723,-0.031199179203312527,2.2997835971460456,231,0.06722926930796083,0.14092028878398402
2022-01-10 00:00:00-05:00,108.43157511415775,109.42019268174032,107.38364290613734,108.74793243408203,5015000,0.0,0.0,0.05280829015544042,6.083607,0.0016,0.098500006,0.34451,0.06216,0.356,142027210752,0.181,29.523,12943287296,0.315,0.227,0.45,0.2202793529903911,-0.018757948025446166,1.0263519566298853,1.3765822818332791,-0.2290778130332124,0.013989854859610228,0.2309555732143903,0.18470131281221994,0.0025201104082715037,0.0006057380456292723,-0.031199179203312527,2.2997835971460456,231,0.06722926930796083,0.14092028878398402
2022-01-11 00:00:00-05:00,109.11372152827728,109.64757590950036,106.25661741690898,107.68022155761719,4137600,0.0,0.0,0.05280829015544042,6.083607,0.0016,0.098500006,0.34451,0.06216,0.356,142027210752,0.181,29.523,12943287296,0.315,0.227,0.45,0.2202793529903911,-0.018757948025446166,1.0263519566298853,1.3765822818332791,-0.2290778130332124,0.013989854859610228,0.2309555732143903,0.18470131281221994,0.0025201104082715037,0.0006057380456292723,-0.031199179203312527,2.2997835971460456,231,0.06722926930796083,0.14092028878398402
2022-01-12 00:00:00-05:00,107.0969520102337,109.19281660443399,107.0969520102337,108.59964752197266,3486900,0.0,0.0,0.05280829015544042,6.083607,0.0016,0.098500006,0.34451,0.06216,0.356,142027210752,0.181,29.523,12943287296,0.315,0.227,0.45,0.2202793529903911,-0.018757948025446166,1.0263519566298853,1.3765822818332791,-0.2290778130332124,0.013989854859610228,0.2309555732143903,0.18470131281221994,0.0025201104082715037,0.0006057380456292723,-0.031199179203312527,2.2997835971460456,231,0.06722926930796083,0.14092028878398402
2022-01-13 00:00:00-05:00,108.75782827847542,109.57837518424225,107.71977674336557,108.01636505126953,2662600,0.0,0.0,0.05280829015544042,6.083607,0.0016,0.098500006,0.34451,0.06216,0.356,142027210752,0.181,29.523,12943287296,0.315,0.227,0.45,0.2202793529903911,-0.018757948025446166,1.0263519566298853,1.3765822818332791,-0.2290778130332124,0.013989854859610228,0.2309555732143903,0.18470131281221994,0.0025201104082715037,0.0006057380456292723,-0.031199179203312527,2.2997835971460456,231,0.06722926930796083,0.14092028878398402
2022-01-14 00:00:00-05:00,107.77909163279291,108.68862559257292,107.30455939013326,108.50078582763672,2993600,0.0,0.0,0.05280829015544042,6.083607,0.0016,0.098500006,0.34451,0.06216,0.356,142027210752,0.181,29.523,12943287296,0.315,0.227,0.45,0.2202793529903911,-0.018757948025446166,1.0263519566298853,1.3765822818332791,-0.2290778130332124,0.013989854859610228,0.2309555732143903,0.18470131281221994,0.0025201104082715037,0.0006057380456292723,-0.031199179203312527,2.2997835971460456,231,0.06722926930796083,0.14092028878398402
2022-01-18 00:00:00-05:00,108.29316206795465,108.72815618242657,106.79045924117146,108.6194076538086,3228400,0.0,0.0,0.05280829015544042,6.083607,0.0016,0.098500006,0.34451,0.06216,0.356,142027210752,0.181,29.523,12943287296,0.315,0.227,0.45,0.2202793529903911,-0.018757948025446166,1.0263519566298853,1.3765822818332791,-0.2290778130332124,0.013989854859610228,0.2309555732143903,0.18470131281221994,0.0025201104082715037,0.0006057380456292723,-0.031199179203312527,2.2997835971460456,231,0.06722926930796083,0.14092028878398402
2022-01-19 00:00:00-05:00,108.32281997497915,108.59963167021932,106.2862703235239,106.40489959716797,2578400,0.0,0.0,0.05280829015544042,6.083607,0.0016,0.098500006,0.34451,0.06216,0.356,142027210752,0.181,29.523,12943287296,0.315,0.227,0.45,0.2202793529903911,-0.018757948025446166,1.0263519566298853,1.3765822818332791,-0.2290778130332124,0.013989854859610228,0.2309555732143903,0.18470131281221994,0.0025201104082715037,0.0006057380456292723,-0.031199179203312527,2.2997835971460456,231,0.06722926930796083,0.14092028878398402
2022-01-20 00:00:00-05:00,106.62238679243895,107.66043809611723,105.68320326438891,105.95012664794922,2507000,0.0,0.0,0.05280829015544042,6.083607,0.0016,0.098500006,0.34451,0.06216,0.356,142027210752,0.181,29.523,12943287296,0.315,0.227,0.45,0.2202793529903911,-0.018757948025446166,1.0263519566298853,1.3765822818332791,-0.2290778130332124,0.013989854859610228,0.2309555732143903,0.18470131281221994,0.0025201104082715037,0.0006057380456292723,-0.031199179203312527,2.2997835971460456,231,0.06722926930796083,0.14092028878398402
2022-01-21 00:00:00-05:00,106.65206045256622,107.52204873908612,106.3455914202986,106.79046630859375,4086800,0.0,0.0,0.05280829015544042,6.083607,0.0016,0.098500006,0.34451,0.06216,0.356,142027210752,0.181,29.523,12943287296,0.315,0.227,0.45,0.2202793529903911,-0.018757948025446166,1.0263519566298853,1.3765822818332791,-0.2290778130332124,0.013989854859610228,0.2309555732143903,0.18470131281221994,0.0025201104082715037,0.0006057380456292723,-0.031199179203312527,2.2997835971460456,231,0.06722926930796083,0.14092028878398402
2022-01-24 00:00:00-05:00,107.14636900131748,109.8650673056241,105.64367362093334,108.6292953491211,5949500,0.0,0.0,0.05280829015544042,6.083607,0.0016,0.098500006,0.34451,0.06216,0.356,142027210752,0.181,29.523,12943287296,0.315,0.227,0.45,0.2202793529903911,-0.018757948025446166,1.0263519566298853,1.3765822818332791,-0.2290778130332124,0.013989854859610228,0.2309555732143903,0.18470131281221994,0.0025201104082715037,0.0006057380456292723,-0.031199179203312527,2.2997835971460456,231,0.06722926930796083,0.14092028878398402
2022-01-25 00:00:00-05:00,108.40192285943708,109.16315510332363,106.47411398703468,108.055908203125,3371300,0.0,0.0,0.05280829015544042,6.083607,0.0016,0.098500006,0.34451,0.06216,0.356,142027210752,0.181,29.523,12943287296,0.315,0.227,0.45,0.2202793529903911,-0.018757948025446166,1.0263519566298853,1.3765822818332791,-0.2290778130332124,0.013989854859610228,0.2309555732143903,0.18470131281221994,0.0025201104082715037,0.0006057380456292723,-0.031199179203312527,2.2997835971460456,231,0.06722926930796083,0.14092028878398402
2022-01-26 00:00:00-05:00,110.57686668485255,110.57686668485255,104.08164996348452,106.40489959716797,4566700,0.0,0.0,0.05280829015544042,6.083607,0.0016,0.098500006,0.34451,0.06216,0.356,142027210752,0.181,29.523,12943287296,0.315,0.227,0.45,0.2202793529903911,-0.018757948025446166,1.0263519566298853,1.3765822818332791,-0.2290778130332124,0.013989854859610228,0.2309555732143903,0.18470131281221994,0.0025201104082715037,0.0006057380456292723,-0.031199179203312527,2.2997835971460456,231,0.06722926930796083,0.14092028878398402
2022-01-27 00:00:00-05:00,106.92887261725643,108.78747080535861,105.74252708954089,106.41478729248047,3107700,0.0,0.0,0.05280829015544042,6.083607,0.0016,0.098500006,0.34451,0.06216,0.356,142027210752,0.181,29.523,12943287296,0.315,0.227,0.45,0.2202793529903911,-0.018757948025446166,1.0263519566298853,1.3765822818332791,-0.2290778130332124,0.013989854859610228,0.2309555732143903,0.18470131281221994,0.0025201104082715037,0.0006057380456292723,-0.031199179203312527,2.2997835971460456,231,0.06722926930796083,0.14092028878398402
2022-01-28 00:00:00-05:00,106.72126602874565,107.49239408617389,105.63378818616472,107.48250579833984,3020700,0.0,0.0,0.05280829015544042,6.083607,0.0016,0.098500006,0.34451,0.06216,0.356,142027210752,0.181,29.523,12943287296,0.315,0.227,0.45,0.2202793529903911,-0.018757948025446166,1.0263519566298853,1.3765822818332791,-0.2290778130332124,0.013989854859610228,0.2309555732143903,0.18470131281221994,0.0025201104082715037,0.0006057380456292723,-0.031199179203312527,2.2997835971460456,231,0.06722926930796083,0.14092028878398402
2022-01-31 00:00:00-05:00,106.6322977672581,107.55171246134282,105.69311403937273,107.4231948852539,2589100,0.0,0.0,0.05280829015544042,6.083607,0.0016,0.098500006,0.34451,0.06216,0.356,142027210752,0.181,29.523,12943287296,0.315,0.227,0.45,0.2202793529903911,-0.018757948025446166,1.0263519566298853,1.3765822818332791,-0.2290778130332124,0.013989854859610228,0.2309555732143903,0.18470131281221994,0.0025201104082715037,0.0006057380456292723,-0.031199179203312527,2.2997835971460456,231,0.06722926930796083,0.14092028878398402
2022-02-01 00:00:00-05:00,107.01785438908628,107.01785438908628,105.42617946174269,106.86956024169922,2646300,0.0,0.0,0.05280829015544042,6.083607,0.0016,0.098500006,0.34451,0.06216,0.356,142027210752,0.181,29.523,12943287296,0.315,0.227,0.45,0.2202793529903911,-0.018757948025446166,1.0263519566298853,1.3765822818332791,-0.2290778130332124,0.013989854859610228,0.2309555732143903,0.18470131281221994,0.0025201104082715037,0.0006057380456292723,-0.031199179203312527,2.2997835971460456,231,0.06722926930796083,0.14092028878398402
2022-02-02 00:00:00-05:00,106.56309758551856,108.53044460055415,106.48400636316686,108.2338638305664,2330800,0.0,0.0,0.05280829015544042,6.083607,0.0016,0.098500006,0.34451,0.06216,0.356,142027210752,0.181,29.523,12943287296,0.315,0.227,0.45,0.2202793529903911,-0.018757948025446166,1.0263519566298853,1.3765822818332791,-0.2290778130332124,0.013989854859610228,0.2309555732143903,0.18470131281221994,0.0025201104082715037,0.0006057380456292723,-0.031199179203312527,2.2997835971460456,231,0.06722926930796083,0.14092028878398402
2022-02-03 00:00:00-05:00,108.45133972167969,109.25212504768372,107.52204437500617,108.45133972167969,1974900,0.0,0.0,0.05280829015544042,6.083607,0.0016,0.098500006,0.34451,0.06216,0.356,142027210752,0.181,29.523,12943287296,0.315,0.227,0.45,0.2202793529903911,-0.018757948025446166,1.0263519566298853,1.3765822818332791,-0.2290778130332124,0.013989854859610228,0.2309555732143903,0.18470131281221994,0.0025201104082715037,0.0006057380456292723,-0.031199179203312527,2.2997835971460456,231,0.06722926930796083,0.14092028878398402
2022-02-04 00:00:00-05:00,108.24373165306295,108.89622284573149,107.25511411936145,107.8285140991211,1895500,0.0,0.0,0.05280829015544042,6.083607,0.0016,0.098500006,0.34451,0.06216,0.356,142027210752,0.181,29.523,12943287296,0.315,0.227,0.45,0.2202793529903911,-0.018757948025446166,1.0263519566298853,1.3765822818332791,-0.2290778130332124,0.013989854859610228,0.2309555732143903,0.18470131281221994,0.0025201104082715037,0.0006057380456292723,-0.031199179203312527,2.2997835971460456,231,0.06722926930796083,0.14092028878398402
2022-02-07 00:00:00-05:00,108.08557019416945,108.49089951120183,106.89922448085001,107.85818481445312,2229200,0.0,0.0,0.05280829015544042,6.083607,0.0016,0.098500006,0.34451,0.06216,0.356,142027210752,0.181,29.523,12943287296,0.315,0.227,0.45,0.2202793529903911,-0.018757948025446166,1.0263519566298853,1.3765822818332791,-0.2290778130332124,0.013989854859610228,0.2309555732143903,0.18470131281221994,0.0025201104082715037,0.0006057380456292723,-0.031199179203312527,2.2997835971460456,231,0.06722926930796083,0.14092028878398402
2022-02-08 00:00:00-05:00,108.27339620962327,108.45134767928654,107.24524054329514,107.95703887939453,2552100,0.0,0.0,0.05280829015544042,6.083607,0.0016,0.098500006,0.34451,0.06216,0.356,142027210752,0.181,29.523,12943287296,0.315,0.227,0.45,0.2202793529903911,-0.018757948025446166,1.0263519566298853,1.3765822818332791,-0.2290778130332124,0.013989854859610228,0.2309555732143903,0.18470131281221994,0.0025201104082715037,0.0006057380456292723,-0.031199179203312527,2.2997835971460456,231,0.06722926930796083,0.14092028878398402
2022-02-09 00:00:00-05:00,107.75931248059317,108.42168442599504,106.98819200176075,107.19580078125,1735600,0.0,0.0,0.05280829015544042,6.083607,0.0016,0.098500006,0.34451,0.06216,0.356,142027210752,0.181,29.523,12943287296,0.315,0.227,0.45,0.2202793529903911,-0.018757948025446166,1.0263519566298853,1.3765822818332791,-0.2290778130332124,0.013989854859610228,0.2309555732143903,0.18470131281221994,0.0025201104082715037,0.0006057380456292723,-0.031199179203312527,2.2997835971460456,231,0.06722926930796083,0.14092028878398402
2022-02-10 00:00:00-05:00,106.59273972390875,107.13648237192686,104.8626590798277,105.29765319824219,3173200,0.0,0.0,0.05280829015544042,6.083607,0.0016,0.098500006,0.34451,0.06216,0.356,142027210752,0.181,29.523,12943287296,0.315,0.227,0.45,0.2202793529903911,-0.018757948025446166,1.0263519566298853,1.3765822818332791,-0.2290778130332124,0.013989854859610228,0.2309555732143903,0.18470131281221994,0.0025201104082715037,0.0006057380456292723,-0.031199179203312527,2.2997835971460456,231,0.06722926930796083,0.14092028878398402
2022-02-11 00:00:00-05:00,105.09004057203428,106.28626681125124,104.31891260606504,104.99117279052734,2925800,0.0,0.0,0.05280829015544042,6.083607,0.0016,0.098500006,0.34451,0.06216,0.356,142027210752,0.181,29.523,12943287296,0.315,0.227,0.45,0.2202793529903911,-0.018757948025446166,1.0263519566298853,1.3765822818332791,-0.2290778130332124,0.013989854859610228,0.2309555732143903,0.18470131281221994,0.0025201104082715037,0.0006057380456292723,-0.031199179203312527,2.2997835971460456,231,0.06722926930796083,0.14092028878398402
2022-02-14 00:00:00-05:00,104.16073714563271,105.31741777424321,102.9249653092832,105.00106048583984,3541000,0.0,0.0,0.05280829015544042,6.083607,0.0016,0.098500006,0.34451,0.06216,0.356,142027210752,0.181,29.523,12943287296,0.315,0.227,0.45,0.2202793529903911,-0.018757948025446166,1.0263519566298853,1.3765822818332791,-0.2290778130332124,0.013989854859610228,0.2309555732143903,0.18470131281221994,0.0025201104082715037,0.0006057380456292723,-0.031199179203312527,2.2997835971460456,231,0.06722926930796083,0.14092028878398402
2022-02-15 00:00:00-05:00,105.49538052784074,106.39502614155647,104.28926587947846,104.57596588134766,2224300,0.0,0.0,0.05280829015544042,6.083607,0.0016,0.098500006,0.34451,0.06216,0.356,142027210752,0.181,29.523,12943287296,0.315,0.227,0.45,0.2202793529903911,-0.018757948025446166,1.0263519566298853,1.3765822818332791,-0.2290778130332124,0.013989854859610228,0.2309555732143903,0.18470131281221994,0.0025201104082715037,0.0006057380456292723,-0.031199179203312527,2.2997835971460456,231,0.06722926930796083,0.14092028878398402
2022-02-16 00:00:00-05:00,104.47708723666625,106.76079101930019,104.16072997005656,104.8725357055664,2490400,0.0,0.0,0.05280829015544042,6.083607,0.0016,0.098500006,0.34451,0.06216,0.356,142027210752,0.181,29.523,12943287296,0.315,0.227,0.45,0.2202793529903911,-0.018757948025446166,1.0263519566298853,1.3765822818332791,-0.2290778130332124,0.013989854859610228,0.2309555732143903,0.18470131281221994,0.0025201104082715037,0.0006057380456292723,-0.031199179203312527,2.2997835971460456,231,0.06722926930796083,0.14092028878398402
2022-02-17 00:00:00-05:00,104.63527631990814,104.78357045871971,103.22156048522373,104.0322265625,2347500,0.0,0.0,0.05280829015544042,6.083607,0.0016,0.098500006,0.34451,0.06216,0.356,142027210752,0.181,29.523,12943287296,0.315,0.227,0.45,0.2202793529903911,-0.018757948025446166,1.0263519566298853,1.3765822818332791,-0.2290778130332124,0.013989854859610228,0.2309555732143903,0.18470131281221994,0.0025201104082715037,0.0006057380456292723,-0.031199179203312527,2.2997835971460456,231,0.06722926930796083,0.14092028878398402
2022-02-18 00:00:00-05:00,103.94325059689352,105.67333134257092,103.79495645303905,105.19879913330078,5612000,0.0,0.0,0.05280829015544042,6.083607,0.0016,0.098500006,0.34451,0.06216,0.356,142027210752,0.181,29.523,12943287296,0.315,0.227,0.45,0.2202793529903911,-0.018757948025446166,1.0263519566298853,1.3765822818332791,-0.2290778130332124,0.013989854859610228,0.2309555732143903,0.18470131281221994,0.0025201104082715037,0.0006057380456292723,-0.031199179203312527,2.2997835971460456,231,0.06722926930796083,0.14092028878398402
2022-02-22 00:00:00-05:00,105.60412295053823,106.46422290635022,104.24971423582228,105.04061126708984,1991700,0.0,0.0,0.05280829015544042,6.083607,0.0016,0.098500006,0.34451,0.06216,0.356,142027210752,0.181,29.523,12943287296,0.315,0.227,0.45,0.2202793529903911,-0.018757948025446166,1.0263519566298853,1.3765822818332791,-0.2290778130332124,0.013989854859610228,0.2309555732143903,0.18470131281221994,0.0025201104082715037,0.0006057380456292723,-0.031199179203312527,2.2997835971460456,231,0.06722926930796083,0.14092028878398402
2022-02-23 00:00:00-05:00,105.43606108021007,105.54480961191143,103.33030091413197,103.42916870117188,1964900,0.0,0.0,0.05280829015544042,6.083607,0.0016,0.098500006,0.34451,0.06216,0.356,142027210752,0.181,29.523,12943287296,0.315,0.227,0.45,0.2202793529903911,-0.018757948025446166,1.0263519566298853,1.3765822818332791,-0.2290778130332124,0.013989854859610228,0.2309555732143903,0.18470131281221994,0.0025201104082715037,0.0006057380456292723,-0.031199179203312527,2.2997835971460456,231,0.06722926930796083,0.14092028878398402
2022-02-24 00:00:00-05:00,102.25271944675906,102.73713996252532,99.66253859975596,101.70897674560547,3184800,0.0,0.0,0.05280829015544042,6.083607,0.0016,0.098500006,0.34451,0.06216,0.356,142027210752,0.181,29.523,12943287296,0.315,0.227,0.45,0.2202793529903911,-0.018757948025446166,1.0263519566298853,1.3765822818332791,-0.2290778130332124,0.013989854859610228,0.2309555732143903,0.18470131281221994,0.0025201104082715037,0.0006057380456292723,-0.031199179203312527,2.2997835971460456,231,0.06722926930796083,0.14092028878398402
2022-02-25 00:00:00-05:00,101.47170874312354,106.08855107406698,101.47170874312354,106.01934814453125,2206200,0.0,0.0,0.05280829015544042,6.083607,0.0016,0.098500006,0.34451,0.06216,0.356,142027210752,0.181,29.523,12943287296,0.315,0.227,0.45,0.2202793529903911,-0.018757948025446166,1.0263519566298853,1.3765822818332791,-0.2290778130332124,0.013989854859610228,0.2309555732143903,0.18470131281221994,0.0025201104082715037,0.0006057380456292723,-0.031199179203312527,2.2997835971460456,231,0.06722926930796083,0.14092028878398402
2022-02-28 00:00:00-05:00,102.54930280807335,105.505267200286,102.54930280807335,104.72425842285156,2841900,0.0,0.0,0.05280829015544042,6.083607,0.0016,0.098500006,0.34451,0.06216,0.356,142027210752,0.181,29.523,12943287296,0.315,0.227,0.45,0.2202793529903911,-0.018757948025446166,1.0263519566298853,1.3765822818332791,-0.2290778130332124,0.013989854859610228,0.2309555732143903,0.18470131281221994,0.0025201104082715037,0.0006057380456292723,-0.031199179203312527,2.2997835971460456,231,0.06722926930796083,0.14092028878398402
2022-03-01 00:00:00-05:00,104.03223485385558,104.66494952349589,102.01545401591943,102.06488037109375,3738900,0.0,0.0,0.05280829015544042,6.083607,0.0016,0.098500006,0.34451,0.06216,0.356,142027210752,0.181,29.523,12943287296,0.315,0.227,0.45,0.2202793529903911,-0.018757948025446166,1.0263519566298853,1.3765822818332791,-0.2290778130332124,0.013989854859610228,0.2309555732143903,0.18470131281221994,0.0025201104082715037,0.0006057380456292723,-0.031199179203312527,2.2997835971460456,231,0.06722926930796083,0.14092028878398402
2022-03-02 00:00:00-05:00,102.08463752036288,104.1211870042999,102.07474923418825,103.72573852539062,2181600,0.0,0.0,0.05280829015544042,6.083607,0.0016,0.098500006,0.34451,0.06216,0.356,142027210752,0.181,29.523,12943287296,0.315,0.227,0.45,0.2202793529903911,-0.018757948025446166,1.0263519566298853,1.3765822818332791,-0.2290778130332124,0.013989854859610228,0.2309555732143903,0.18470131281221994,0.0025201104082715037,0.0006057380456292723,-0.031199179203312527,2.2997835971460456,231,0.06722926930796083,0.14092028878398402
2022-03-03 00:00:00-05:00,104.14096915349819,105.06038377720289,103.59723402623298,103.8839340209961,1797500,0.0,0.0,0.05280829015544042,6.083607,0.0016,0.098500006,0.34451,0.06216,0.356,142027210752,0.181,29.523,12943287296,0.315,0.227,0.45,0.2202793529903911,-0.018757948025446166,1.0263519566298853,1.3765822818332791,-0.2290778130332124,0.013989854859610228,0.2309555732143903,0.18470131281221994,0.0025201104082715037,0.0006057380456292723,-0.031199179203312527,2.2997835971460456,231,0.06722926930796083,0.14092028878398402
2022-03-04 00:00:00-05:00,102.83598653665211,106.02922430291294,102.16372635125786,105.96990966796875,2018300,0.0,0.0,0.05280829015544042,6.083607,0.0016,0.098500006,0.34451,0.06216,0.356,142027210752,0.181,29.523,12943287296,0.315,0.227,0.45,0.2202793529903911,-0.018757948025446166,1.0263519566298853,1.3765822818332791,-0.2290778130332124,0.013989854859610228,0.2309555732143903,0.18470131281221994,0.0025201104082715037,0.0006057380456292723,-0.031199179203312527,2.2997835971460456,231,0.06722926930796083,0.14092028878398402
2022-03-07 00:00:00-05:00,104.9516455052873,107.44295847848021,104.02234257008229,105.30754089355469,3138400,0.0,0.0,0.05280829015544042,6.083607,0.0016,0.098500006,0.34451,0.06216,0.356,142027210752,0.181,29.523,12943287296,0.315,0.227,0.45,0.2202793529903911,-0.018757948025446166,1.0263519566298853,1.3765822818332791,-0.2290778130332124,0.013989854859610228,0.2309555732143903,0.18470131281221994,0.0025201104082715037,0.0006057380456292723,-0.031199179203312527,2.2997835971460456,231,0.06722926930796083,0.14092028878398402
2022-03-08 00:00:00-05:00,105.21856358806522,107.57147058449601,102.56906831682957,102.5789566040039,3411000,0.0,0.0,0.05280829015544042,6.083607,0.0016,0.098500006,0.34451,0.06216,0.356,142027210752,0.181,29.523,12943287296,0.315,0.227,0.45,0.2202793529903911,-0.018757948025446166,1.0263519566298853,1.3765822818332791,-0.2290778130332124,0.013989854859610228,0.2309555732143903,0.18470131281221994,0.0025201104082715037,0.0006057380456292723,-0.031199179203312527,2.2997835971460456,231,0.06722926930796083,0.14092028878398402
2022-03-09 00:00:00-05:00,103.24133043865379,104.40789944246838,101.13557778490559,102.91508483886719,2447800,0.0,0.0,0.05280829015544042,6.083607,0.0016,0.098500006,0.34451,0.06216,0.356,142027210752,0.181,29.523,12943287296,0.315,0.227,0.45,0.2202793529903911,-0.018757948025446166,1.0263519566298853,1.3765822818332791,-0.2290778130332124,0.013989854859610228,0.2309555732143903,0.18470131281221994,0.0025201104082715037,0.0006057380456292723,-0.031199179203312527,2.2997835971460456,231,0.06722926930796083,0.14092028878398402
2022-03-10 00:00:00-05:00,102.65805272149106,104.0124616115835,102.29226901977236,103.47860717773438,1943700,0.0,0.0,0.05280829015544042,6.083607,0.0016,0.098500006,0.34451,0.06216,0.356,142027210752,0.181,29.523,12943287296,0.315,0.227,0.45,0.2202793529903911,-0.018757948025446166,1.0263519566298853,1.3765822818332791,-0.2290778130332124,0.013989854859610228,0.2309555732143903,0.18470131281221994,0.0025201104082715037,0.0006057380456292723,-0.031199179203312527,2.2997835971460456,231,0.06722926930796083,0.14092028878398402
2022-03-11 00:00:00-05:00,103.32041689463648,105.53491797967216,103.2907595764858,104.33869171142578,1652600,0.0,0.0,0.05280829015544042,6.083607,0.0016,0.098500006,0.34451,0.06216,0.356,142027210752,0.181,29.523,12943287296,0.315,0.227,0.45,0.2202793529903911,-0.018757948025446166,1.0263519566298853,1.3765822818332791,-0.2290778130332124,0.013989854859610228,0.2309555732143903,0.18470131281221994,0.0025201104082715037,0.0006057380456292723,-0.031199179203312527,2.2997835971460456,231,0.06722926930796083,0.14092028878398402
2022-03-14 00:00:00-04:00,105.6535519016023,106.64216937316853,104.22005204229961,104.50675201416016,2019700,0.0,0.0,0.05280829015544042,6.083607,0.0016,0.098500006,0.34451,0.06216,0.356,142027210752,0.181,29.523,12943287296,0.315,0.227,0.45,0.2202793529903911,-0.018757948025446166,1.0263519566298853,1.3765822818332791,-0.2290778130332124,0.013989854859610228,0.2309555732143903,0.18470131281221994,0.0025201104082715037,0.0006057380456292723,-0.031199179203312527,2.2997835971460456,231,0.06722926930796083,0.14092028878398402
2022-03-15 00:00:00-04:00,105.4261748054164,106.31593210788748,104.23983676382385,106.08854675292969,1776300,0.0,0.0,0.05280829015544042,6.083607,0.0016,0.098500006,0.34451,0.06216,0.356,142027210752,0.181,29.523,12943287296,0.315,0.227,0.45,0.2202793529903911,-0.018757948025446166,1.0263519566298853,1.3765822818332791,-0.2290778130332124,0.013989854859610228,0.2309555732143903,0.18470131281221994,0.0025201104082715037,0.0006057380456292723,-0.031199179203312527,2.2997835971460456,231,0.06722926930796083,0.14092028878398402
2022-03-16 00:00:00-04:00,106.17752977155763,106.72126491590143,102.82611677336294,104.93186950683594,2716200,0.0,0.0,0.05280829015544042,6.083607,0.0016,0.098500006,0.34451,0.06216,0.356,142027210752,0.181,29.523,12943287296,0.315,0.227,0.45,0.2202793529903911,-0.018757948025446166,1.0263519566298853,1.3765822818332791,-0.2290778130332124,0.013989854859610228,0.2309555732143903,0.18470131281221994,0.0025201104082715037,0.0006057380456292723,-0.031199179203312527,2.2997835971460456,231,0.06722926930796083,0.14092028878398402
2022-03-17 00:00:00-04:00,105.01095830504711,108.6886168306793,104.75391562783803,108.27339172363281,2261800,0.0,0.0,0.05280829015544042,6.083607,0.0016,0.098500006,0.34451,0.06216,0.356,142027210752,0.181,29.523,12943287296,0.315,0.227,0.45,0.2202793529903911,-0.018757948025446166,1.0263519566298853,1.3765822818332791,-0.2290778130332124,0.013989854859610228,0.2309555732143903,0.18470131281221994,0.0025201104082715037,0.0006057380456292723,-0.031199179203312527,2.2997835971460456,231,0.06722926930796083,0.14092028878398402
2022-03-18 00:00:00-04:00,109.81564229931726,110.26051719209147,107.9076100733806,109.95404815673828,3946700,0.0,0.0,0.05280829015544042,6.083607,0.0016,0.098500006,0.34451,0.06216,0.356,142027210752,0.181,29.523,12943287296,0.315,0.227,0.45,0.2202793529903911,-0.018757948025446166,1.0263519566298853,1.3765822818332791,-0.2290778130332124,0.013989854859610228,0.2309555732143903,0.18470131281221994,0.0025201104082715037,0.0006057380456292723,-0.031199179203312527,2.2997835971460456,231,0.06722926930796083,0.14092028878398402
2022-03-21 00:00:00-04:00,110.50767340230396,112.24764247889996,109.64758092313352,110.90312194824219,1977900,0.0,0.0,0.05280829015544042,6.083607,0.0016,0.098500006,0.34451,0.06216,0.356,142027210752,0.181,29.523,12943287296,0.315,0.227,0.45,0.2202793529903911,-0.018757948025446166,1.0263519566298853,1.3765822818332791,-0.2290778130332124,0.013989854859610228,0.2309555732143903,0.18470131281221994,0.0025201104082715037,0.0006057380456292723,-0.031199179203312527,2.2997835971460456,231,0.06722926930796083,0.14092028878398402
2022-03-22 00:00:00-04:00,111.58525939110666,112.25751958949998,110.54720800419467,112.0597915649414,2316100,0.0,0.0,0.05280829015544042,6.083607,0.0016,0.098500006,0.34451,0.06216,0.356,142027210752,0.181,29.523,12943287296,0.315,0.227,0.45,0.2202793529903911,-0.018757948025446166,1.0263519566298853,1.3765822818332791,-0.2290778130332124,0.013989854859610228,0.2309555732143903,0.18470131281221994,0.0025201104082715037,0.0006057380456292723,-0.031199179203312527,2.2997835971460456,231,0.06722926930796083,0.14092028878398402
2022-03-23 00:00:00-04:00,112.14877679555579,113.31534580116032,111.47651656279126,112.70240020751953,1935200,0.0,0.0,0.05280829015544042,6.083607,0.0016,0.098500006,0.34451,0.06216,0.356,142027210752,0.181,29.523,12943287296,0.315,0.227,0.45,0.2202793529903911,-0.018757948025446166,1.0263519566298853,1.3765822818332791,-0.2290778130332124,0.013989854859610228,0.2309555732143903,0.18470131281221994,0.0025201104082715037,0.0006057380456292723,-0.031199179203312527,2.2997835971460456,231,0.06722926930796083,0.14092028878398402
2022-03-24 00:00:00-04:00,112.97921336406475,113.68113092540322,112.21798116284099,112.80126190185547,2185300,0.0,0.0,0.05280829015544042,6.083607,0.0016,0.098500006,0.34451,0.06216,0.356,142027210752,0.181,29.523,12943287296,0.315,0.227,0.45,0.2202793529903911,-0.018757948025446166,1.0263519566298853,1.3765822818332791,-0.2290778130332124,0.013989854859610228,0.2309555732143903,0.18470131281221994,0.0025201104082715037,0.0006057380456292723,-0.031199179203312527,2.2997835971460456,231,0.06722926930796083,0.14092028878398402
2022-03-25 00:00:00-04:00,112.90011641664975,115.41120579252252,112.84080177977617,115.34200286865234,1965300,0.0,0.0,0.05280829015544042,6.083607,0.0016,0.098500006,0.34451,0.06216,0.356,142027210752,0.181,29.523,12943287296,0.315,0.227,0.45,0.2202793529903911,-0.018757948025446166,1.0263519566298853,1.3765822818332791,-0.2290778130332124,0.013989854859610228,0.2309555732143903,0.18470131281221994,0.0025201104082715037,0.0006057380456292723,-0.031199179203312527,2.2997835971460456,231,0.06722926930796083,0.14092028878398402
2022-03-28 00:00:00-04:00,115.66825840853882,115.88575548585918,114.62032617332649,115.54962158203125,1836000,0.0,0.0,0.05280829015544042,6.083607,0.0016,0.098500006,0.34451,0.06216,0.356,142027210752,0.181,29.523,12943287296,0.315,0.227,0.45,0.2202793529903911,-0.018757948025446166,1.0263519566298853,1.3765822818332791,-0.2290778130332124,0.013989854859610228,0.2309555732143903,0.18470131281221994,0.0025201104082715037,0.0006057380456292723,-0.031199179203312527,2.2997835971460456,231,0.06722926930796083,0.14092028878398402
2022-03-29 00:00:00-04:00,115.73745815982744,115.9846125513486,113.5625025314626,114.86747741699219,1628700,0.0,0.0,0.05280829015544042,6.083607,0.0016,0.098500006,0.34451,0.06216,0.356,142027210752,0.181,29.523,12943287296,0.315,0.227,0.45,0.2202793529903911,-0.018757948025446166,1.0263519566298853,1.3765822818332791,-0.2290778130332124,0.013989854859610228,0.2309555732143903,0.18470131281221994,0.0025201104082715037,0.0006057380456292723,-0.031199179203312527,2.2997835971460456,231,0.06722926930796083,0.14092028878398402
2022-03-30 00:00:00-04:00,115.07509433813001,115.8561031756712,114.20510599122136,115.8363265991211,1650300,0.0,0.0,0.05280829015544042,6.083607,0.0016,0.098500006,0.34451,0.06216,0.356,142027210752,0.181,29.523,12943287296,0.315,0.227,0.45,0.2202793529903911,-0.018757948025446166,1.0263519566298853,1.3765822818332791,-0.2290778130332124,0.013989854859610228,0.2309555732143903,0.18470131281221994,0.0025201104082715037,0.0006057380456292723,-0.031199179203312527,2.2997835971460456,231,0.06722926930796083,0.14092028878398402
2022-03-31 00:00:00-04:00,115.68803814893361,116.24166918132202,112.66287044726275,112.6925277709961,3354100,0.0,0.0,0.05280829015544042,6.083607,0.0016,0.098500006,0.34451,0.06216,0.356,142027210752,0.181,29.523,12943287296,0.315,0.227,0.45,0.2202793529903911,-0.018757948025446166,1.0263519566298853,1.3765822818332791,-0.2290778130332124,0.013989854859610228,0.2309555732143903,0.18470131281221994,0.0025201104082715037,0.0006057380456292723,-0.031199179203312527,2.2997835971460456,231,0.06722926930796083,0.14092028878398402
2022-04-01 00:00:00-04:00,112.84080144669662,114.0172586915701,112.12899563610269,113.87885284423828,1735100,0.0,0.0,0.05280829015544042,6.083607,0.0016,0.098500006,0.34451,0.06216,0.356,142027210752,0.181,29.523,12943287296,0.315,0.227,0.45,0.2202793529903911,-0.018757948025446166,1.0263519566298853,1.3765822818332791,-0.2290778130332124,0.013989854859610228,0.2309555732143903,0.18470131281221994,0.0025201104082715037,0.0006057380456292723,-0.031199179203312527,2.2997835971460456,231,0.06722926930796083,0.14092028878398402
2022-04-04 00:00:00-04:00,113.69101921290189,114.74883969865894,112.62331043964618,112.80126190185547,2307000,0.0,0.0,0.05280829015544042,6.083607,0.0016,0.098500006,0.34451,0.06216,0.356,142027210752,0.181,29.523,12943287296,0.315,0.227,0.45,0.2202793529903911,-0.018757948025446166,1.0263519566298853,1.3765822818332791,-0.2290778130332124,0.013989854859610228,0.2309555732143903,0.18470131281221994,0.0025201104082715037,0.0006057380456292723,-0.031199179203312527,2.2997835971460456,231,0.06722926930796083,0.14092028878398402
2022-04-05 00:00:00-04:00,112.91989839465909,114.59066447705105,112.51456157648335,112.9297866821289,1946600,0.0,0.0,0.05280829015544042,6.083607,0.0016,0.098500006,0.34451,0.06216,0.356,142027210752,0.181,29.523,12943287296,0.315,0.227,0.45,0.2202793529903911,-0.018757948025446166,1.0263519566298853,1.3765822818332791,-0.2290778130332124,0.013989854859610228,0.2309555732143903,0.18470131281221994,0.0025201104082715037,0.0006057380456292723,-0.031199179203312527,2.2997835971460456,231,0.06722926930796083,0.14092028878398402
2022-04-06 00:00:00-04:00,113.03863614999392,115.7201365544479,112.89021205840746,115.64098358154297,2850300,0.1,0.0,0.05280829015544042,6.083607,0.0016,0.098500006,0.34451,0.06216,0.356,142027210752,0.181,29.523,12943287296,0.315,0.227,0.45,0.2202793529903911,-0.018757948025446166,1.0263519566298853,1.3765822818332791,-0.2290778130332124,0.013989854859610228,0.2309555732143903,0.18470131281221994,0.0025201104082715037,0.0006057380456292723,-0.031199179203312527,2.2997835971460456,231,0.06722926930796083,0.14092028878398402
2022-04-07 00:00:00-04:00,115.76960970792433,118.82711116122786,114.40412472137557,118.27300262451172,5093500,0.0,0.0,0.05280829015544042,6.083607,0.0016,0.098500006,0.34451,0.06216,0.356,142027210752,0.181,29.523,12943287296,0.315,0.227,0.45,0.2202793529903911,-0.018757948025446166,1.0263519566298853,1.3765822818332791,-0.2290778130332124,0.013989854859610228,0.2309555732143903,0.18470131281221994,0.0025201104082715037,0.0006057380456292723,-0.031199179203312527,2.2997835971460456,231,0.06722926930796083,0.14092028878398402
2022-04-08 00:00:00-04:00,118.3422589810355,118.90626443558904,116.72940313184328,117.26372528076172,3216000,0.0,0.0,0.05280829015544042,6.083607,0.0016,0.098500006,0.34451,0.06216,0.356,142027210752,0.181,29.523,12943287296,0.315,0.227,0.45,0.2202793529903911,-0.018757948025446166,1.0263519566298853,1.3765822818332791,-0.2290778130332124,0.013989854859610228,0.2309555732143903,0.18470131281221994,0.0025201104082715037,0.0006057380456292723,-0.031199179203312527,2.2997835971460456,231,0.06722926930796083,0.14092028878398402
2022-04-11 00:00:00-04:00,117.34287616006577,117.83761804295497,116.32370908917991,117.18456268310547,2851900,0.0,0.0,0.05280829015544042,6.083607,0.0016,0.098500006,0.34451,0.06216,0.356,142027210752,0.181,29.523,12943287296,0.315,0.227,0.45,0.2202793529903911,-0.018757948025446166,1.0263519566298853,1.3765822818332791,-0.2290778130332124,0.013989854859610228,0.2309555732143903,0.18470131281221994,0.0025201104082715037,0.0006057380456292723,-0.031199179203312527,2.2997835971460456,231,0.06722926930796083,0.14092028878398402
2022-04-12 00:00:00-04:00,116.14559131964903,116.65023010881927,113.7708365335425,114.08747100830078,2417300,0.0,0.0,0.05280829015544042,6.083607,0.0016,0.098500006,0.34451,0.06216,0.356,142027210752,0.181,29.523,12943287296,0.315,0.227,0.45,0.2202793529903911,-0.018757948025446166,1.0263519566298853,1.3765822818332791,-0.2290778130332124,0.013989854859610228,0.2309555732143903,0.18470131281221994,0.0025201104082715037,0.0006057380456292723,-0.031199179203312527,2.2997835971460456,231,0.06722926930796083,0.14092028878398402
2022-04-13 00:00:00-04:00,113.80053548216817,114.3942242603197,112.17778263227818,112.71210479736328,2208500,0.0,0.0,0.05280829015544042,6.083607,0.0016,0.098500006,0.34451,0.06216,0.356,142027210752,0.181,29.523,12943287296,0.315,0.227,0.45,0.2202793529903911,-0.018757948025446166,1.0263519566298853,1.3765822818332791,-0.2290778130332124,0.013989854859610228,0.2309555732143903,0.18470131281221994,0.0025201104082715037,0.0006057380456292723,-0.031199179203312527,2.2997835971460456,231,0.06722926930796083,0.14092028878398402
2022-04-14 00:00:00-04:00,111.09924070892973,112.08872451652499,109.70407246578483,110.9310302734375,3918300,0.0,0.0,0.05280829015544042,6.083607,0.0016,0.098500006,0.34451,0.06216,0.356,142027210752,0.181,29.523,12943287296,0.315,0.227,0.45,0.2202793529903911,-0.018757948025446166,1.0263519566298853,1.3765822818332791,-0.2290778130332124,0.013989854859610228,0.2309555732143903,0.18470131281221994,0.0025201104082715037,0.0006057380456292723,-0.031199179203312527,2.2997835971460456,231,0.06722926930796083,0.14092028878398402
2022-04-18 00:00:00-04:00,108.43752230374874,109.60511344971803,107.7547836385671,108.48699951171875,2221600,0.0,0.0,0.05280829015544042,6.083607,0.0016,0.098500006,0.34451,0.06216,0.356,142027210752,0.181,29.523,12943287296,0.315,0.227,0.45,0.2202793529903911,-0.018757948025446166,1.0263519566298853,1.3765822818332791,-0.2290778130332124,0.013989854859610228,0.2309555732143903,0.18470131281221994,0.0025201104082715037,0.0006057380456292723,-0.031199179203312527,2.2997835971460456,231,0.06722926930796083,0.14092028878398402
2022-04-19 00:00:00-04:00,108.40784172469755,110.27796548572817,107.74488939653584,109.98112487792969,2639100,0.0,0.0,0.05280829015544042,6.083607,0.0016,0.098500006,0.34451,0.06216,0.356,142027210752,0.181,29.523,12943287296,0.315,0.227,0.45,0.2202793529903911,-0.018757948025446166,1.0263519566298853,1.3765822818332791,-0.2290778130332124,0.013989854859610228,0.2309555732143903,0.18470131281221994,0.0025201104082715037,0.0006057380456292723,-0.031199179203312527,2.2997835971460456,231,0.06722926930796083,0.14092028878398402
2022-04-20 00:00:00-04:00,110.46595579472564,111.97986459483143,110.20868792797185,111.85123443603516,2147600,0.0,0.0,0.05280829015544042,6.083607,0.0016,0.098500006,0.34451,0.06216,0.356,142027210752,0.181,29.523,12943287296,0.315,0.227,0.45,0.2202793529903911,-0.018757948025446166,1.0263519566298853,1.3765822818332791,-0.2290778130332124,0.013989854859610228,0.2309555732143903,0.18470131281221994,0.0025201104082715037,0.0006057380456292723,-0.031199179203312527,2.2997835971460456,231,0.06722926930796083,0.14092028878398402
2022-04-21 00:00:00-04:00,112.39546452604155,114.98791487603212,111.72262276943657,111.83145904541016,2825000,0.0,0.0,0.05280829015544042,6.083607,0.0016,0.098500006,0.34451,0.06216,0.356,142027210752,0.181,29.523,12943287296,0.315,0.227,0.45,0.2202793529903911,-0.018757948025446166,1.0263519566298853,1.3765822818332791,-0.2290778130332124,0.013989854859610228,0.2309555732143903,0.18470131281221994,0.0025201104082715037,0.0006057380456292723,-0.031199179203312527,2.2997835971460456,231,0.06722926930796083,0.14092028878398402
2022-04-22 00:00:00-04:00,111.3861880160597,111.52471514033606,107.09183206516845,107.20066833496094,2263700,0.0,0.0,0.05280829015544042,6.083607,0.0016,0.098500006,0.34451,0.06216,0.356,142027210752,0.181,29.523,12943287296,0.315,0.227,0.45,0.2202793529903911,-0.018757948025446166,1.0263519566298853,1.3765822818332791,-0.2290778130332124,0.013989854859610228,0.2309555732143903,0.18470131281221994,0.0025201104082715037,0.0006057380456292723,-0.031199179203312527,2.2997835971460456,231,0.06722926930796083,0.14092028878398402
2022-04-25 00:00:00-04:00,107.05225936195916,109.72386271769676,105.88466812555741,109.39733123779297,2662100,0.0,0.0,0.05280829015544042,6.083607,0.0016,0.098500006,0.34451,0.06216,0.356,142027210752,0.181,29.523,12943287296,0.315,0.227,0.45,0.2202793529903911,-0.018757948025446166,1.0263519566298853,1.3765822818332791,-0.2290778130332124,0.013989854859610228,0.2309555732143903,0.18470131281221994,0.0025201104082715037,0.0006057380456292723,-0.031199179203312527,2.2997835971460456,231,0.06722926930796083,0.14092028878398402
2022-04-26 00:00:00-04:00,108.35837391615479,109.83270267615026,107.26994323730469,107.26994323730469,2502400,0.0,0.0,0.05280829015544042,6.083607,0.0016,0.098500006,0.34451,0.06216,0.356,142027210752,0.181,29.523,12943287296,0.315,0.227,0.45,0.2202793529903911,-0.018757948025446166,1.0263519566298853,1.3765822818332791,-0.2290778130332124,0.013989854859610228,0.2309555732143903,0.18470131281221994,0.0025201104082715037,0.0006057380456292723,-0.031199179203312527,2.2997835971460456,231,0.06722926930796083,0.14092028878398402
2022-04-27 00:00:00-04:00,107.6855134328044,108.15057198204553,105.57790830957639,105.82527923583984,3365400,0.0,0.0,0.05280829015544042,6.083607,0.0016,0.098500006,0.34451,0.06216,0.356,142027210752,0.181,29.523,12943287296,0.315,0.227,0.45,0.2202793529903911,-0.018757948025446166,1.0263519566298853,1.3765822818332791,-0.2290778130332124,0.013989854859610228,0.2309555732143903,0.18470131281221994,0.0025201104082715037,0.0006057380456292723,-0.031199179203312527,2.2997835971460456,231,0.06722926930796083,0.14092028878398402
2022-04-28 00:00:00-04:00,106.55751765275664,109.45670561972902,105.23160537527814,109.25880432128906,2696400,0.0,0.0,0.05280829015544042,6.083607,0.0016,0.098500006,0.34451,0.06216,0.356,142027210752,0.181,29.523,12943287296,0.315,0.227,0.45,0.2202793529903911,-0.018757948025446166,1.0263519566298853,1.3765822818332791,-0.2290778130332124,0.013989854859610228,0.2309555732143903,0.18470131281221994,0.0025201104082715037,0.0006057380456292723,-0.031199179203312527,2.2997835971460456,231,0.06722926930796083,0.14092028878398402
2022-04-29 00:00:00-04:00,108.50679564798122,108.55626530780744,106.09245279326066,106.2309799194336,2771100,0.0,0.0,0.05280829015544042,6.083607,0.0016,0.098500006,0.34451,0.06216,0.356,142027210752,0.181,29.523,12943287296,0.315,0.227,0.45,0.2202793529903911,-0.018757948025446166,1.0263519566298853,1.3765822818332791,-0.2290778130332124,0.013989854859610228,0.2309555732143903,0.18470131281221994,0.0025201104082715037,0.0006057380456292723,-0.031199179203312527,2.2997835971460456,231,0.06722926930796083,0.14092028878398402
2022-05-02 00:00:00-04:00,107.02257590438245,109.31817811435585,106.18150859990197,109.16975402832031,4227700,0.0,0.0,0.05280829015544042,6.083607,0.0016,0.098500006,0.34451,0.06216,0.356,142027210752,0.181,29.523,12943287296,0.315,0.227,0.45,0.2202793529903911,-0.018757948025446166,1.0263519566298853,1.3765822818332791,-0.2290778130332124,0.013989854859610228,0.2309555732143903,0.18470131281221994,0.0025201104082715037,0.0006057380456292723,-0.031199179203312527,2.2997835971460456,231,0.06722926930796083,0.14092028878398402
2022-05-03 00:00:00-04:00,109.38742599408694,112.06892591370257,109.19942167545936,111.04975891113281,3121800,0.0,0.0,0.05280829015544042,6.083607,0.0016,0.098500006,0.34451,0.06216,0.356,142027210752,0.181,29.523,12943287296,0.315,0.227,0.45,0.2202793529903911,-0.018757948025446166,1.0263519566298853,1.3765822818332791,-0.2290778130332124,0.013989854859610228,0.2309555732143903,0.18470131281221994,0.0025201104082715037,0.0006057380456292723,-0.031199179203312527,2.2997835971460456,231,0.06722926930796083,0.14092028878398402
2022-05-04 00:00:00-04:00,111.40596600437726,114.69105913100101,110.70343348425425,114.62178802490234,2960100,0.0,0.0,0.05280829015544042,6.083607,0.0016,0.098500006,0.34451,0.06216,0.356,142027210752,0.181,29.523,12943287296,0.315,0.227,0.45,0.2202793529903911,-0.018757948025446166,1.0263519566298853,1.3765822818332791,-0.2290778130332124,0.013989854859610228,0.2309555732143903,0.18470131281221994,0.0025201104082715037,0.0006057380456292723,-0.031199179203312527,2.2997835971460456,231,0.06722926930796083,0.14092028878398402
2022-05-05 00:00:00-04:00,113.77083995146545,114.44368917418585,110.38679993619316,111.22786712646484,2202900,0.0,0.0,0.05280829015544042,6.083607,0.0016,0.098500006,0.34451,0.06216,0.356,142027210752,0.181,29.523,12943287296,0.315,0.227,0.45,0.2202793529903911,-0.018757948025446166,1.0263519566298853,1.3765822818332791,-0.2290778130332124,0.013989854859610228,0.2309555732143903,0.18470131281221994,0.0025201104082715037,0.0006057380456292723,-0.031199179203312527,2.2997835971460456,231,0.06722926930796083,0.14092028878398402
2022-05-06 00:00:00-04:00,110.82218094880366,111.76218749968676,107.17098346431214,108.30889129638672,3653200,0.0,0.0,0.05280829015544042,6.083607,0.0016,0.098500006,0.34451,0.06216,0.356,142027210752,0.181,29.523,12943287296,0.315,0.227,0.45,0.2202793529903911,-0.018757948025446166,1.0263519566298853,1.3765822818332791,-0.2290778130332124,0.013989854859610228,0.2309555732143903,0.18470131281221994,0.0025201104082715037,0.0006057380456292723,-0.031199179203312527,2.2997835971460456,231,0.06722926930796083,0.14092028878398402
2022-05-09 00:00:00-04:00,108.34846654431573,109.02131577094096,106.72571385936575,107.60635375976562,2743700,0.0,0.0,0.05280829015544042,6.083607,0.0016,0.098500006,0.34451,0.06216,0.356,142027210752,0.181,29.523,12943287296,0.315,0.227,0.45,0.2202793529903911,-0.018757948025446166,1.0263519566298853,1.3765822818332791,-0.2290778130332124,0.013989854859610228,0.2309555732143903,0.18470131281221994,0.0025201104082715037,0.0006057380456292723,-0.031199179203312527,2.2997835971460456,231,0.06722926930796083,0.14092028878398402
2022-05-10 00:00:00-04:00,109.01143720184072,109.77334401665073,106.38930341111366,107.13141632080078,3449600,0.0,0.0,0.05280829015544042,6.083607,0.0016,0.098500006,0.34451,0.06216,0.356,142027210752,0.181,29.523,12943287296,0.315,0.227,0.45,0.2202793529903911,-0.018757948025446166,1.0263519566298853,1.3765822818332791,-0.2290778130332124,0.013989854859610228,0.2309555732143903,0.18470131281221994,0.0025201104082715037,0.0006057380456292723,-0.031199179203312527,2.2997835971460456,231,0.06722926930796083,0.14092028878398402
2022-05-11 00:00:00-04:00,106.63665655117082,108.98173567137935,106.25075850658939,106.73561096191406,2404400,0.0,0.0,0.05280829015544042,6.083607,0.0016,0.098500006,0.34451,0.06216,0.356,142027210752,0.181,29.523,12943287296,0.315,0.227,0.45,0.2202793529903911,-0.018757948025446166,1.0263519566298853,1.3765822818332791,-0.2290778130332124,0.013989854859610228,0.2309555732143903,0.18470131281221994,0.0025201104082715037,0.0006057380456292723,-0.031199179203312527,2.2997835971460456,231,0.06722926930796083,0.14092028878398402
2022-05-12 00:00:00-04:00,106.87416007055779,107.8834303450368,105.8253019843058,107.65585327148438,3275900,0.0,0.0,0.05280829015544042,6.083607,0.0016,0.098500006,0.34451,0.06216,0.356,142027210752,0.181,29.523,12943287296,0.315,0.227,0.45,0.2202793529903911,-0.018757948025446166,1.0263519566298853,1.3765822818332791,-0.2290778130332124,0.013989854859610228,0.2309555732143903,0.18470131281221994,0.0025201104082715037,0.0006057380456292723,-0.031199179203312527,2.2997835971460456,231,0.06722926930796083,0.14092028878398402
2022-05-13 00:00:00-04:00,108.40783389660587,108.56615491532918,105.9737048524473,106.6861343383789,2253000,0.0,0.0,0.05280829015544042,6.083607,0.0016,0.098500006,0.34451,0.06216,0.356,142027210752,0.181,29.523,12943287296,0.315,0.227,0.45,0.2202793529903911,-0.018757948025446166,1.0263519566298853,1.3765822818332791,-0.2290778130332124,0.013989854859610228,0.2309555732143903,0.18470131281221994,0.0025201104082715037,0.0006057380456292723,-0.031199179203312527,2.2997835971460456,231,0.06722926930796083,0.14092028878398402
2022-05-16 00:00:00-04:00,107.34909636986544,109.71396207043865,107.18088593406354,108.5958480834961,4149900,0.0,0.0,0.05280829015544042,6.083607,0.0016,0.098500006,0.34451,0.06216,0.356,142027210752,0.181,29.523,12943287296,0.315,0.227,0.45,0.2202793529903911,-0.018757948025446166,1.0263519566298853,1.3765822818332791,-0.2290778130332124,0.013989854859610228,0.2309555732143903,0.18470131281221994,0.0025201104082715037,0.0006057380456292723,-0.031199179203312527,2.2997835971460456,231,0.06722926930796083,0.14092028878398402
2022-05-17 00:00:00-04:00,108.79374082892573,110.19881356278748,106.19140115170109,110.02070617675781,2947200,0.0,0.0,0.05280829015544042,6.083607,0.0016,0.098500006,0.34451,0.06216,0.356,142027210752,0.181,29.523,12943287296,0.315,0.227,0.45,0.2202793529903911,-0.018757948025446166,1.0263519566298853,1.3765822818332791,-0.2290778130332124,0.013989854859610228,0.2309555732143903,0.18470131281221994,0.0025201104082715037,0.0006057380456292723,-0.031199179203312527,2.2997835971460456,231,0.06722926930796083,0.14092028878398402
2022-05-18 00:00:00-04:00,109.92174909170639,112.20746174851725,108.61563080888395,110.72323608398438,3544900,0.0,0.0,0.05280829015544042,6.083607,0.0016,0.098500006,0.34451,0.06216,0.356,142027210752,0.181,29.523,12943287296,0.315,0.227,0.45,0.2202793529903911,-0.018757948025446166,1.0263519566298853,1.3765822818332791,-0.2290778130332124,0.013989854859610228,0.2309555732143903,0.18470131281221994,0.0025201104082715037,0.0006057380456292723,-0.031199179203312527,2.2997835971460456,231,0.06722926930796083,0.14092028878398402
2022-05-19 00:00:00-04:00,109.62491606153101,110.18892155105029,107.48762733335525,109.25880432128906,3130400,0.0,0.0,0.05280829015544042,6.083607,0.0016,0.098500006,0.34451,0.06216,0.356,142027210752,0.181,29.523,12943287296,0.315,0.227,0.45,0.2202793529903911,-0.018757948025446166,1.0263519566298853,1.3765822818332791,-0.2290778130332124,0.013989854859610228,0.2309555732143903,0.18470131281221994,0.0025201104082715037,0.0006057380456292723,-0.031199179203312527,2.2997835971460456,231,0.06722926930796083,0.14092028878398402
2022-05-20 00:00:00-04:00,109.60511204899036,110.18891138909521,107.46783106708375,109.82279968261719,3812900,0.0,0.0,0.05280829015544042,6.083607,0.0016,0.098500006,0.34451,0.06216,0.356,142027210752,0.181,29.523,12943287296,0.315,0.227,0.45,0.2202793529903911,-0.018757948025446166,1.0263519566298853,1.3765822818332791,-0.2290778130332124,0.013989854859610228,0.2309555732143903,0.18470131281221994,0.0025201104082715037,0.0006057380456292723,-0.031199179203312527,2.2997835971460456,231,0.06722926930796083,0.14092028878398402
2022-05-23 00:00:00-04:00,111.27733333209883,112.60324538392022,110.17900584746009,111.75228881835938,2087600,0.0,0.0,0.05280829015544042,6.083607,0.0016,0.098500006,0.34451,0.06216,0.356,142027210752,0.181,29.523,12943287296,0.315,0.227,0.45,0.2202793529903911,-0.018757948025446166,1.0263519566298853,1.3765822818332791,-0.2290778130332124,0.013989854859610228,0.2309555732143903,0.18470131281221994,0.0025201104082715037,0.0006057380456292723,-0.031199179203312527,2.2997835971460456,231,0.06722926930796083,0.14092028878398402
2022-05-24 00:00:00-04:00,111.75229129187795,113.84999190062557,110.38679895688101,113.52346801757812,2698800,0.0,0.0,0.05280829015544042,6.083607,0.0016,0.098500006,0.34451,0.06216,0.356,142027210752,0.181,29.523,12943287296,0.315,0.227,0.45,0.2202793529903911,-0.018757948025446166,1.0263519566298853,1.3765822818332791,-0.2290778130332124,0.013989854859610228,0.2309555732143903,0.18470131281221994,0.0025201104082715037,0.0006057380456292723,-0.031199179203312527,2.2997835971460456,231,0.06722926930796083,0.14092028878398402
2022-05-25 00:00:00-04:00,113.28599985660051,115.53213234400333,112.60326115773509,114.40412139892578,4408200,0.0,0.0,0.05280829015544042,6.083607,0.0016,0.098500006,0.34451,0.06216,0.356,142027210752,0.181,29.523,12943287296,0.315,0.227,0.45,0.2202793529903911,-0.018757948025446166,1.0263519566298853,1.3765822818332791,-0.2290778130332124,0.013989854859610228,0.2309555732143903,0.18470131281221994,0.0025201104082715037,0.0006057380456292723,-0.031199179203312527,2.2997835971460456,231,0.06722926930796083,0.14092028878398402
2022-05-26 00:00:00-04:00,115.11653779628868,116.34350310241476,114.24579479927581,115.58159637451172,3339700,0.0,0.0,0.05280829015544042,6.083607,0.0016,0.098500006,0.34451,0.06216,0.356,142027210752,0.181,29.523,12943287296,0.315,0.227,0.45,0.2202793529903911,-0.018757948025446166,1.0263519566298853,1.3765822818332791,-0.2290778130332124,0.013989854859610228,0.2309555732143903,0.18470131281221994,0.0025201104082715037,0.0006057380456292723,-0.031199179203312527,2.2997835971460456,231,0.06722926930796083,0.14092028878398402
2022-05-27 00:00:00-04:00,115.78937736221737,119.11404314387828,115.37379602680011,119.074462890625,3107900,0.0,0.0,0.05280829015544042,6.083607,0.0016,0.098500006,0.34451,0.06216,0.356,142027210752,0.181,29.523,12943287296,0.315,0.227,0.45,0.2202793529903911,-0.018757948025446166,1.0263519566298853,1.3765822818332791,-0.2290778130332124,0.013989854859610228,0.2309555732143903,0.18470131281221994,0.0025201104082715037,0.0006057380456292723,-0.031199179203312527,2.2997835971460456,231,0.06722926930796083,0.14092028878398402
2022-05-31 00:00:00-04:00,118.12458038330078,119.2130186676561,116.92730581967268,118.12458038330078,8747200,0.0,0.0,0.05280829015544042,6.083607,0.0016,0.098500006,0.34451,0.06216,0.356,142027210752,0.181,29.523,12943287296,0.315,0.227,0.45,0.2202793529903911,-0.018757948025446166,1.0263519566298853,1.3765822818332791,-0.2290778130332124,0.013989854859610228,0.2309555732143903,0.18470131281221994,0.0025201104082715037,0.0006057380456292723,-0.031199179203312527,2.2997835971460456,231,0.06722926930796083,0.14092028878398402
2022-06-01 00:00:00-04:00,117.79804638298683,118.10478393737364,115.95760595834173,117.2241439819336,2979400,0.0,0.0,0.05280829015544042,6.083607,0.0016,0.098500006,0.34451,0.06216,0.356,142027210752,0.181,29.523,12943287296,0.315,0.227,0.45,0.2202793529903911,-0.018757948025446166,1.0263519566298853,1.3765822818332791,-0.2290778130332124,0.013989854859610228,0.2309555732143903,0.18470131281221994,0.0025201104082715037,0.0006057380456292723,-0.031199179203312527,2.2997835971460456,231,0.06722926930796083,0.14092028878398402
2022-06-02 00:00:00-04:00,118.12458038330078,118.49069212887146,116.68983180725094,118.12458038330078,2131500,0.0,0.0,0.05280829015544042,6.083607,0.0016,0.098500006,0.34451,0.06216,0.356,142027210752,0.181,29.523,12943287296,0.315,0.227,0.45,0.2202793529903911,-0.018757948025446166,1.0263519566298853,1.3765822818332791,-0.2290778130332124,0.013989854859610228,0.2309555732143903,0.18470131281221994,0.0025201104082715037,0.0006057380456292723,-0.031199179203312527,2.2997835971460456,231,0.06722926930796083,0.14092028878398402
2022-06-03 00:00:00-04:00,117.25383612309157,118.51047728986782,116.98667880545534,117.857421875,1575400,0.0,0.0,0.05280829015544042,6.083607,0.0016,0.098500006,0.34451,0.06216,0.356,142027210752,0.181,29.523,12943287296,0.315,0.227,0.45,0.2202793529903911,-0.018757948025446166,1.0263519566298853,1.3765822818332791,-0.2290778130332124,0.013989854859610228,0.2309555732143903,0.18470131281221994,0.0025201104082715037,0.0006057380456292723,-0.031199179203312527,2.2997835971460456,231,0.06722926930796083,0.14092028878398402
2022-06-06 00:00:00-04:00,119.00520573947418,119.2822675271583,118.4016276050716,118.80731201171875,1992300,0.0,0.0,0.05280829015544042,6.083607,0.0016,0.098500006,0.34451,0.06216,0.356,142027210752,0.181,29.523,12943287296,0.315,0.227,0.45,0.2202793529903911,-0.018757948025446166,1.0263519566298853,1.3765822818332791,-0.2290778130332124,0.013989854859610228,0.2309555732143903,0.18470131281221994,0.0025201104082715037,0.0006057380456292723,-0.031199179203312527,2.2997835971460456,231,0.06722926930796083,0.14092028878398402
2022-06-07 00:00:00-04:00,118.04541133800238,120.08374539449004,117.66940269127511,119.91553497314453,3117500,0.0,0.0,0.05280829015544042,6.083607,0.0016,0.098500006,0.34451,0.06216,0.356,142027210752,0.181,29.523,12943287296,0.315,0.227,0.45,0.2202793529903911,-0.018757948025446166,1.0263519566298853,1.3765822818332791,-0.2290778130332124,0.013989854859610228,0.2309555732143903,0.18470131281221994,0.0025201104082715037,0.0006057380456292723,-0.031199179203312527,2.2997835971460456,231,0.06722926930796083,0.14092028878398402
2022-06-08 00:00:00-04:00,119.58900126291927,119.66816177116615,117.53087334346957,118.37193298339844,2159700,0.0,0.0,0.05280829015544042,6.083607,0.0016,0.098500006,0.34451,0.06216,0.356,142027210752,0.181,29.523,12943287296,0.315,0.227,0.45,0.2202793529903911,-0.018757948025446166,1.0263519566298853,1.3765822818332791,-0.2290778130332124,0.013989854859610228,0.2309555732143903,0.18470131281221994,0.0025201104082715037,0.0006057380456292723,-0.031199179203312527,2.2997835971460456,231,0.06722926930796083,0.14092028878398402
2022-06-09 00:00:00-04:00,118.19382863405508,118.64899779352262,114.25568761267981,114.324951171875,2344600,0.0,0.0,0.05280829015544042,6.083607,0.0016,0.098500006,0.34451,0.06216,0.356,142027210752,0.181,29.523,12943287296,0.315,0.227,0.45,0.2202793529903911,-0.018757948025446166,1.0263519566298853,1.3765822818332791,-0.2290778130332124,0.013989854859610228,0.2309555732143903,0.18470131281221994,0.0025201104082715037,0.0006057380456292723,-0.031199179203312527,2.2997835971460456,231,0.06722926930796083,0.14092028878398402
2022-06-10 00:00:00-04:00,112.60325760549811,113.6125277432477,111.62366322423162,112.36577606201172,2020300,0.0,0.0,0.05280829015544042,6.083607,0.0016,0.098500006,0.34451,0.06216,0.356,142027210752,0.181,29.523,12943287296,0.315,0.227,0.45,0.2202793529903911,-0.018757948025446166,1.0263519566298853,1.3765822818332791,-0.2290778130332124,0.013989854859610228,0.2309555732143903,0.18470131281221994,0.0025201104082715037,0.0006057380456292723,-0.031199179203312527,2.2997835971460456,231,0.06722926930796083,0.14092028878398402
2022-06-13 00:00:00-04:00,110.54513280416927,113.7312718901242,110.26807854437536,112.34599304199219,2852700,0.0,0.0,0.05280829015544042,6.083607,0.0016,0.098500006,0.34451,0.06216,0.356,142027210752,0.181,29.523,12943287296,0.315,0.227,0.45,0.2202793529903911,-0.018757948025446166,1.0263519566298853,1.3765822818332791,-0.2290778130332124,0.013989854859610228,0.2309555732143903,0.18470131281221994,0.0025201104082715037,0.0006057380456292723,-0.031199179203312527,2.2997835971460456,231,0.06722926930796083,0.14092028878398402
2022-06-14 00:00:00-04:00,112.82092894949182,113.41462521301574,110.50554069873026,111.22786712646484,2595200,0.0,0.0,0.05280829015544042,6.083607,0.0016,0.098500006,0.34451,0.06216,0.356,142027210752,0.181,29.523,12943287296,0.315,0.227,0.45,0.2202793529903911,-0.018757948025446166,1.0263519566298853,1.3765822818332791,-0.2290778130332124,0.013989854859610228,0.2309555732143903,0.18470131281221994,0.0025201104082715037,0.0006057380456292723,-0.031199179203312527,2.2997835971460456,231,0.06722926930796083,0.14092028878398402
2022-06-15 00:00:00-04:00,111.86114021084522,113.13756759656663,109.89206212608602,111.38618469238281,2280000,0.0,0.0,0.05280829015544042,6.083607,0.0016,0.098500006,0.34451,0.06216,0.356,142027210752,0.181,29.523,12943287296,0.315,0.227,0.45,0.2202793529903911,-0.018757948025446166,1.0263519566298853,1.3765822818332791,-0.2290778130332124,0.013989854859610228,0.2309555732143903,0.18470131281221994,0.0025201104082715037,0.0006057380456292723,-0.031199179203312527,2.2997835971460456,231,0.06722926930796083,0.14092028878398402
2022-06-16 00:00:00-04:00,109.85248191921805,110.81228235860641,108.68489079952323,109.0510025024414,2304800,0.0,0.0,0.05280829015544042,6.083607,0.0016,0.098500006,0.34451,0.06216,0.356,142027210752,0.181,29.523,12943287296,0.315,0.227,0.45,0.2202793529903911,-0.018757948025446166,1.0263519566298853,1.3765822818332791,-0.2290778130332124,0.013989854859610228,0.2309555732143903,0.18470131281221994,0.0025201104082715037,0.0006057380456292723,-0.031199179203312527,2.2997835971460456,231,0.06722926930796083,0.14092028878398402
2022-06-17 00:00:00-04:00,109.08068616404158,109.91185643715073,107.71520131077311,108.4078369140625,4699600,0.0,0.0,0.05280829015544042,6.083607,0.0016,0.098500006,0.34451,0.06216,0.356,142027210752,0.181,29.523,12943287296,0.315,0.227,0.45,0.2202793529903911,-0.018757948025446166,1.0263519566298853,1.3765822818332791,-0.2290778130332124,0.013989854859610228,0.2309555732143903,0.18470131281221994,0.0025201104082715037,0.0006057380456292723,-0.031199179203312527,2.2997835971460456,231,0.06722926930796083,0.14092028878398402
2022-06-21 00:00:00-04:00,109.76342765680751,111.29713041865192,109.23900250121834,111.00028228759766,2918200,0.0,0.0,0.05280829015544042,6.083607,0.0016,0.098500006,0.34451,0.06216,0.356,142027210752,0.181,29.523,12943287296,0.315,0.227,0.45,0.2202793529903911,-0.018757948025446166,1.0263519566298853,1.3765822818332791,-0.2290778130332124,0.013989854859610228,0.2309555732143903,0.18470131281221994,0.0025201104082715037,0.0006057380456292723,-0.031199179203312527,2.2997835971460456,231,0.06722926930796083,0.14092028878398402
2022-06-22 00:00:00-04:00,110.19882666612635,112.12831728657451,109.92176482778734,110.67377471923828,2464000,0.0,0.0,0.05280829015544042,6.083607,0.0016,0.098500006,0.34451,0.06216,0.356,142027210752,0.181,29.523,12943287296,0.315,0.227,0.45,0.2202793529903911,-0.018757948025446166,1.0263519566298853,1.3765822818332791,-0.2290778130332124,0.013989854859610228,0.2309555732143903,0.18470131281221994,0.0025201104082715037,0.0006057380456292723,-0.031199179203312527,2.2997835971460456,231,0.06722926930796083,0.14092028878398402
2022-06-23 00:00:00-04:00,111.31692855939235,111.79188410954387,107.49752045111043,108.5958480834961,3162000,0.0,0.0,0.05280829015544042,6.083607,0.0016,0.098500006,0.34451,0.06216,0.356,142027210752,0.181,29.523,12943287296,0.315,0.227,0.45,0.2202793529903911,-0.018757948025446166,1.0263519566298853,1.3765822818332791,-0.2290778130332124,0.013989854859610228,0.2309555732143903,0.18470131281221994,0.0025201104082715037,0.0006057380456292723,-0.031199179203312527,2.2997835971460456,231,0.06722926930796083,0.14092028878398402
2022-06-24 00:00:00-04:00,110.20869721016483,115.14622655146944,109.44679804531326,114.77021789550781,10282200,0.0,0.0,0.05280829015544042,6.083607,0.0016,0.098500006,0.34451,0.06216,0.356,142027210752,0.181,29.523,12943287296,0.315,0.227,0.45,0.2202793529903911,-0.018757948025446166,1.0263519566298853,1.3765822818332791,-0.2290778130332124,0.013989854859610228,0.2309555732143903,0.18470131281221994,0.0025201104082715037,0.0006057380456292723,-0.031199179203312527,2.2997835971460456,231,0.06722926930796083,0.14092028878398402
2022-06-27 00:00:00-04:00,114.7207533953263,115.6310766732395,113.78073926232184,115.334228515625,1938400,0.0,0.0,0.05280829015544042,6.083607,0.0016,0.098500006,0.34451,0.06216,0.356,142027210752,0.181,29.523,12943287296,0.315,0.227,0.45,0.2202793529903911,-0.018757948025446166,1.0263519566298853,1.3765822818332791,-0.2290778130332124,0.013989854859610228,0.2309555732143903,0.18470131281221994,0.0025201104082715037,0.0006057380456292723,-0.031199179203312527,2.2997835971460456,231,0.06722926930796083,0.14092028878398402
2022-06-28 00:00:00-04:00,116.00707506395351,117.11529960388867,114.0577908294746,114.20621490478516,3272300,0.0,0.0,0.05280829015544042,6.083607,0.0016,0.098500006,0.34451,0.06216,0.356,142027210752,0.181,29.523,12943287296,0.315,0.227,0.45,0.2202793529903911,-0.018757948025446166,1.0263519566298853,1.3765822818332791,-0.2290778130332124,0.013989854859610228,0.2309555732143903,0.18470131281221994,0.0025201104082715037,0.0006057380456292723,-0.031199179203312527,2.2997835971460456,231,0.06722926930796083,0.14092028878398402
2022-06-29 00:00:00-04:00,114.83947985693624,115.55190935393121,112.31630086243449,112.44493103027344,2177500,0.0,0.0,0.05280829015544042,6.083607,0.0016,0.098500006,0.34451,0.06216,0.356,142027210752,0.181,29.523,12943287296,0.315,0.227,0.45,0.2202793529903911,-0.018757948025446166,1.0263519566298853,1.3765822818332791,-0.2290778130332124,0.013989854859610228,0.2309555732143903,0.18470131281221994,0.0025201104082715037,0.0006057380456292723,-0.031199179203312527,2.2997835971460456,231,0.06722926930796083,0.14092028878398402
2022-06-30 00:00:00-04:00,111.87103723120167,115.17591708477563,111.06955776020078,115.04727935791016,3913800,0.0,0.0,0.05280829015544042,6.083607,0.0016,0.098500006,0.34451,0.06216,0.356,142027210752,0.181,29.523,12943287296,0.315,0.227,0.45,0.2202793529903911,-0.018757948025446166,1.0263519566298853,1.3765822818332791,-0.2290778130332124,0.013989854859610228,0.2309555732143903,0.18470131281221994,0.0025201104082715037,0.0006057380456292723,-0.031199179203312527,2.2997835971460456,231,0.06722926930796083,0.14092028878398402
2022-07-01 00:00:00-04:00,115.16601432090869,117.69909033294208,114.48326811019325,117.23403930664062,2895200,0.0,0.0,0.05280829015544042,6.083607,0.0016,0.098500006,0.34451,0.06216,0.356,142027210752,0.181,29.523,12943287296,0.315,0.227,0.45,0.2202793529903911,-0.018757948025446166,1.0263519566298853,1.3765822818332791,-0.2290778130332124,0.013989854859610228,0.2309555732143903,0.18470131281221994,0.0025201104082715037,0.0006057380456292723,-0.031199179203312527,2.2997835971460456,231,0.06722926930796083,0.14092028878398402
2022-07-05 00:00:00-04:00,116.25445994097089,116.64035805353582,113.58285646180393,115.90814208984375,2518100,0.0,0.0,0.05280829015544042,6.083607,0.0016,0.098500006,0.34451,0.06216,0.356,142027210752,0.181,29.523,12943287296,0.315,0.227,0.45,0.2202793529903911,-0.018757948025446166,1.0263519566298853,1.3765822818332791,-0.2290778130332124,0.013989854859610228,0.2309555732143903,0.18470131281221994,0.0025201104082715037,0.0006057380456292723,-0.031199179203312527,2.2997835971460456,231,0.06722926930796083,0.14092028878398402
2022-07-06 00:00:00-04:00,115.8685181528298,119.28515092227087,115.63084125680568,118.87911987304688,3466600,0.1,0.0,0.05280829015544042,6.083607,0.0016,0.098500006,0.34451,0.06216,0.356,142027210752,0.181,29.523,12943287296,0.315,0.227,0.45,0.2202793529903911,-0.018757948025446166,1.0263519566298853,1.3765822818332791,-0.2290778130332124,0.013989854859610228,0.2309555732143903,0.18470131281221994,0.0025201104082715037,0.0006057380456292723,-0.031199179203312527,2.2997835971460456,231,0.06722926930796083,0.14092028878398402
2022-07-07 00:00:00-04:00,119.69119099806616,121.05784261151577,118.90883000194242,119.4535140991211,3006900,0.0,0.0,0.05280829015544042,6.083607,0.0016,0.098500006,0.34451,0.06216,0.356,142027210752,0.181,29.523,12943287296,0.315,0.227,0.45,0.2202793529903911,-0.018757948025446166,1.0263519566298853,1.3765822818332791,-0.2290778130332124,0.013989854859610228,0.2309555732143903,0.18470131281221994,0.0025201104082715037,0.0006057380456292723,-0.031199179203312527,2.2997835971460456,231,0.06722926930796083,0.14092028878398402
2022-07-08 00:00:00-04:00,119.70109469630934,120.42403079066237,119.03756838132858,119.21582794189453,2802000,0.0,0.0,0.05280829015544042,6.083607,0.0016,0.098500006,0.34451,0.06216,0.356,142027210752,0.181,29.523,12943287296,0.315,0.227,0.45,0.2202793529903911,-0.018757948025446166,1.0263519566298853,1.3765822818332791,-0.2290778130332124,0.013989854859610228,0.2309555732143903,0.18470131281221994,0.0025201104082715037,0.0006057380456292723,-0.031199179203312527,2.2997835971460456,231,0.06722926930796083,0.14092028878398402
2022-07-11 00:00:00-04:00,118.73056075273107,119.76050397161957,118.62162394218245,119.15640258789062,2338300,0.0,0.0,0.05280829015544042,6.083607,0.0016,0.098500006,0.34451,0.06216,0.356,142027210752,0.181,29.523,12943287296,0.315,0.227,0.45,0.2202793529903911,-0.018757948025446166,1.0263519566298853,1.3765822818332791,-0.2290778130332124,0.013989854859610228,0.2309555732143903,0.18470131281221994,0.0025201104082715037,0.0006057380456292723,-0.031199179203312527,2.2997835971460456,231,0.06722926930796083,0.14092028878398402
2022-07-12 00:00:00-04:00,118.19579785060252,118.41367150072033,115.37336091865077,115.91804504394531,2484200,0.0,0.0,0.05280829015544042,6.083607,0.0016,0.098500006,0.34451,0.06216,0.356,142027210752,0.181,29.523,12943287296,0.315,0.227,0.45,0.2202793529903911,-0.018757948025446166,1.0263519566298853,1.3765822818332791,-0.2290778130332124,0.013989854859610228,0.2309555732143903,0.18470131281221994,0.0025201104082715037,0.0006057380456292723,-0.031199179203312527,2.2997835971460456,231,0.06722926930796083,0.14092028878398402
2022-07-13 00:00:00-04:00,115.42287276621771,117.7897589801994,115.1059677203678,116.28445434570312,3411000,0.0,0.0,0.05280829015544042,6.083607,0.0016,0.098500006,0.34451,0.06216,0.356,142027210752,0.181,29.523,12943287296,0.315,0.227,0.45,0.2202793529903911,-0.018757948025446166,1.0263519566298853,1.3765822818332791,-0.2290778130332124,0.013989854859610228,0.2309555732143903,0.18470131281221994,0.0025201104082715037,0.0006057380456292723,-0.031199179203312527,2.2997835971460456,231,0.06722926930796083,0.14092028878398402
2022-07-14 00:00:00-04:00,113.71949030772005,114.2542689187125,110.05526817068542,111.24366760253906,4881100,0.0,0.0,0.05280829015544042,6.083607,0.0016,0.098500006,0.34451,0.06216,0.356,142027210752,0.181,29.523,12943287296,0.315,0.227,0.45,0.2202793529903911,-0.018757948025446166,1.0263519566298853,1.3765822818332791,-0.2290778130332124,0.013989854859610228,0.2309555732143903,0.18470131281221994,0.0025201104082715037,0.0006057380456292723,-0.031199179203312527,2.2997835971460456,231,0.06722926930796083,0.14092028878398402
2022-07-15 00:00:00-04:00,114.08592577962591,115.59123046023805,112.6400459914146,114.9574203491211,7515800,0.0,0.0,0.05280829015544042,6.083607,0.0016,0.098500006,0.34451,0.06216,0.356,142027210752,0.181,29.523,12943287296,0.315,0.227,0.45,0.2202793529903911,-0.018757948025446166,1.0263519566298853,1.3765822818332791,-0.2290778130332124,0.013989854859610228,0.2309555732143903,0.18470131281221994,0.0025201104082715037,0.0006057380456292723,-0.031199179203312527,2.2997835971460456,231,0.06722926930796083,0.14092028878398402
2022-07-18 00:00:00-04:00,115.07625337383219,115.33374108891296,109.01544332866689,109.2234115600586,3808500,0.0,0.0,0.05280829015544042,6.083607,0.0016,0.098500006,0.34451,0.06216,0.356,142027210752,0.181,29.523,12943287296,0.315,0.227,0.45,0.2202793529903911,-0.018757948025446166,1.0263519566298853,1.3765822818332791,-0.2290778130332124,0.013989854859610228,0.2309555732143903,0.18470131281221994,0.0025201104082715037,0.0006057380456292723,-0.031199179203312527,2.2997835971460456,231,0.06722926930796083,0.14092028878398402
2022-07-19 00:00:00-04:00,110.1840157072872,111.25356537288756,109.43136348988516,110.87724304199219,3118700,0.0,0.0,0.05280829015544042,6.083607,0.0016,0.098500006,0.34451,0.06216,0.356,142027210752,0.181,29.523,12943287296,0.315,0.227,0.45,0.2202793529903911,-0.018757948025446166,1.0263519566298853,1.3765822818332791,-0.2290778130332124,0.013989854859610228,0.2309555732143903,0.18470131281221994,0.0025201104082715037,0.0006057380456292723,-0.031199179203312527,2.2997835971460456,231,0.06722926930796083,0.14092028878398402
2022-07-20 00:00:00-04:00,111.40212466970294,111.66951777303,109.2729154726677,110.26324462890625,2801600,0.0,0.0,0.05280829015544042,6.083607,0.0016,0.098500006,0.34451,0.06216,0.356,142027210752,0.181,29.523,12943287296,0.315,0.227,0.45,0.2202793529903911,-0.018757948025446166,1.0263519566298853,1.3765822818332791,-0.2290778130332124,0.013989854859610228,0.2309555732143903,0.18470131281221994,0.0025201104082715037,0.0006057380456292723,-0.031199179203312527,2.2997835971460456,231,0.06722926930796083,0.14092028878398402
2022-07-21 00:00:00-04:00,109.88692703870367,111.03571253649194,108.36181916523243,110.21373748779297,3277400,0.0,0.0,0.05280829015544042,6.083607,0.0016,0.098500006,0.34451,0.06216,0.356,142027210752,0.181,29.523,12943287296,0.315,0.227,0.45,0.2202793529903911,-0.018757948025446166,1.0263519566298853,1.3765822818332791,-0.2290778130332124,0.013989854859610228,0.2309555732143903,0.18470131281221994,0.0025201104082715037,0.0006057380456292723,-0.031199179203312527,2.2997835971460456,231,0.06722926930796083,0.14092028878398402
2022-07-22 00:00:00-04:00,110.50093573657517,111.18425775781085,109.67896067393373,110.11470794677734,1697900,0.0,0.0,0.05280829015544042,6.083607,0.0016,0.098500006,0.34451,0.06216,0.356,142027210752,0.181,29.523,12943287296,0.315,0.227,0.45,0.2202793529903911,-0.018757948025446166,1.0263519566298853,1.3765822818332791,-0.2290778130332124,0.013989854859610228,0.2309555732143903,0.18470131281221994,0.0025201104082715037,0.0006057380456292723,-0.031199179203312527,2.2997835971460456,231,0.06722926930796083,0.14092028878398402
2022-07-25 00:00:00-04:00,110.68907779067978,111.88738262472397,110.51081825430728,111.55066680908203,2247800,0.0,0.0,0.05280829015544042,6.083607,0.0016,0.098500006,0.34451,0.06216,0.356,142027210752,0.181,29.523,12943287296,0.315,0.227,0.45,0.2202793529903911,-0.018757948025446166,1.0263519566298853,1.3765822818332791,-0.2290778130332124,0.013989854859610228,0.2309555732143903,0.18470131281221994,0.0025201104082715037,0.0006057380456292723,-0.031199179203312527,2.2997835971460456,231,0.06722926930796083,0.14092028878398402
2022-07-26 00:00:00-04:00,111.55067914962147,112.29342604073966,110.86734959199686,111.50115966796875,1925900,0.0,0.0,0.05280829015544042,6.083607,0.0016,0.098500006,0.34451,0.06216,0.356,142027210752,0.181,29.523,12943287296,0.315,0.227,0.45,0.2202793529903911,-0.018757948025446166,1.0263519566298853,1.3765822818332791,-0.2290778130332124,0.013989854859610228,0.2309555732143903,0.18470131281221994,0.0025201104082715037,0.0006057380456292723,-0.031199179203312527,2.2997835971460456,231,0.06722926930796083,0.14092028878398402
2022-07-27 00:00:00-04:00,111.61008752622942,112.55090471284431,110.79801795933454,112.02603149414062,1464000,0.0,0.0,0.05280829015544042,6.083607,0.0016,0.098500006,0.34451,0.06216,0.356,142027210752,0.181,29.523,12943287296,0.315,0.227,0.45,0.2202793529903911,-0.018757948025446166,1.0263519566298853,1.3765822818332791,-0.2290778130332124,0.013989854859610228,0.2309555732143903,0.18470131281221994,0.0025201104082715037,0.0006057380456292723,-0.031199179203312527,2.2997835971460456,231,0.06722926930796083,0.14092028878398402
2022-07-28 00:00:00-04:00,112.87771751943205,113.61055895978528,110.53063476219427,113.08568572998047,2078900,0.0,0.0,0.05280829015544042,6.083607,0.0016,0.098500006,0.34451,0.06216,0.356,142027210752,0.181,29.523,12943287296,0.315,0.227,0.45,0.2202793529903911,-0.018757948025446166,1.0263519566298853,1.3765822818332791,-0.2290778130332124,0.013989854859610228,0.2309555732143903,0.18470131281221994,0.0025201104082715037,0.0006057380456292723,-0.031199179203312527,2.2997835971460456,231,0.06722926930796083,0.14092028878398402
2022-07-29 00:00:00-04:00,113.31346318241205,114.29389451255761,113.23423503451123,113.94727325439453,2750300,0.0,0.0,0.05280829015544042,6.083607,0.0016,0.098500006,0.34451,0.06216,0.356,142027210752,0.181,29.523,12943287296,0.315,0.227,0.45,0.2202793529903911,-0.018757948025446166,1.0263519566298853,1.3765822818332791,-0.2290778130332124,0.013989854859610228,0.2309555732143903,0.18470131281221994,0.0025201104082715037,0.0006057380456292723,-0.031199179203312527,2.2997835971460456,231,0.06722926930796083,0.14092028878398402
2022-08-01 00:00:00-04:00,113.3926864986462,113.93737054774027,111.3427054816375,112.16468048095703,2294000,0.0,0.0,0.05280829015544042,6.083607,0.0016,0.098500006,0.34451,0.06216,0.356,142027210752,0.181,29.523,12943287296,0.315,0.227,0.45,0.2202793529903911,-0.018757948025446166,1.0263519566298853,1.3765822818332791,-0.2290778130332124,0.013989854859610228,0.2309555732143903,0.18470131281221994,0.0025201104082715037,0.0006057380456292723,-0.031199179203312527,2.2997835971460456,231,0.06722926930796083,0.14092028878398402
2022-08-02 00:00:00-04:00,111.79826564180001,113.9274749873581,111.27339236127898,112.09536743164062,3281300,0.0,0.0,0.05280829015544042,6.083607,0.0016,0.098500006,0.34451,0.06216,0.356,142027210752,0.181,29.523,12943287296,0.315,0.227,0.45,0.2202793529903911,-0.018757948025446166,1.0263519566298853,1.3765822818332791,-0.2290778130332124,0.013989854859610228,0.2309555732143903,0.18470131281221994,0.0025201104082715037,0.0006057380456292723,-0.031199179203312527,2.2997835971460456,231,0.06722926930796083,0.14092028878398402
2022-08-03 00:00:00-04:00,112.56081130531513,113.8878486982358,110.24343723766779,113.64026641845703,2378400,0.0,0.0,0.05280829015544042,6.083607,0.0016,0.098500006,0.34451,0.06216,0.356,142027210752,0.181,29.523,12943287296,0.315,0.227,0.45,0.2202793529903911,-0.018757948025446166,1.0263519566298853,1.3765822818332791,-0.2290778130332124,0.013989854859610228,0.2309555732143903,0.18470131281221994,0.0025201104082715037,0.0006057380456292723,-0.031199179203312527,2.2997835971460456,231,0.06722926930796083,0.14092028878398402
2022-08-04 00:00:00-04:00,113.72940133540483,116.30426329161048,113.38278762764243,115.65064239501953,2628700,0.0,0.0,0.05280829015544042,6.083607,0.0016,0.098500006,0.34451,0.06216,0.356,142027210752,0.181,29.523,12943287296,0.315,0.227,0.45,0.2202793529903911,-0.018757948025446166,1.0263519566298853,1.3765822818332791,-0.2290778130332124,0.013989854859610228,0.2309555732143903,0.18470131281221994,0.0025201104082715037,0.0006057380456292723,-0.031199179203312527,2.2997835971460456,231,0.06722926930796083,0.14092028878398402
2022-08-05 00:00:00-04:00,115.36344870579467,117.25498114241913,114.91780357910308,117.13613891601562,1525700,0.0,0.0,0.05280829015544042,6.083607,0.0016,0.098500006,0.34451,0.06216,0.356,142027210752,0.181,29.523,12943287296,0.315,0.227,0.45,0.2202793529903911,-0.018757948025446166,1.0263519566298853,1.3765822818332791,-0.2290778130332124,0.013989854859610228,0.2309555732143903,0.18470131281221994,0.0025201104082715037,0.0006057380456292723,-0.031199179203312527,2.2997835971460456,231,0.06722926930796083,0.14092028878398402
2022-08-08 00:00:00-04:00,117.44313999361832,118.2255009935547,116.98758945358178,117.34410858154297,1574100,0.0,0.0,0.05280829015544042,6.083607,0.0016,0.098500006,0.34451,0.06216,0.356,142027210752,0.181,29.523,12943287296,0.315,0.227,0.45,0.2202793529903911,-0.018757948025446166,1.0263519566298853,1.3765822818332791,-0.2290778130332124,0.013989854859610228,0.2309555732143903,0.18470131281221994,0.0025201104082715037,0.0006057380456292723,-0.031199179203312527,2.2997835971460456,231,0.06722926930796083,0.14092028878398402
2022-08-09 00:00:00-04:00,118.12646243741443,119.07717753594271,117.86897473710096,118.50279235839844,1583800,0.0,0.0,0.05280829015544042,6.083607,0.0016,0.098500006,0.34451,0.06216,0.356,142027210752,0.181,29.523,12943287296,0.315,0.227,0.45,0.2202793529903911,-0.018757948025446166,1.0263519566298853,1.3765822818332791,-0.2290778130332124,0.013989854859610228,0.2309555732143903,0.18470131281221994,0.0025201104082715037,0.0006057380456292723,-0.031199179203312527,2.2997835971460456,231,0.06722926930796083,0.14092028878398402
2022-08-10 00:00:00-04:00,119.55253209409315,119.80011437309662,118.68103763640956,119.72088623046875,2189500,0.0,0.0,0.05280829015544042,6.083607,0.0016,0.098500006,0.34451,0.06216,0.356,142027210752,0.181,29.523,12943287296,0.315,0.227,0.45,0.2202793529903911,-0.018757948025446166,1.0263519566298853,1.3765822818332791,-0.2290778130332124,0.013989854859610228,0.2309555732143903,0.18470131281221994,0.0025201104082715037,0.0006057380456292723,-0.031199179203312527,2.2997835971460456,231,0.06722926930796083,0.14092028878398402
2022-08-11 00:00:00-04:00,120.15664067741704,120.968710299107,119.09698876185075,119.29505157470703,2376700,0.0,0.0,0.05280829015544042,6.083607,0.0016,0.098500006,0.34451,0.06216,0.356,142027210752,0.181,29.523,12943287296,0.315,0.227,0.45,0.2202793529903911,-0.018757948025446166,1.0263519566298853,1.3765822818332791,-0.2290778130332124,0.013989854859610228,0.2309555732143903,0.18470131281221994,0.0025201104082715037,0.0006057380456292723,-0.031199179203312527,2.2997835971460456,231,0.06722926930796083,0.14092028878398402
2022-08-12 00:00:00-04:00,119.67137030155244,120.62209293005978,119.55253563969785,120.59237670898438,1619300,0.0,0.0,0.05280829015544042,6.083607,0.0016,0.098500006,0.34451,0.06216,0.356,142027210752,0.181,29.523,12943287296,0.315,0.227,0.45,0.2202793529903911,-0.018757948025446166,1.0263519566298853,1.3765822818332791,-0.2290778130332124,0.013989854859610228,0.2309555732143903,0.18470131281221994,0.0025201104082715037,0.0006057380456292723,-0.031199179203312527,2.2997835971460456,231,0.06722926930796083,0.14092028878398402
2022-08-15 00:00:00-04:00,119.76051312246474,120.99842465000383,119.16631710036846,120.83007049560547,1690000,0.0,0.0,0.05280829015544042,6.083607,0.0016,0.098500006,0.34451,0.06216,0.356,142027210752,0.181,29.523,12943287296,0.315,0.227,0.45,0.2202793529903911,-0.018757948025446166,1.0263519566298853,1.3765822818332791,-0.2290778130332124,0.013989854859610228,0.2309555732143903,0.18470131281221994,0.0025201104082715037,0.0006057380456292723,-0.031199179203312527,2.2997835971460456,231,0.06722926930796083,0.14092028878398402
2022-08-16 00:00:00-04:00,120.46364162458995,121.58271088515835,120.27547666138537,121.305419921875,1916200,0.0,0.0,0.05280829015544042,6.083607,0.0016,0.098500006,0.34451,0.06216,0.356,142027210752,0.181,29.523,12943287296,0.315,0.227,0.45,0.2202793529903911,-0.018757948025446166,1.0263519566298853,1.3765822818332791,-0.2290778130332124,0.013989854859610228,0.2309555732143903,0.18470131281221994,0.0025201104082715037,0.0006057380456292723,-0.031199179203312527,2.2997835971460456,231,0.06722926930796083,0.14092028878398402
2022-08-17 00:00:00-04:00,121.30540379752802,126.19763174565837,120.94888473337862,125.83120727539062,4099900,0.0,0.0,0.05280829015544042,6.083607,0.0016,0.098500006,0.34451,0.06216,0.356,142027210752,0.181,29.523,12943287296,0.315,0.227,0.45,0.2202793529903911,-0.018757948025446166,1.0263519566298853,1.3765822818332791,-0.2290778130332124,0.013989854859610228,0.2309555732143903,0.18470131281221994,0.0025201104082715037,0.0006057380456292723,-0.031199179203312527,2.2997835971460456,231,0.06722926930796083,0.14092028878398402
2022-08-18 00:00:00-04:00,125.89066044984472,127.33654028802285,125.74210954712781,126.97012329101562,2241000,0.0,0.0,0.05280829015544042,6.083607,0.0016,0.098500006,0.34451,0.06216,0.356,142027210752,0.181,29.523,12943287296,0.315,0.227,0.45,0.2202793529903911,-0.018757948025446166,1.0263519566298853,1.3765822818332791,-0.2290778130332124,0.013989854859610228,0.2309555732143903,0.18470131281221994,0.0025201104082715037,0.0006057380456292723,-0.031199179203312527,2.2997835971460456,231,0.06722926930796083,0.14092028878398402
2022-08-19 00:00:00-04:00,126.85126335428934,126.94038935542194,125.87083956376993,126.2471694946289,2058700,0.0,0.0,0.05280829015544042,6.083607,0.0016,0.098500006,0.34451,0.06216,0.356,142027210752,0.181,29.523,12943287296,0.315,0.227,0.45,0.2202793529903911,-0.018757948025446166,1.0263519566298853,1.3765822818332791,-0.2290778130332124,0.013989854859610228,0.2309555732143903,0.18470131281221994,0.0025201104082715037,0.0006057380456292723,-0.031199179203312527,2.2997835971460456,231,0.06722926930796083,0.14092028878398402
2022-08-22 00:00:00-04:00,125.95006724267861,126.41552317293223,124.53389619249967,124.72206115722656,1584400,0.0,0.0,0.05280829015544042,6.083607,0.0016,0.098500006,0.34451,0.06216,0.356,142027210752,0.181,29.523,12943287296,0.315,0.227,0.45,0.2202793529903911,-0.018757948025446166,1.0263519566298853,1.3765822818332791,-0.2290778130332124,0.013989854859610228,0.2309555732143903,0.18470131281221994,0.0025201104082715037,0.0006057380456292723,-0.031199179203312527,2.2997835971460456,231,0.06722926930796083,0.14092028878398402
2022-08-23 00:00:00-04:00,124.45466756739711,124.81118668045646,123.13752793057292,123.19695281982422,1757400,0.0,0.0,0.05280829015544042,6.083607,0.0016,0.098500006,0.34451,0.06216,0.356,142027210752,0.181,29.523,12943287296,0.315,0.227,0.45,0.2202793529903911,-0.018757948025446166,1.0263519566298853,1.3765822818332791,-0.2290778130332124,0.013989854859610228,0.2309555732143903,0.18470131281221994,0.0025201104082715037,0.0006057380456292723,-0.031199179203312527,2.2997835971460456,231,0.06722926930796083,0.14092028878398402
2022-08-24 00:00:00-04:00,122.8998659837845,124.54381626673616,122.5829609064895,124.26652526855469,1567900,0.0,0.0,0.05280829015544042,6.083607,0.0016,0.098500006,0.34451,0.06216,0.356,142027210752,0.181,29.523,12943287296,0.315,0.227,0.45,0.2202793529903911,-0.018757948025446166,1.0263519566298853,1.3765822818332791,-0.2290778130332124,0.013989854859610228,0.2309555732143903,0.18470131281221994,0.0025201104082715037,0.0006057380456292723,-0.031199179203312527,2.2997835971460456,231,0.06722926930796083,0.14092028878398402
2022-08-25 00:00:00-04:00,124.76167604884992,125.27664390882792,124.17737789142402,125.20732116699219,1192200,0.0,0.0,0.05280829015544042,6.083607,0.0016,0.098500006,0.34451,0.06216,0.356,142027210752,0.181,29.523,12943287296,0.315,0.227,0.45,0.2202793529903911,-0.018757948025446166,1.0263519566298853,1.3765822818332791,-0.2290778130332124,0.013989854859610228,0.2309555732143903,0.18470131281221994,0.0025201104082715037,0.0006057380456292723,-0.031199179203312527,2.2997835971460456,231,0.06722926930796083,0.14092028878398402
2022-08-26 00:00:00-04:00,125.20731491757401,125.52421994380728,123.8802699257391,123.94960021972656,1827300,0.0,0.0,0.05280829015544042,6.083607,0.0016,0.098500006,0.34451,0.06216,0.356,142027210752,0.181,29.523,12943287296,0.315,0.227,0.45,0.2202793529903911,-0.018757948025446166,1.0263519566298853,1.3765822818332791,-0.2290778130332124,0.013989854859610228,0.2309555732143903,0.18470131281221994,0.0025201104082715037,0.0006057380456292723,-0.031199179203312527,2.2997835971460456,231,0.06722926930796083,0.14092028878398402
2022-08-29 00:00:00-04:00,123.7515415254118,125.01916174987701,122.77111768861643,123.81095886230469,1591900,0.0,0.0,0.05280829015544042,6.083607,0.0016,0.098500006,0.34451,0.06216,0.356,142027210752,0.181,29.523,12943287296,0.315,0.227,0.45,0.2202793529903911,-0.018757948025446166,1.0263519566298853,1.3765822818332791,-0.2290778130332124,0.013989854859610228,0.2309555732143903,0.18470131281221994,0.0025201104082715037,0.0006057380456292723,-0.031199179203312527,2.2997835971460456,231,0.06722926930796083,0.14092028878398402
2022-08-30 00:00:00-04:00,123.48415059901367,123.94960653279071,122.66217554811433,123.03849792480469,1526100,0.0,0.0,0.05280829015544042,6.083607,0.0016,0.098500006,0.34451,0.06216,0.356,142027210752,0.181,29.523,12943287296,0.315,0.227,0.45,0.2202793529903911,-0.018757948025446166,1.0263519566298853,1.3765822818332791,-0.2290778130332124,0.013989854859610228,0.2309555732143903,0.18470131281221994,0.0025201104082715037,0.0006057380456292723,-0.031199179203312527,2.2997835971460456,231,0.06722926930796083,0.14092028878398402
2022-08-31 00:00:00-04:00,123.42472235212303,123.88027286591966,121.38464666955285,121.46387481689453,2103900,0.0,0.0,0.05280829015544042,6.083607,0.0016,0.098500006,0.34451,0.06216,0.356,142027210752,0.181,29.523,12943287296,0.315,0.227,0.45,0.2202793529903911,-0.018757948025446166,1.0263519566298853,1.3765822818332791,-0.2290778130332124,0.013989854859610228,0.2309555732143903,0.18470131281221994,0.0025201104082715037,0.0006057380456292723,-0.031199179203312527,2.2997835971460456,231,0.06722926930796083,0.14092028878398402
2022-09-01 00:00:00-04:00,121.46386685360072,122.98897458968638,121.15685969168243,122.50370788574219,2382600,0.0,0.0,0.05280829015544042,6.083607,0.0016,0.098500006,0.34451,0.06216,0.356,142027210752,0.181,29.523,12943287296,0.315,0.227,0.45,0.2202793529903911,-0.018757948025446166,1.0263519566298853,1.3765822818332791,-0.2290778130332124,0.013989854859610228,0.2309555732143903,0.18470131281221994,0.0025201104082715037,0.0006057380456292723,-0.031199179203312527,2.2997835971460456,231,0.06722926930796083,0.14092028878398402
2022-09-02 00:00:00-04:00,123.2167602183593,124.20708944221163,120.6815198230933,121.22620391845703,1826500,0.0,0.0,0.05280829015544042,6.083607,0.0016,0.098500006,0.34451,0.06216,0.356,142027210752,0.181,29.523,12943287296,0.315,0.227,0.45,0.2202793529903911,-0.018757948025446166,1.0263519566298853,1.3765822818332791,-0.2290778130332124,0.013989854859610228,0.2309555732143903,0.18470131281221994,0.0025201104082715037,0.0006057380456292723,-0.031199179203312527,2.2997835971460456,231,0.06722926930796083,0.14092028878398402
2022-09-06 00:00:00-04:00,121.29551696777344,122.69187713288748,120.8201556538465,121.29551696777344,2219800,0.0,0.0,0.05280829015544042,6.083607,0.0016,0.098500006,0.34451,0.06216,0.356,142027210752,0.181,29.523,12943287296,0.315,0.227,0.45,0.2202793529903911,-0.018757948025446166,1.0263519566298853,1.3765822818332791,-0.2290778130332124,0.013989854859610228,0.2309555732143903,0.18470131281221994,0.0025201104082715037,0.0006057380456292723,-0.031199179203312527,2.2997835971460456,231,0.06722926930796083,0.14092028878398402
2022-09-07 00:00:00-04:00,121.52329551786349,126.11842241247614,120.7805486160755,125.9698715209961,2448800,0.0,0.0,0.05280829015544042,6.083607,0.0016,0.098500006,0.34451,0.06216,0.356,142027210752,0.181,29.523,12943287296,0.315,0.227,0.45,0.2202793529903911,-0.018757948025446166,1.0263519566298853,1.3765822818332791,-0.2290778130332124,0.013989854859610228,0.2309555732143903,0.18470131281221994,0.0025201104082715037,0.0006057380456292723,-0.031199179203312527,2.2997835971460456,231,0.06722926930796083,0.14092028878398402
2022-09-08 00:00:00-04:00,125.7222779653658,127.99014009808495,124.65272826480567,127.97032928466797,1998700,0.0,0.0,0.05280829015544042,6.083607,0.0016,0.098500006,0.34451,0.06216,0.356,142027210752,0.181,29.523,12943287296,0.315,0.227,0.45,0.2202793529903911,-0.018757948025446166,1.0263519566298853,1.3765822818332791,-0.2290778130332124,0.013989854859610228,0.2309555732143903,0.18470131281221994,0.0025201104082715037,0.0006057380456292723,-0.031199179203312527,2.2997835971460456,231,0.06722926930796083,0.14092028878398402
2022-09-09 00:00:00-04:00,127.20776778748164,127.75245180579739,126.15802137648544,127.43553924560547,2544300,0.0,0.0,0.05280829015544042,6.083607,0.0016,0.098500006,0.34451,0.06216,0.356,142027210752,0.181,29.523,12943287296,0.315,0.227,0.45,0.2202793529903911,-0.018757948025446166,1.0263519566298853,1.3765822818332791,-0.2290778130332124,0.013989854859610228,0.2309555732143903,0.18470131281221994,0.0025201104082715037,0.0006057380456292723,-0.031199179203312527,2.2997835971460456,231,0.06722926930796083,0.14092028878398402
2022-09-12 00:00:00-04:00,127.42565966931085,128.5051148987302,126.28677954852755,127.85150909423828,2445600,0.0,0.0,0.05280829015544042,6.083607,0.0016,0.098500006,0.34451,0.06216,0.356,142027210752,0.181,29.523,12943287296,0.315,0.227,0.45,0.2202793529903911,-0.018757948025446166,1.0263519566298853,1.3765822818332791,-0.2290778130332124,0.013989854859610228,0.2309555732143903,0.18470131281221994,0.0025201104082715037,0.0006057380456292723,-0.031199179203312527,2.2997835971460456,231,0.06722926930796083,0.14092028878398402
2022-09-13 00:00:00-04:00,126.50464168274127,127.51477407671803,125.28654107693436,125.48460388183594,3045000,0.0,0.0,0.05280829015544042,6.083607,0.0016,0.098500006,0.34451,0.06216,0.356,142027210752,0.181,29.523,12943287296,0.315,0.227,0.45,0.2202793529903911,-0.018757948025446166,1.0263519566298853,1.3765822818332791,-0.2290778130332124,0.013989854859610228,0.2309555732143903,0.18470131281221994,0.0025201104082715037,0.0006057380456292723,-0.031199179203312527,2.2997835971460456,231,0.06722926930796083,0.14092028878398402
2022-09-14 00:00:00-04:00,126.1679400335963,127.34642662923176,125.90054692175441,126.80174255371094,2941800,0.0,0.0,0.05280829015544042,6.083607,0.0016,0.098500006,0.34451,0.06216,0.356,142027210752,0.181,29.523,12943287296,0.315,0.227,0.45,0.2202793529903911,-0.018757948025446166,1.0263519566298853,1.3765822818332791,-0.2290778130332124,0.013989854859610228,0.2309555732143903,0.18470131281221994,0.0025201104082715037,0.0006057380456292723,-0.031199179203312527,2.2997835971460456,231,0.06722926930796083,0.14092028878398402
2022-09-15 00:00:00-04:00,126.90078005390374,127.90100708198341,125.77180539730603,125.86093139648438,2071300,0.0,0.0,0.05280829015544042,6.083607,0.0016,0.098500006,0.34451,0.06216,0.356,142027210752,0.181,29.523,12943287296,0.315,0.227,0.45,0.2202793529903911,-0.018757948025446166,1.0263519566298853,1.3765822818332791,-0.2290778130332124,0.013989854859610228,0.2309555732143903,0.18470131281221994,0.0025201104082715037,0.0006057380456292723,-0.031199179203312527,2.2997835971460456,231,0.06722926930796083,0.14092028878398402
2022-09-16 00:00:00-04:00,125.45490299919011,125.79161129953266,123.43463053029839,123.68221282958984,4036900,0.0,0.0,0.05280829015544042,6.083607,0.0016,0.098500006,0.34451,0.06216,0.356,142027210752,0.181,29.523,12943287296,0.315,0.227,0.45,0.2202793529903911,-0.018757948025446166,1.0263519566298853,1.3765822818332791,-0.2290778130332124,0.013989854859610228,0.2309555732143903,0.18470131281221994,0.0025201104082715037,0.0006057380456292723,-0.031199179203312527,2.2997835971460456,231,0.06722926930796083,0.14092028878398402
2022-09-19 00:00:00-04:00,123.03849863199414,126.12832847960956,122.61265677051779,126.05900573730469,1858400,0.0,0.0,0.05280829015544042,6.083607,0.0016,0.098500006,0.34451,0.06216,0.356,142027210752,0.181,29.523,12943287296,0.315,0.227,0.45,0.2202793529903911,-0.018757948025446166,1.0263519566298853,1.3765822818332791,-0.2290778130332124,0.013989854859610228,0.2309555732143903,0.18470131281221994,0.0025201104082715037,0.0006057380456292723,-0.031199179203312527,2.2997835971460456,231,0.06722926930796083,0.14092028878398402
2022-09-20 00:00:00-04:00,124.79138570171257,125.22712541571674,122.30565727234688,123.89018249511719,2049400,0.0,0.0,0.05280829015544042,6.083607,0.0016,0.098500006,0.34451,0.06216,0.356,142027210752,0.181,29.523,12943287296,0.315,0.227,0.45,0.2202793529903911,-0.018757948025446166,1.0263519566298853,1.3765822818332791,-0.2290778130332124,0.013989854859610228,0.2309555732143903,0.18470131281221994,0.0025201104082715037,0.0006057380456292723,-0.031199179203312527,2.2997835971460456,231,0.06722926930796083,0.14092028878398402
2022-09-21 00:00:00-04:00,124.59330971949205,124.83099415892019,120.18634796142578,120.18634796142578,2768200,0.0,0.0,0.05280829015544042,6.083607,0.0016,0.098500006,0.34451,0.06216,0.356,142027210752,0.181,29.523,12943287296,0.315,0.227,0.45,0.2202793529903911,-0.018757948025446166,1.0263519566298853,1.3765822818332791,-0.2290778130332124,0.013989854859610228,0.2309555732143903,0.18470131281221994,0.0025201104082715037,0.0006057380456292723,-0.031199179203312527,2.2997835971460456,231,0.06722926930796083,0.14092028878398402
2022-09-22 00:00:00-04:00,120.62209238201247,122.28584564092338,119.38418095590647,121.23609161376953,2280000,0.0,0.0,0.05280829015544042,6.083607,0.0016,0.098500006,0.34451,0.06216,0.356,142027210752,0.181,29.523,12943287296,0.315,0.227,0.45,0.2202793529903911,-0.018757948025446166,1.0263519566298853,1.3765822818332791,-0.2290778130332124,0.013989854859610228,0.2309555732143903,0.18470131281221994,0.0025201104082715037,0.0006057380456292723,-0.031199179203312527,2.2997835971460456,231,0.06722926930796083,0.14092028878398402
2022-09-23 00:00:00-04:00,120.7805400100593,121.04793310679315,119.31485712610863,120.35469818115234,2004200,0.0,0.0,0.05280829015544042,6.083607,0.0016,0.098500006,0.34451,0.06216,0.356,142027210752,0.181,29.523,12943287296,0.315,0.227,0.45,0.2202793529903911,-0.018757948025446166,1.0263519566298853,1.3765822818332791,-0.2290778130332124,0.013989854859610228,0.2309555732143903,0.18470131281221994,0.0025201104082715037,0.0006057380456292723,-0.031199179203312527,2.2997835971460456,231,0.06722926930796083,0.14092028878398402
2022-09-26 00:00:00-04:00,119.52284013868379,120.0080993577981,117.32430798488254,117.73033905029297,2435300,0.0,0.0,0.05280829015544042,6.083607,0.0016,0.098500006,0.34451,0.06216,0.356,142027210752,0.181,29.523,12943287296,0.315,0.227,0.45,0.2202793529903911,-0.018757948025446166,1.0263519566298853,1.3765822818332791,-0.2290778130332124,0.013989854859610228,0.2309555732143903,0.18470131281221994,0.0025201104082715037,0.0006057380456292723,-0.031199179203312527,2.2997835971460456,231,0.06722926930796083,0.14092028878398402
2022-09-27 00:00:00-04:00,118.54240003848126,119.37428048010636,117.14603982107016,117.94820404052734,2118300,0.0,0.0,0.05280829015544042,6.083607,0.0016,0.098500006,0.34451,0.06216,0.356,142027210752,0.181,29.523,12943287296,0.315,0.227,0.45,0.2202793529903911,-0.018757948025446166,1.0263519566298853,1.3765822818332791,-0.2290778130332124,0.013989854859610228,0.2309555732143903,0.18470131281221994,0.0025201104082715037,0.0006057380456292723,-0.031199179203312527,2.2997835971460456,231,0.06722926930796083,0.14092028878398402
2022-09-28 00:00:00-04:00,118.4433657734964,118.88901842791768,116.87864389067047,117.89868927001953,4193500,0.0,0.0,0.05280829015544042,6.083607,0.0016,0.098500006,0.34451,0.06216,0.356,142027210752,0.181,29.523,12943287296,0.315,0.227,0.45,0.2202793529903911,-0.018757948025446166,1.0263519566298853,1.3765822818332791,-0.2290778130332124,0.013989854859610228,0.2309555732143903,0.18470131281221994,0.0025201104082715037,0.0006057380456292723,-0.031199179203312527,2.2997835971460456,231,0.06722926930796083,0.14092028878398402
2022-09-29 00:00:00-04:00,117.70061426975741,118.05713335700916,116.02696319663775,117.24506378173828,2303500,0.0,0.0,0.05280829015544042,6.083607,0.0016,0.098500006,0.34451,0.06216,0.356,142027210752,0.181,29.523,12943287296,0.315,0.227,0.45,0.2202793529903911,-0.018757948025446166,1.0263519566298853,1.3765822818332791,-0.2290778130332124,0.013989854859610228,0.2309555732143903,0.18470131281221994,0.0025201104082715037,0.0006057380456292723,-0.031199179203312527,2.2997835971460456,231,0.06722926930796083,0.14092028878398402
2022-09-30 00:00:00-04:00,117.11632892939737,117.68081625007058,115.01682838386286,115.08615112304688,2814200,0.0,0.0,0.05280829015544042,6.083607,0.0016,0.098500006,0.34451,0.06216,0.356,142027210752,0.181,29.523,12943287296,0.315,0.227,0.45,0.2202793529903911,-0.018757948025446166,1.0263519566298853,1.3765822818332791,-0.2290778130332124,0.013989854859610228,0.2309555732143903,0.18470131281221994,0.0025201104082715037,0.0006057380456292723,-0.031199179203312527,2.2997835971460456,231,0.06722926930796083,0.14092028878398402
2022-10-03 00:00:00-04:00,116.27455735713228,119.49312732241569,115.26441732150043,119.33467102050781,2427900,0.0,0.0,0.05280829015544042,6.083607,0.0016,0.098500006,0.34451,0.06216,0.356,142027210752,0.181,29.523,12943287296,0.315,0.227,0.45,0.2202793529903911,-0.018757948025446166,1.0263519566298853,1.3765822818332791,-0.2290778130332124,0.013989854859610228,0.2309555732143903,0.18470131281221994,0.0025201104082715037,0.0006057380456292723,-0.031199179203312527,2.2997835971460456,231,0.06722926930796083,0.14092028878398402
2022-10-04 00:00:00-04:00,119.95856406678965,122.88003951587599,119.29504536707475,122.74139404296875,2425800,0.0,0.0,0.05280829015544042,6.083607,0.0016,0.098500006,0.34451,0.06216,0.356,142027210752,0.181,29.523,12943287296,0.315,0.227,0.45,0.2202793529903911,-0.018757948025446166,1.0263519566298853,1.3765822818332791,-0.2290778130332124,0.013989854859610228,0.2309555732143903,0.18470131281221994,0.0025201104082715037,0.0006057380456292723,-0.031199179203312527,2.2997835971460456,231,0.06722926930796083,0.14092028878398402
2022-10-05 00:00:00-04:00,121.79068560588907,122.41459026786008,120.89938783477903,121.15686798095703,2600600,0.0,0.0,0.05280829015544042,6.083607,0.0016,0.098500006,0.34451,0.06216,0.356,142027210752,0.181,29.523,12943287296,0.315,0.227,0.45,0.2202793529903911,-0.018757948025446166,1.0263519566298853,1.3765822818332791,-0.2290778130332124,0.013989854859610228,0.2309555732143903,0.18470131281221994,0.0025201104082715037,0.0006057380456292723,-0.031199179203312527,2.2997835971460456,231,0.06722926930796083,0.14092028878398402
2022-10-06 00:00:00-04:00,120.35405786072253,121.8605864242403,120.34414434940253,120.83971405029297,2750500,0.1,0.0,0.05280829015544042,6.083607,0.0016,0.098500006,0.34451,0.06216,0.356,142027210752,0.181,29.523,12943287296,0.315,0.227,0.45,0.2202793529903911,-0.018757948025446166,1.0263519566298853,1.3765822818332791,-0.2290778130332124,0.013989854859610228,0.2309555732143903,0.18470131281221994,0.0025201104082715037,0.0006057380456292723,-0.031199179203312527,2.2997835971460456,231,0.06722926930796083,0.14092028878398402
2022-10-07 00:00:00-04:00,120.85953692411124,121.682176852387,119.74945810997737,120.87935638427734,2521800,0.0,0.0,0.05280829015544042,6.083607,0.0016,0.098500006,0.34451,0.06216,0.356,142027210752,0.181,29.523,12943287296,0.315,0.227,0.45,0.2202793529903911,-0.018757948025446166,1.0263519566298853,1.3765822818332791,-0.2290778130332124,0.013989854859610228,0.2309555732143903,0.18470131281221994,0.0025201104082715037,0.0006057380456292723,-0.031199179203312527,2.2997835971460456,231,0.06722926930796083,0.14092028878398402
2022-10-10 00:00:00-04:00,121.06766510792627,123.29772849793878,120.75050083937397,122.6336669921875,2571100,0.0,0.0,0.05280829015544042,6.083607,0.0016,0.098500006,0.34451,0.06216,0.356,142027210752,0.181,29.523,12943287296,0.315,0.227,0.45,0.2202793529903911,-0.018757948025446166,1.0263519566298853,1.3765822818332791,-0.2290778130332124,0.013989854859610228,0.2309555732143903,0.18470131281221994,0.0025201104082715037,0.0006057380456292723,-0.031199179203312527,2.2997835971460456,231,0.06722926930796083,0.14092028878398402
2022-10-11 00:00:00-04:00,122.22729475356928,124.1996597880799,121.51367326764979,122.35614013671875,2629500,0.0,0.0,0.05280829015544042,6.083607,0.0016,0.098500006,0.34451,0.06216,0.356,142027210752,0.181,29.523,12943287296,0.315,0.227,0.45,0.2202793529903911,-0.018757948025446166,1.0263519566298853,1.3765822818332791,-0.2290778130332124,0.013989854859610228,0.2309555732143903,0.18470131281221994,0.0025201104082715037,0.0006057380456292723,-0.031199179203312527,2.2997835971460456,231,0.06722926930796083,0.14092028878398402
2022-10-12 00:00:00-04:00,122.57420091690764,123.46622783929752,120.29458496168142,120.3243179321289,2225900,0.0,0.0,0.05280829015544042,6.083607,0.0016,0.098500006,0.34451,0.06216,0.356,142027210752,0.181,29.523,12943287296,0.315,0.227,0.45,0.2202793529903911,-0.018757948025446166,1.0263519566298853,1.3765822818332791,-0.2290778130332124,0.013989854859610228,0.2309555732143903,0.18470131281221994,0.0025201104082715037,0.0006057380456292723,-0.031199179203312527,2.2997835971460456,231,0.06722926930796083,0.14092028878398402
2022-10-13 00:00:00-04:00,112.52404579259365,121.86057637240236,109.06497168300712,121.33527374267578,7584800,0.0,0.0,0.05280829015544042,6.083607,0.0016,0.098500006,0.34451,0.06216,0.356,142027210752,0.181,29.523,12943287296,0.315,0.227,0.45,0.2202793529903911,-0.018757948025446166,1.0263519566298853,1.3765822818332791,-0.2290778130332124,0.013989854859610228,0.2309555732143903,0.18470131281221994,0.0025201104082715037,0.0006057380456292723,-0.031199179203312527,2.2997835971460456,231,0.06722926930796083,0.14092028878398402
2022-10-14 00:00:00-04:00,122.64357036958317,122.75259629353059,114.61534384619115,114.86312866210938,3681700,0.0,0.0,0.05280829015544042,6.083607,0.0016,0.098500006,0.34451,0.06216,0.356,142027210752,0.181,29.523,12943287296,0.315,0.227,0.45,0.2202793529903911,-0.018757948025446166,1.0263519566298853,1.3765822818332791,-0.2290778130332124,0.013989854859610228,0.2309555732143903,0.18470131281221994,0.0025201104082715037,0.0006057380456292723,-0.031199179203312527,2.2997835971460456,231,0.06722926930796083,0.14092028878398402
2022-10-17 00:00:00-04:00,115.7056041321796,119.1646858642386,115.55693171920919,118.53034973144531,2644000,0.0,0.0,0.05280829015544042,6.083607,0.0016,0.098500006,0.34451,0.06216,0.356,142027210752,0.181,29.523,12943287296,0.315,0.227,0.45,0.2202793529903911,-0.018757948025446166,1.0263519566298853,1.3765822818332791,-0.2290778130332124,0.013989854859610228,0.2309555732143903,0.18470131281221994,0.0025201104082715037,0.0006057380456292723,-0.031199179203312527,2.2997835971460456,231,0.06722926930796083,0.14092028878398402
2022-10-18 00:00:00-04:00,120.50273120815403,120.83971497768484,118.24293456463766,119.19442749023438,2615700,0.0,0.0,0.05280829015544042,6.083607,0.0016,0.098500006,0.34451,0.06216,0.356,142027210752,0.181,29.523,12943287296,0.315,0.227,0.45,0.2202793529903911,-0.018757948025446166,1.0263519566298853,1.3765822818332791,-0.2290778130332124,0.013989854859610228,0.2309555732143903,0.18470131281221994,0.0025201104082715037,0.0006057380456292723,-0.031199179203312527,2.2997835971460456,231,0.06722926930796083,0.14092028878398402
2022-10-19 00:00:00-04:00,119.18450403835445,121.53350696493173,119.04574513755676,120.12608337402344,2001400,0.0,0.0,0.05280829015544042,6.083607,0.0016,0.098500006,0.34451,0.06216,0.356,142027210752,0.181,29.523,12943287296,0.315,0.227,0.45,0.2202793529903911,-0.018757948025446166,1.0263519566298853,1.3765822818332791,-0.2290778130332124,0.013989854859610228,0.2309555732143903,0.18470131281221994,0.0025201104082715037,0.0006057380456292723,-0.031199179203312527,2.2997835971460456,231,0.06722926930796083,0.14092028878398402
2022-10-20 00:00:00-04:00,117.82664319027717,119.4521111191202,116.96435679543804,117.80682373046875,2502000,0.0,0.0,0.05280829015544042,6.083607,0.0016,0.098500006,0.34451,0.06216,0.356,142027210752,0.181,29.523,12943287296,0.315,0.227,0.45,0.2202793529903911,-0.018757948025446166,1.0263519566298853,1.3765822818332791,-0.2290778130332124,0.013989854859610228,0.2309555732143903,0.18470131281221994,0.0025201104082715037,0.0006057380456292723,-0.031199179203312527,2.2997835971460456,231,0.06722926930796083,0.14092028878398402
2022-10-21 00:00:00-04:00,118.53035391262364,121.41457311589465,117.61850750486934,121.3650131225586,2985100,0.0,0.0,0.05280829015544042,6.083607,0.0016,0.098500006,0.34451,0.06216,0.356,142027210752,0.181,29.523,12943287296,0.315,0.227,0.45,0.2202793529903911,-0.018757948025446166,1.0263519566298853,1.3765822818332791,-0.2290778130332124,0.013989854859610228,0.2309555732143903,0.18470131281221994,0.0025201104082715037,0.0006057380456292723,-0.031199179203312527,2.2997835971460456,231,0.06722926930796083,0.14092028878398402
2022-10-24 00:00:00-04:00,122.57419459905728,124.65558560282362,121.01810621090229,122.16783142089844,2607800,0.0,0.0,0.05280829015544042,6.083607,0.0016,0.098500006,0.34451,0.06216,0.356,142027210752,0.181,29.523,12943287296,0.315,0.227,0.45,0.2202793529903911,-0.018757948025446166,1.0263519566298853,1.3765822818332791,-0.2290778130332124,0.013989854859610228,0.2309555732143903,0.18470131281221994,0.0025201104082715037,0.0006057380456292723,-0.031199179203312527,2.2997835971460456,231,0.06722926930796083,0.14092028878398402
2022-10-25 00:00:00-04:00,120.7604109155604,121.48394594512953,119.20432248825539,121.02802276611328,2473200,0.0,0.0,0.05280829015544042,6.083607,0.0016,0.098500006,0.34451,0.06216,0.356,142027210752,0.181,29.523,12943287296,0.315,0.227,0.45,0.2202793529903911,-0.018757948025446166,1.0263519566298853,1.3765822818332791,-0.2290778130332124,0.013989854859610228,0.2309555732143903,0.18470131281221994,0.0025201104082715037,0.0006057380456292723,-0.031199179203312527,2.2997835971460456,231,0.06722926930796083,0.14092028878398402
2022-10-26 00:00:00-04:00,121.84075927734375,123.33738179692398,120.96855938104302,121.84075927734375,1893100,0.0,0.0,0.05280829015544042,6.083607,0.0016,0.098500006,0.34451,0.06216,0.356,142027210752,0.181,29.523,12943287296,0.315,0.227,0.45,0.2202793529903911,-0.018757948025446166,1.0263519566298853,1.3765822818332791,-0.2290778130332124,0.013989854859610228,0.2309555732143903,0.18470131281221994,0.0025201104082715037,0.0006057380456292723,-0.031199179203312527,2.2997835971460456,231,0.06722926930796083,0.14092028878398402
2022-10-27 00:00:00-04:00,122.77244030465131,125.42869420138193,122.58412139871724,123.27791595458984,2173600,0.0,0.0,0.05280829015544042,6.083607,0.0016,0.098500006,0.34451,0.06216,0.356,142027210752,0.181,29.523,12943287296,0.315,0.227,0.45,0.2202793529903911,-0.018757948025446166,1.0263519566298853,1.3765822818332791,-0.2290778130332124,0.013989854859610228,0.2309555732143903,0.18470131281221994,0.0025201104082715037,0.0006057380456292723,-0.031199179203312527,2.2997835971460456,231,0.06722926930796083,0.14092028878398402
2022-10-28 00:00:00-04:00,124.24922499844185,128.74899082927857,124.07081961946383,128.55076599121094,2483400,0.0,0.0,0.05280829015544042,6.083607,0.0016,0.098500006,0.34451,0.06216,0.356,142027210752,0.181,29.523,12943287296,0.315,0.227,0.45,0.2202793529903911,-0.018757948025446166,1.0263519566298853,1.3765822818332791,-0.2290778130332124,0.013989854859610228,0.2309555732143903,0.18470131281221994,0.0025201104082715037,0.0006057380456292723,-0.031199179203312527,2.2997835971460456,231,0.06722926930796083,0.14092028878398402
2022-10-31 00:00:00-04:00,127.88669827288301,128.3228019696652,126.91538602687676,127.26227569580078,2062900,0.0,0.0,0.05280829015544042,6.083607,0.0016,0.098500006,0.34451,0.06216,0.356,142027210752,0.181,29.523,12943287296,0.315,0.227,0.45,0.2202793529903911,-0.018757948025446166,1.0263519566298853,1.3765822818332791,-0.2290778130332124,0.013989854859610228,0.2309555732143903,0.18470131281221994,0.0025201104082715037,0.0006057380456292723,-0.031199179203312527,2.2997835971460456,231,0.06722926930796083,0.14092028878398402
2022-11-01 00:00:00-04:00,127.72812818404466,128.75892161751602,126.81628176125807,127.8768081665039,2443300,0.0,0.0,0.05280829015544042,6.083607,0.0016,0.098500006,0.34451,0.06216,0.356,142027210752,0.181,29.523,12943287296,0.315,0.227,0.45,0.2202793529903911,-0.018757948025446166,1.0263519566298853,1.3765822818332791,-0.2290778130332124,0.013989854859610228,0.2309555732143903,0.18470131281221994,0.0025201104082715037,0.0006057380456292723,-0.031199179203312527,2.2997835971460456,231,0.06722926930796083,0.14092028878398402
2022-11-02 00:00:00-04:00,127.55964261610771,129.15537771585872,126.3008988573308,126.5982437133789,2151700,0.0,0.0,0.05280829015544042,6.083607,0.0016,0.098500006,0.34451,0.06216,0.356,142027210752,0.181,29.523,12943287296,0.315,0.227,0.45,0.2202793529903911,-0.018757948025446166,1.0263519566298853,1.3765822818332791,-0.2290778130332124,0.013989854859610228,0.2309555732143903,0.18470131281221994,0.0025201104082715037,0.0006057380456292723,-0.031199179203312527,2.2997835971460456,231,0.06722926930796083,0.14092028878398402
2022-11-03 00:00:00-04:00,126.05309748610937,127.53979888622452,125.31965651553675,126.19185638427734,1786900,0.0,0.0,0.05280829015544042,6.083607,0.0016,0.098500006,0.34451,0.06216,0.356,142027210752,0.181,29.523,12943287296,0.315,0.227,0.45,0.2202793529903911,-0.018757948025446166,1.0263519566298853,1.3765822818332791,-0.2290778130332124,0.013989854859610228,0.2309555732143903,0.18470131281221994,0.0025201104082715037,0.0006057380456292723,-0.031199179203312527,2.2997835971460456,231,0.06722926930796083,0.14092028878398402
2022-11-04 00:00:00-04:00,127.75785875531113,128.1146695334874,123.73383533251503,125.4980697631836,2818800,0.0,0.0,0.05280829015544042,6.083607,0.0016,0.098500006,0.34451,0.06216,0.356,142027210752,0.181,29.523,12943287296,0.315,0.227,0.45,0.2202793529903911,-0.018757948025446166,1.0263519566298853,1.3765822818332791,-0.2290778130332124,0.013989854859610228,0.2309555732143903,0.18470131281221994,0.0025201104082715037,0.0006057380456292723,-0.031199179203312527,2.2997835971460456,231,0.06722926930796083,0.14092028878398402
2022-11-07 00:00:00-05:00,125.49805260589845,126.42971834439332,124.87363004856036,126.17202758789062,2555800,0.0,0.0,0.05280829015544042,6.083607,0.0016,0.098500006,0.34451,0.06216,0.356,142027210752,0.181,29.523,12943287296,0.315,0.227,0.45,0.2202793529903911,-0.018757948025446166,1.0263519566298853,1.3765822818332791,-0.2290778130332124,0.013989854859610228,0.2309555732143903,0.18470131281221994,0.0025201104082715037,0.0006057380456292723,-0.031199179203312527,2.2997835971460456,231,0.06722926930796083,0.14092028878398402
2022-11-08 00:00:00-05:00,126.14230601537344,128.91750687578357,125.89452116948955,127.95610046386719,1903100,0.0,0.0,0.05280829015544042,6.083607,0.0016,0.098500006,0.34451,0.06216,0.356,142027210752,0.181,29.523,12943287296,0.315,0.227,0.45,0.2202793529903911,-0.018757948025446166,1.0263519566298853,1.3765822818332791,-0.2290778130332124,0.013989854859610228,0.2309555732143903,0.18470131281221994,0.0025201104082715037,0.0006057380456292723,-0.031199179203312527,2.2997835971460456,231,0.06722926930796083,0.14092028878398402
2022-11-09 00:00:00-05:00,127.95610092015144,129.04634517177618,126.36035834023211,126.56849670410156,1762100,0.0,0.0,0.05280829015544042,6.083607,0.0016,0.098500006,0.34451,0.06216,0.356,142027210752,0.181,29.523,12943287296,0.315,0.227,0.45,0.2202793529903911,-0.018757948025446166,1.0263519566298853,1.3765822818332791,-0.2290778130332124,0.013989854859610228,0.2309555732143903,0.18470131281221994,0.0025201104082715037,0.0006057380456292723,-0.031199179203312527,2.2997835971460456,231,0.06722926930796083,0.14092028878398402
2022-11-10 00:00:00-05:00,129.45269461025302,129.7896783166452,126.94511358422035,128.5904083251953,2488500,0.0,0.0,0.05280829015544042,6.083607,0.0016,0.098500006,0.34451,0.06216,0.356,142027210752,0.181,29.523,12943287296,0.315,0.227,0.45,0.2202793529903911,-0.018757948025446166,1.0263519566298853,1.3765822818332791,-0.2290778130332124,0.013989854859610228,0.2309555732143903,0.18470131281221994,0.0025201104082715037,0.0006057380456292723,-0.031199179203312527,2.2997835971460456,231,0.06722926930796083,0.14092028878398402
2022-11-11 00:00:00-05:00,128.7688256367736,129.8392579753704,124.0212671285796,125.11152648925781,3761100,0.0,0.0,0.05280829015544042,6.083607,0.0016,0.098500006,0.34451,0.06216,0.356,142027210752,0.181,29.523,12943287296,0.315,0.227,0.45,0.2202793529903911,-0.018757948025446166,1.0263519566298853,1.3765822818332791,-0.2290778130332124,0.013989854859610228,0.2309555732143903,0.18470131281221994,0.0025201104082715037,0.0006057380456292723,-0.031199179203312527,2.2997835971460456,231,0.06722926930796083,0.14092028878398402
2022-11-14 00:00:00-05:00,125.58725748108782,125.99362821625917,121.8308386959012,121.89031219482422,3874000,0.0,0.0,0.05280829015544042,6.083607,0.0016,0.098500006,0.34451,0.06216,0.356,142027210752,0.181,29.523,12943287296,0.315,0.227,0.45,0.2202793529903911,-0.018757948025446166,1.0263519566298853,1.3765822818332791,-0.2290778130332124,0.013989854859610228,0.2309555732143903,0.18470131281221994,0.0025201104082715037,0.0006057380456292723,-0.031199179203312527,2.2997835971460456,231,0.06722926930796083,0.14092028878398402
2022-11-15 00:00:00-05:00,122.62375241449546,123.15896853085405,120.87934517174808,121.96959686279297,4372000,0.0,0.0,0.05280829015544042,6.083607,0.0016,0.098500006,0.34451,0.06216,0.356,142027210752,0.181,29.523,12943287296,0.315,0.227,0.45,0.2202793529903911,-0.018757948025446166,1.0263519566298853,1.3765822818332791,-0.2290778130332124,0.013989854859610228,0.2309555732143903,0.18470131281221994,0.0025201104082715037,0.0006057380456292723,-0.031199179203312527,2.2997835971460456,231,0.06722926930796083,0.14092028878398402
2022-11-16 00:00:00-05:00,121.73174026467383,125.23046112124204,119.19442583172106,124.79436492919922,4295900,0.0,0.0,0.05280829015544042,6.083607,0.0016,0.098500006,0.34451,0.06216,0.356,142027210752,0.181,29.523,12943287296,0.315,0.227,0.45,0.2202793529903911,-0.018757948025446166,1.0263519566298853,1.3765822818332791,-0.2290778130332124,0.013989854859610228,0.2309555732143903,0.18470131281221994,0.0025201104082715037,0.0006057380456292723,-0.031199179203312527,2.2997835971460456,231,0.06722926930796083,0.14092028878398402
2022-11-17 00:00:00-05:00,124.33843046313876,127.49026151187074,124.17985209668173,126.88566589355469,2014400,0.0,0.0,0.05280829015544042,6.083607,0.0016,0.098500006,0.34451,0.06216,0.356,142027210752,0.181,29.523,12943287296,0.315,0.227,0.45,0.2202793529903911,-0.018757948025446166,1.0263519566298853,1.3765822818332791,-0.2290778130332124,0.013989854859610228,0.2309555732143903,0.18470131281221994,0.0025201104082715037,0.0006057380456292723,-0.031199179203312527,2.2997835971460456,231,0.06722926930796083,0.14092028878398402
2022-11-18 00:00:00-05:00,128.4417457965596,128.79855657044695,126.16212980982729,127.22264862060547,3370300,0.0,0.0,0.05280829015544042,6.083607,0.0016,0.098500006,0.34451,0.06216,0.356,142027210752,0.181,29.523,12943287296,0.315,0.227,0.45,0.2202793529903911,-0.018757948025446166,1.0263519566298853,1.3765822818332791,-0.2290778130332124,0.013989854859610228,0.2309555732143903,0.18470131281221994,0.0025201104082715037,0.0006057380456292723,-0.031199179203312527,2.2997835971460456,231,0.06722926930796083,0.14092028878398402
2022-11-21 00:00:00-05:00,127.37130592508812,128.98686782270423,126.64777847110913,128.6597900390625,1525500,0.0,0.0,0.05280829015544042,6.083607,0.0016,0.098500006,0.34451,0.06216,0.356,142027210752,0.181,29.523,12943287296,0.315,0.227,0.45,0.2202793529903911,-0.018757948025446166,1.0263519566298853,1.3765822818332791,-0.2290778130332124,0.013989854859610228,0.2309555732143903,0.18470131281221994,0.0025201104082715037,0.0006057380456292723,-0.031199179203312527,2.2997835971460456,231,0.06722926930796083,0.14092028878398402
2022-11-22 00:00:00-05:00,129.28422172314544,130.32492108540137,128.5408671963321,128.93731689453125,1546000,0.0,0.0,0.05280829015544042,6.083607,0.0016,0.098500006,0.34451,0.06216,0.356,142027210752,0.181,29.523,12943287296,0.315,0.227,0.45,0.2202793529903911,-0.018757948025446166,1.0263519566298853,1.3765822818332791,-0.2290778130332124,0.013989854859610228,0.2309555732143903,0.18470131281221994,0.0025201104082715037,0.0006057380456292723,-0.031199179203312527,2.2997835971460456,231,0.06722926930796083,0.14092028878398402
2022-11-23 00:00:00-05:00,128.84809816282265,130.20595405006853,128.69943332976078,129.92843627929688,1371700,0.0,0.0,0.05280829015544042,6.083607,0.0016,0.098500006,0.34451,0.06216,0.356,142027210752,0.181,29.523,12943287296,0.315,0.227,0.45,0.2202793529903911,-0.018757948025446166,1.0263519566298853,1.3765822818332791,-0.2290778130332124,0.013989854859610228,0.2309555732143903,0.18470131281221994,0.0025201104082715037,0.0006057380456292723,-0.031199179203312527,2.2997835971460456,231,0.06722926930796083,0.14092028878398402
2022-11-25 00:00:00-05:00,130.334818311752,131.75214025536482,129.52207682417514,130.40420532226562,1029900,0.0,0.0,0.05280829015544042,6.083607,0.0016,0.098500006,0.34451,0.06216,0.356,142027210752,0.181,29.523,12943287296,0.315,0.227,0.45,0.2202793529903911,-0.018757948025446166,1.0263519566298853,1.3765822818332791,-0.2290778130332124,0.013989854859610228,0.2309555732143903,0.18470131281221994,0.0025201104082715037,0.0006057380456292723,-0.031199179203312527,2.2997835971460456,231,0.06722926930796083,0.14092028878398402
2022-11-28 00:00:00-05:00,130.12668660230975,131.3160659942561,128.79856342136847,128.86795043945312,1992800,0.0,0.0,0.05280829015544042,6.083607,0.0016,0.098500006,0.34451,0.06216,0.356,142027210752,0.181,29.523,12943287296,0.315,0.227,0.45,0.2202793529903911,-0.018757948025446166,1.0263519566298853,1.3765822818332791,-0.2290778130332124,0.013989854859610228,0.2309555732143903,0.18470131281221994,0.0025201104082715037,0.0006057380456292723,-0.031199179203312527,2.2997835971460456,231,0.06722926930796083,0.14092028878398402
2022-11-29 00:00:00-05:00,127.59927449121192,130.5033052799484,126.46936877163746,129.9581756591797,1751300,0.0,0.0,0.05280829015544042,6.083607,0.0016,0.098500006,0.34451,0.06216,0.356,142027210752,0.181,29.523,12943287296,0.315,0.227,0.45,0.2202793529903911,-0.018757948025446166,1.0263519566298853,1.3765822818332791,-0.2290778130332124,0.013989854859610228,0.2309555732143903,0.18470131281221994,0.0025201104082715037,0.0006057380456292723,-0.031199179203312527,2.2997835971460456,231,0.06722926930796083,0.14092028878398402
2022-11-30 00:00:00-05:00,129.52207373246466,131.43498040537713,127.97589887685425,130.9790496826172,4446500,0.0,0.0,0.05280829015544042,6.083607,0.0016,0.098500006,0.34451,0.06216,0.356,142027210752,0.181,29.523,12943287296,0.315,0.227,0.45,0.2202793529903911,-0.018757948025446166,1.0263519566298853,1.3765822818332791,-0.2290778130332124,0.013989854859610228,0.2309555732143903,0.18470131281221994,0.0025201104082715037,0.0006057380456292723,-0.031199179203312527,2.2997835971460456,231,0.06722926930796083,0.14092028878398402
2022-12-01 00:00:00-05:00,132.77305844138155,133.30826713460598,127.88673268140069,130.0969696044922,2325600,0.0,0.0,0.05280829015544042,6.083607,0.0016,0.098500006,0.34451,0.06216,0.356,142027210752,0.181,29.523,12943287296,0.315,0.227,0.45,0.2202793529903911,-0.018757948025446166,1.0263519566298853,1.3765822818332791,-0.2290778130332124,0.013989854859610228,0.2309555732143903,0.18470131281221994,0.0025201104082715037,0.0006057380456292723,-0.031199179203312527,2.2997835971460456,231,0.06722926930796083,0.14092028878398402
2022-12-02 00:00:00-05:00,129.58155556065026,131.6133789959577,128.84810704528638,131.3358612060547,1253200,0.0,0.0,0.05280829015544042,6.083607,0.0016,0.098500006,0.34451,0.06216,0.356,142027210752,0.181,29.523,12943287296,0.315,0.227,0.45,0.2202793529903911,-0.018757948025446166,1.0263519566298853,1.3765822818332791,-0.2290778130332124,0.013989854859610228,0.2309555732143903,0.18470131281221994,0.0025201104082715037,0.0006057380456292723,-0.031199179203312527,2.2997835971460456,231,0.06722926930796083,0.14092028878398402
2022-12-05 00:00:00-05:00,130.57272746912398,130.88988425528945,129.1157511463159,130.0969696044922,1198800,0.0,0.0,0.05280829015544042,6.083607,0.0016,0.098500006,0.34451,0.06216,0.356,142027210752,0.181,29.523,12943287296,0.315,0.227,0.45,0.2202793529903911,-0.018757948025446166,1.0263519566298853,1.3765822818332791,-0.2290778130332124,0.013989854859610228,0.2309555732143903,0.18470131281221994,0.0025201104082715037,0.0006057380456292723,-0.031199179203312527,2.2997835971460456,231,0.06722926930796083,0.14092028878398402
2022-12-06 00:00:00-05:00,130.0969635917124,130.4934284605819,129.0860122041691,129.80953979492188,1578100,0.0,0.0,0.05280829015544042,6.083607,0.0016,0.098500006,0.34451,0.06216,0.356,142027210752,0.181,29.523,12943287296,0.315,0.227,0.45,0.2202793529903911,-0.018757948025446166,1.0263519566298853,1.3765822818332791,-0.2290778130332124,0.013989854859610228,0.2309555732143903,0.18470131281221994,0.0025201104082715037,0.0006057380456292723,-0.031199179203312527,2.2997835971460456,231,0.06722926930796083,0.14092028878398402
2022-12-07 00:00:00-05:00,129.9581964242138,131.17730880461244,128.8877640315549,129.32386779785156,1783300,0.0,0.0,0.05280829015544042,6.083607,0.0016,0.098500006,0.34451,0.06216,0.356,142027210752,0.181,29.523,12943287296,0.315,0.227,0.45,0.2202793529903911,-0.018757948025446166,1.0263519566298853,1.3765822818332791,-0.2290778130332124,0.013989854859610228,0.2309555732143903,0.18470131281221994,0.0025201104082715037,0.0006057380456292723,-0.031199179203312527,2.2997835971460456,231,0.06722926930796083,0.14092028878398402
2022-12-08 00:00:00-05:00,129.33376578354782,131.23675132292863,129.26437877693823,130.01763916015625,1240200,0.0,0.0,0.05280829015544042,6.083607,0.0016,0.098500006,0.34451,0.06216,0.356,142027210752,0.181,29.523,12943287296,0.315,0.227,0.45,0.2202793529903911,-0.018757948025446166,1.0263519566298853,1.3765822818332791,-0.2290778130332124,0.013989854859610228,0.2309555732143903,0.18470131281221994,0.0025201104082715037,0.0006057380456292723,-0.031199179203312527,2.2997835971460456,231,0.06722926930796083,0.14092028878398402
2022-12-09 00:00:00-05:00,129.95818482514125,130.76100526708495,128.11466505625393,128.23361206054688,1313900,0.0,0.0,0.05280829015544042,6.083607,0.0016,0.098500006,0.34451,0.06216,0.356,142027210752,0.181,29.523,12943287296,0.315,0.227,0.45,0.2202793529903911,-0.018757948025446166,1.0263519566298853,1.3765822818332791,-0.2290778130332124,0.013989854859610228,0.2309555732143903,0.18470131281221994,0.0025201104082715037,0.0006057380456292723,-0.031199179203312527,2.2997835971460456,231,0.06722926930796083,0.14092028878398402
2022-12-12 00:00:00-05:00,128.35254677569134,129.09590129369727,127.75785711185205,128.7886505126953,2568200,0.0,0.0,0.05280829015544042,6.083607,0.0016,0.098500006,0.34451,0.06216,0.356,142027210752,0.181,29.523,12943287296,0.315,0.227,0.45,0.2202793529903911,-0.018757948025446166,1.0263519566298853,1.3765822818332791,-0.2290778130332124,0.013989854859610228,0.2309555732143903,0.18470131281221994,0.0025201104082715037,0.0006057380456292723,-0.031199179203312527,2.2997835971460456,231,0.06722926930796083,0.14092028878398402
2022-12-13 00:00:00-05:00,130.01764662571082,130.01764662571082,127.01449574479385,127.14334869384766,2566300,0.0,0.0,0.05280829015544042,6.083607,0.0016,0.098500006,0.34451,0.06216,0.356,142027210752,0.181,29.523,12943287296,0.315,0.227,0.45,0.2202793529903911,-0.018757948025446166,1.0263519566298853,1.3765822818332791,-0.2290778130332124,0.013989854859610228,0.2309555732143903,0.18470131281221994,0.0025201104082715037,0.0006057380456292723,-0.031199179203312527,2.2997835971460456,231,0.06722926930796083,0.14092028878398402
2022-12-14 00:00:00-05:00,126.03328243333692,127.529897396156,125.14125551264779,125.45841979980469,3429600,0.0,0.0,0.05280829015544042,6.083607,0.0016,0.098500006,0.34451,0.06216,0.356,142027210752,0.181,29.523,12943287296,0.315,0.227,0.45,0.2202793529903911,-0.018757948025446166,1.0263519566298853,1.3765822818332791,-0.2290778130332124,0.013989854859610228,0.2309555732143903,0.18470131281221994,0.0025201104082715037,0.0006057380456292723,-0.031199179203312527,2.2997835971460456,231,0.06722926930796083,0.14092028878398402
2022-12-15 00:00:00-05:00,124.1996708238937,127.5199937304529,123.71401465463131,126.52885437011719,3067500,0.0,0.0,0.05280829015544042,6.083607,0.0016,0.098500006,0.34451,0.06216,0.356,142027210752,0.181,29.523,12943287296,0.315,0.227,0.45,0.2202793529903911,-0.018757948025446166,1.0263519566298853,1.3765822818332791,-0.2290778130332124,0.013989854859610228,0.2309555732143903,0.18470131281221994,0.0025201104082715037,0.0006057380456292723,-0.031199179203312527,2.2997835971460456,231,0.06722926930796083,0.14092028878398402
2022-12-16 00:00:00-05:00,125.94408373755853,126.34054101143461,124.24923626448701,125.32957458496094,6129700,0.0,0.0,0.05280829015544042,6.083607,0.0016,0.098500006,0.34451,0.06216,0.356,142027210752,0.181,29.523,12943287296,0.315,0.227,0.45,0.2202793529903911,-0.018757948025446166,1.0263519566298853,1.3765822818332791,-0.2290778130332124,0.013989854859610228,0.2309555732143903,0.18470131281221994,0.0025201104082715037,0.0006057380456292723,-0.031199179203312527,2.2997835971460456,231,0.06722926930796083,0.14092028878398402
2022-12-19 00:00:00-05:00,125.42868740476425,127.34157908541512,124.50692750945613,125.94407653808594,2342200,0.0,0.0,0.05280829015544042,6.083607,0.0016,0.098500006,0.34451,0.06216,0.356,142027210752,0.181,29.523,12943287296,0.315,0.227,0.45,0.2202793529903911,-0.018757948025446166,1.0263519566298853,1.3765822818332791,-0.2290778130332124,0.013989854859610228,0.2309555732143903,0.18470131281221994,0.0025201104082715037,0.0006057380456292723,-0.031199179203312527,2.2997835971460456,231,0.06722926930796083,0.14092028878398402
2022-12-20 00:00:00-05:00,126.44955489511653,128.1146616754167,125.97380469946448,126.0630111694336,1743800,0.0,0.0,0.05280829015544042,6.083607,0.0016,0.098500006,0.34451,0.06216,0.356,142027210752,0.181,29.523,12943287296,0.315,0.227,0.45,0.2202793529903911,-0.018757948025446166,1.0263519566298853,1.3765822818332791,-0.2290778130332124,0.013989854859610228,0.2309555732143903,0.18470131281221994,0.0025201104082715037,0.0006057380456292723,-0.031199179203312527,2.2997835971460456,231,0.06722926930796083,0.14092028878398402
2022-12-21 00:00:00-05:00,126.66761786270857,128.49131072210798,126.64779084017965,127.97591400146484,1744600,0.0,0.0,0.05280829015544042,6.083607,0.0016,0.098500006,0.34451,0.06216,0.356,142027210752,0.181,29.523,12943287296,0.315,0.227,0.45,0.2202793529903911,-0.018757948025446166,1.0263519566298853,1.3765822818332791,-0.2290778130332124,0.013989854859610228,0.2309555732143903,0.18470131281221994,0.0025201104082715037,0.0006057380456292723,-0.031199179203312527,2.2997835971460456,231,0.06722926930796083,0.14092028878398402
2022-12-22 00:00:00-05:00,127.99572644191151,128.14439128497415,125.20071396544462,127.46051788330078,2248600,0.0,0.0,0.05280829015544042,6.083607,0.0016,0.098500006,0.34451,0.06216,0.356,142027210752,0.181,29.523,12943287296,0.315,0.227,0.45,0.2202793529903911,-0.018757948025446166,1.0263519566298853,1.3765822818332791,-0.2290778130332124,0.013989854859610228,0.2309555732143903,0.18470131281221994,0.0025201104082715037,0.0006057380456292723,-0.031199179203312527,2.2997835971460456,231,0.06722926930796083,0.14092028878398402
2022-12-23 00:00:00-05:00,127.53980000180641,128.43183446090512,126.52884878784792,128.29307556152344,1277700,0.0,0.0,0.05280829015544042,6.083607,0.0016,0.098500006,0.34451,0.06216,0.356,142027210752,0.181,29.523,12943287296,0.315,0.227,0.45,0.2202793529903911,-0.018757948025446166,1.0263519566298853,1.3765822818332791,-0.2290778130332124,0.013989854859610228,0.2309555732143903,0.18470131281221994,0.0025201104082715037,0.0006057380456292723,-0.031199179203312527,2.2997835971460456,231,0.06722926930796083,0.14092028878398402
2022-12-27 00:00:00-05:00,128.6994448490527,129.63110309226923,128.04528927786157,129.0166015625,1625000,0.0,0.0,0.05280829015544042,6.083607,0.0016,0.098500006,0.34451,0.06216,0.356,142027210752,0.181,29.523,12943287296,0.315,0.227,0.45,0.2202793529903911,-0.018757948025446166,1.0263519566298853,1.3765822818332791,-0.2290778130332124,0.013989854859610228,0.2309555732143903,0.18470131281221994,0.0025201104082715037,0.0006057380456292723,-0.031199179203312527,2.2997835971460456,231,0.06722926930796083,0.14092028878398402
2022-12-28 00:00:00-05:00,129.63111369620222,130.860131979861,128.54086944528638,128.5706024169922,1337800,0.0,0.0,0.05280829015544042,6.083607,0.0016,0.098500006,0.34451,0.06216,0.356,142027210752,0.181,29.523,12943287296,0.315,0.227,0.45,0.2202793529903911,-0.018757948025446166,1.0263519566298853,1.3765822818332791,-0.2290778130332124,0.013989854859610228,0.2309555732143903,0.18470131281221994,0.0025201104082715037,0.0006057380456292723,-0.031199179203312527,2.2997835971460456,231,0.06722926930796083,0.14092028878398402
2022-12-29 00:00:00-05:00,129.04634169115556,129.93837618961066,128.59042605460894,129.4031524658203,898000,0.0,0.0,0.05280829015544042,6.083607,0.0016,0.098500006,0.34451,0.06216,0.356,142027210752,0.181,29.523,12943287296,0.315,0.227,0.45,0.2202793529903911,-0.018757948025446166,1.0263519566298853,1.3765822818332791,-0.2290778130332124,0.013989854859610228,0.2309555732143903,0.18470131281221994,0.0025201104082715037,0.0006057380456292723,-0.031199179203312527,2.2997835971460456,231,0.06722926930796083,0.14092028878398402
2022-12-30 00:00:00-05:00,128.88776215927467,129.77979670199272,127.29202710500805,128.56069946289062,1591300,0.0,0.0,0.05280829015544042,6.083607,0.0016,0.098500006,0.34451,0.06216,0.356,142027210752,0.181,29.523,12943287296,0.315,0.227,0.45,0.2202793529903911,-0.018757948025446166,1.0263519566298853,1.3765822818332791,-0.2290778130332124,0.013989854859610228,0.2309555732143903,0.18470131281221994,0.0025201104082715037,0.0006057380456292723,-0.031199179203312527,2.2997835971460456,231,0.06722926930796083,0.14092028878398402
2023-01-03 00:00:00-05:00,128.22369588933088,129.05626445686158,127.70831430417694,128.98687744140625,1502900,0.0,0.0,0.05280829015544042,6.083607,0.0016,0.098500006,0.34451,0.06216,0.356,142027210752,0.181,29.523,12943287296,0.315,0.227,0.45,0.2202793529903911,-0.018757948025446166,1.0263519566298853,1.3765822818332791,-0.2290778130332124,0.013989854859610228,0.2309555732143903,0.18470131281221994,0.0025201104082715037,0.0006057380456292723,-0.031199179203312527,2.2997835971460456,231,0.06722926930796083,0.14092028878398402
2023-01-04 00:00:00-05:00,129.2049257149168,130.45375584605148,128.61023605804152,130.07713317871094,1905000,0.0,0.0,0.05280829015544042,6.083607,0.0016,0.098500006,0.34451,0.06216,0.356,142027210752,0.181,29.523,12943287296,0.315,0.227,0.45,0.2202793529903911,-0.018757948025446166,1.0263519566298853,1.3765822818332791,-0.2290778130332124,0.013989854859610228,0.2309555732143903,0.18470131281221994,0.0025201104082715037,0.0006057380456292723,-0.031199179203312527,2.2997835971460456,231,0.06722926930796083,0.14092028878398402
2023-01-05 00:00:00-05:00,130.07710505066066,130.92022182460684,128.98601453556748,130.4639434814453,1624900,0.1,0.0,0.05280829015544042,6.083607,0.0016,0.098500006,0.34451,0.06216,0.356,142027210752,0.181,29.523,12943287296,0.315,0.227,0.45,0.2202793529903911,-0.018757948025446166,1.0263519566298853,1.3765822818332791,-0.2290778130332124,0.013989854859610228,0.2309555732143903,0.18470131281221994,0.0025201104082715037,0.0006057380456292723,-0.031199179203312527,2.2997835971460456,231,0.06722926930796083,0.14092028878398402
2023-01-06 00:00:00-05:00,132.0510118042885,133.74714410758494,131.59473335634283,133.51901245117188,2116300,0.0,0.0,0.05280829015544042,6.083607,0.0016,0.098500006,0.34451,0.06216,0.356,142027210752,0.181,29.523,12943287296,0.315,0.227,0.45,0.2202793529903911,-0.018757948025446166,1.0263519566298853,1.3765822818332791,-0.2290778130332124,0.013989854859610228,0.2309555732143903,0.18470131281221994,0.0025201104082715037,0.0006057380456292723,-0.031199179203312527,2.2997835971460456,231,0.06722926930796083,0.14092028878398402
2023-01-09 00:00:00-05:00,133.895937302271,134.35220061453407,130.90040958715807,130.94007873535156,2752300,0.0,0.0,0.05280829015544042,6.083607,0.0016,0.098500006,0.34451,0.06216,0.356,142027210752,0.181,29.523,12943287296,0.315,0.227,0.45,0.2202793529903911,-0.018757948025446166,1.0263519566298853,1.3765822818332791,-0.2290778130332124,0.013989854859610228,0.2309555732143903,0.18470131281221994,0.0025201104082715037,0.0006057380456292723,-0.031199179203312527,2.2997835971460456,231,0.06722926930796083,0.14092028878398402
2023-01-10 00:00:00-05:00,130.7119391204675,132.01131932014138,130.533405261788,131.94189453125,1500200,0.0,0.0,0.05280829015544042,6.083607,0.0016,0.098500006,0.34451,0.06216,0.356,142027210752,0.181,29.523,12943287296,0.315,0.227,0.45,0.2202793529903911,-0.018757948025446166,1.0263519566298853,1.3765822818332791,-0.2290778130332124,0.013989854859610228,0.2309555732143903,0.18470131281221994,0.0025201104082715037,0.0006057380456292723,-0.031199179203312527,2.2997835971460456,231,0.06722926930796083,0.14092028878398402
2023-01-11 00:00:00-05:00,131.92205245192875,132.31880445036833,130.32510068526383,131.17813110351562,2125700,0.0,0.0,0.05280829015544042,6.083607,0.0016,0.098500006,0.34451,0.06216,0.356,142027210752,0.181,29.523,12943287296,0.315,0.227,0.45,0.2202793529903911,-0.018757948025446166,1.0263519566298853,1.3765822818332791,-0.2290778130332124,0.013989854859610228,0.2309555732143903,0.18470131281221994,0.0025201104082715037,0.0006057380456292723,-0.031199179203312527,2.2997835971460456,231,0.06722926930796083,0.14092028878398402
2023-01-12 00:00:00-05:00,130.94006328018367,133.05280463120408,130.14655932901672,131.86253356933594,1795600,0.0,0.0,0.05280829015544042,6.083607,0.0016,0.098500006,0.34451,0.06216,0.356,142027210752,0.181,29.523,12943287296,0.315,0.227,0.45,0.2202793529903911,-0.018757948025446166,1.0263519566298853,1.3765822818332791,-0.2290778130332124,0.013989854859610228,0.2309555732143903,0.18470131281221994,0.0025201104082715037,0.0006057380456292723,-0.031199179203312527,2.2997835971460456,231,0.06722926930796083,0.14092028878398402
2023-01-13 00:00:00-05:00,131.72368587892998,133.09249096608198,131.1087005616858,132.56678771972656,1448500,0.0,0.0,0.05280829015544042,6.083607,0.0016,0.098500006,0.34451,0.06216,0.356,142027210752,0.181,29.523,12943287296,0.315,0.227,0.45,0.2202793529903911,-0.018757948025446166,1.0263519566298853,1.3765822818332791,-0.2290778130332124,0.013989854859610228,0.2309555732143903,0.18470131281221994,0.0025201104082715037,0.0006057380456292723,-0.031199179203312527,2.2997835971460456,231,0.06722926930796083,0.14092028878398402
2023-01-17 00:00:00-05:00,132.91395369473082,133.24128091929782,129.49191836170377,129.6307830810547,2293900,0.0,0.0,0.05280829015544042,6.083607,0.0016,0.098500006,0.34451,0.06216,0.356,142027210752,0.181,29.523,12943287296,0.315,0.227,0.45,0.2202793529903911,-0.018757948025446166,1.0263519566298853,1.3765822818332791,-0.2290778130332124,0.013989854859610228,0.2309555732143903,0.18470131281221994,0.0025201104082715037,0.0006057380456292723,-0.031199179203312527,2.2997835971460456,231,0.06722926930796083,0.14092028878398402
2023-01-18 00:00:00-05:00,128.85711144149482,129.71014193463571,126.9824300843168,127.19071960449219,1813200,0.0,0.0,0.05280829015544042,6.083607,0.0016,0.098500006,0.34451,0.06216,0.356,142027210752,0.181,29.523,12943287296,0.315,0.227,0.45,0.2202793529903911,-0.018757948025446166,1.0263519566298853,1.3765822818332791,-0.2290778130332124,0.013989854859610228,0.2309555732143903,0.18470131281221994,0.0025201104082715037,0.0006057380456292723,-0.031199179203312527,2.2997835971460456,231,0.06722926930796083,0.14092028878398402
2023-01-19 00:00:00-05:00,126.95265187797862,127.1609489411142,124.29437270417947,124.89942932128906,2305800,0.0,0.0,0.05280829015544042,6.083607,0.0016,0.098500006,0.34451,0.06216,0.356,142027210752,0.181,29.523,12943287296,0.315,0.227,0.45,0.2202793529903911,-0.018757948025446166,1.0263519566298853,1.3765822818332791,-0.2290778130332124,0.013989854859610228,0.2309555732143903,0.18470131281221994,0.0025201104082715037,0.0006057380456292723,-0.031199179203312527,2.2997835971460456,231,0.06722926930796083,0.14092028878398402
2023-01-20 00:00:00-05:00,125.51441892421468,127.260156586899,124.80025317277293,126.5955810546875,2647000,0.0,0.0,0.05280829015544042,6.083607,0.0016,0.098500006,0.34451,0.06216,0.356,142027210752,0.181,29.523,12943287296,0.315,0.227,0.45,0.2202793529903911,-0.018757948025446166,1.0263519566298853,1.3765822818332791,-0.2290778130332124,0.013989854859610228,0.2309555732143903,0.18470131281221994,0.0025201104082715037,0.0006057380456292723,-0.031199179203312527,2.2997835971460456,231,0.06722926930796083,0.14092028878398402
2023-01-23 00:00:00-05:00,126.53607149666854,127.05185367557019,125.69296208261554,126.0897216796875,2624500,0.0,0.0,0.05280829015544042,6.083607,0.0016,0.098500006,0.34451,0.06216,0.356,142027210752,0.181,29.523,12943287296,0.315,0.227,0.45,0.2202793529903911,-0.018757948025446166,1.0263519566298853,1.3765822818332791,-0.2290778130332124,0.013989854859610228,0.2309555732143903,0.18470131281221994,0.0025201104082715037,0.0006057380456292723,-0.031199179203312527,2.2997835971460456,231,0.06722926930796083,0.14092028878398402
2023-01-24 00:00:00-05:00,126.51622173522698,128.48016977526336,125.56399578953537,128.14292907714844,2447700,0.0,0.0,0.05280829015544042,6.083607,0.0016,0.098500006,0.34451,0.06216,0.356,142027210752,0.181,29.523,12943287296,0.315,0.227,0.45,0.2202793529903911,-0.018757948025446166,1.0263519566298853,1.3765822818332791,-0.2290778130332124,0.013989854859610228,0.2309555732143903,0.18470131281221994,0.0025201104082715037,0.0006057380456292723,-0.031199179203312527,2.2997835971460456,231,0.06722926930796083,0.14092028878398402
2023-01-25 00:00:00-05:00,127.45851478042415,134.40178017702314,127.45851478042415,134.3720245361328,3024500,0.0,0.0,0.05280829015544042,6.083607,0.0016,0.098500006,0.34451,0.06216,0.356,142027210752,0.181,29.523,12943287296,0.315,0.227,0.45,0.2202793529903911,-0.018757948025446166,1.0263519566298853,1.3765822818332791,-0.2290778130332124,0.013989854859610228,0.2309555732143903,0.18470131281221994,0.0025201104082715037,0.0006057380456292723,-0.031199179203312527,2.2997835971460456,231,0.06722926930796083,0.14092028878398402
2023-01-26 00:00:00-05:00,134.7688003023359,135.26474791823924,133.25120180848128,133.81658935546875,2724400,0.0,0.0,0.05280829015544042,6.083607,0.0016,0.098500006,0.34451,0.06216,0.356,142027210752,0.181,29.523,12943287296,0.315,0.227,0.45,0.2202793529903911,-0.018757948025446166,1.0263519566298853,1.3765822818332791,-0.2290778130332124,0.013989854859610228,0.2309555732143903,0.18470131281221994,0.0025201104082715037,0.0006057380456292723,-0.031199179203312527,2.2997835971460456,231,0.06722926930796083,0.14092028878398402
2023-01-27 00:00:00-05:00,133.8463447973313,134.54066843151227,132.983400790215,133.9752960205078,2215300,0.0,0.0,0.05280829015544042,6.083607,0.0016,0.098500006,0.34451,0.06216,0.356,142027210752,0.181,29.523,12943287296,0.315,0.227,0.45,0.2202793529903911,-0.018757948025446166,1.0263519566298853,1.3765822818332791,-0.2290778130332124,0.013989854859610228,0.2309555732143903,0.18470131281221994,0.0025201104082715037,0.0006057380456292723,-0.031199179203312527,2.2997835971460456,231,0.06722926930796083,0.14092028878398402
2023-01-30 00:00:00-05:00,134.30259704589844,134.987007119947,133.44956661282785,134.30259704589844,2689800,0.0,0.0,0.05280829015544042,6.083607,0.0016,0.098500006,0.34451,0.06216,0.356,142027210752,0.181,29.523,12943287296,0.315,0.227,0.45,0.2202793529903911,-0.018757948025446166,1.0263519566298853,1.3765822818332791,-0.2290778130332124,0.013989854859610228,0.2309555732143903,0.18470131281221994,0.0025201104082715037,0.0006057380456292723,-0.031199179203312527,2.2997835971460456,231,0.06722926930796083,0.14092028878398402
2023-01-31 00:00:00-05:00,134.62991830772899,135.24490356445312,134.00503468371966,135.24490356445312,3002900,0.0,0.0,0.05280829015544042,6.083607,0.0016,0.098500006,0.34451,0.06216,0.356,142027210752,0.181,29.523,12943287296,0.315,0.227,0.45,0.2202793529903911,-0.018757948025446166,1.0263519566298853,1.3765822818332791,-0.2290778130332124,0.013989854859610228,0.2309555732143903,0.18470131281221994,0.0025201104082715037,0.0006057380456292723,-0.031199179203312527,2.2997835971460456,231,0.06722926930796083,0.14092028878398402
2023-02-01 00:00:00-05:00,134.37202787177864,138.0519501476606,134.25300530526277,136.86167907714844,3088000,0.0,0.0,0.05280829015544042,6.083607,0.0016,0.098500006,0.34451,0.06216,0.356,142027210752,0.181,29.523,12943287296,0.315,0.227,0.45,0.2202793529903911,-0.018757948025446166,1.0263519566298853,1.3765822818332791,-0.2290778130332124,0.013989854859610228,0.2309555732143903,0.18470131281221994,0.0025201104082715037,0.0006057380456292723,-0.031199179203312527,2.2997835971460456,231,0.06722926930796083,0.14092028878398402
2023-02-02 00:00:00-05:00,136.46494575426846,136.46494575426846,130.4540631616079,133.8760986328125,3763400,0.0,0.0,0.05280829015544042,6.083607,0.0016,0.098500006,0.34451,0.06216,0.356,142027210752,0.181,29.523,12943287296,0.315,0.227,0.45,0.2202793529903911,-0.018757948025446166,1.0263519566298853,1.3765822818332791,-0.2290778130332124,0.013989854859610228,0.2309555732143903,0.18470131281221994,0.0025201104082715037,0.0006057380456292723,-0.031199179203312527,2.2997835971460456,231,0.06722926930796083,0.14092028878398402
2023-02-03 00:00:00-05:00,134.31251593931182,136.2367948093123,133.54875249258512,135.20521545410156,2197000,0.0,0.0,0.05280829015544042,6.083607,0.0016,0.098500006,0.34451,0.06216,0.356,142027210752,0.181,29.523,12943287296,0.315,0.227,0.45,0.2202793529903911,-0.018757948025446166,1.0263519566298853,1.3765822818332791,-0.2290778130332124,0.013989854859610228,0.2309555732143903,0.18470131281221994,0.0025201104082715037,0.0006057380456292723,-0.031199179203312527,2.2997835971460456,231,0.06722926930796083,0.14092028878398402
2023-02-06 00:00:00-05:00,135.71111261323674,137.41715848427205,135.6218305398588,136.55421447753906,1598400,0.0,0.0,0.05280829015544042,6.083607,0.0016,0.098500006,0.34451,0.06216,0.356,142027210752,0.181,29.523,12943287296,0.315,0.227,0.45,0.2202793529903911,-0.018757948025446166,1.0263519566298853,1.3765822818332791,-0.2290778130332124,0.013989854859610228,0.2309555732143903,0.18470131281221994,0.0025201104082715037,0.0006057380456292723,-0.031199179203312527,2.2997835971460456,231,0.06722926930796083,0.14092028878398402
2023-02-07 00:00:00-05:00,135.5523920356165,137.87342300631593,135.22506482665347,137.5758514404297,1975200,0.0,0.0,0.05280829015544042,6.083607,0.0016,0.098500006,0.34451,0.06216,0.356,142027210752,0.181,29.523,12943287296,0.315,0.227,0.45,0.2202793529903911,-0.018757948025446166,1.0263519566298853,1.3765822818332791,-0.2290778130332124,0.013989854859610228,0.2309555732143903,0.18470131281221994,0.0025201104082715037,0.0006057380456292723,-0.031199179203312527,2.2997835971460456,231,0.06722926930796083,0.14092028878398402
2023-02-08 00:00:00-05:00,136.841839196303,138.75618925818043,136.69304586704146,137.24850463867188,1748200,0.0,0.0,0.05280829015544042,6.083607,0.0016,0.098500006,0.34451,0.06216,0.356,142027210752,0.181,29.523,12943287296,0.315,0.227,0.45,0.2202793529903911,-0.018757948025446166,1.0263519566298853,1.3765822818332791,-0.2290778130332124,0.013989854859610228,0.2309555732143903,0.18470131281221994,0.0025201104082715037,0.0006057380456292723,-0.031199179203312527,2.2997835971460456,231,0.06722926930796083,0.14092028878398402
2023-02-09 00:00:00-05:00,137.7246545724169,138.37929390171823,136.0086649791511,136.06817626953125,1976800,0.0,0.0,0.05280829015544042,6.083607,0.0016,0.098500006,0.34451,0.06216,0.356,142027210752,0.181,29.523,12943287296,0.315,0.227,0.45,0.2202793529903911,-0.018757948025446166,1.0263519566298853,1.3765822818332791,-0.2290778130332124,0.013989854859610228,0.2309555732143903,0.18470131281221994,0.0025201104082715037,0.0006057380456292723,-0.031199179203312527,2.2997835971460456,231,0.06722926930796083,0.14092028878398402
2023-02-10 00:00:00-05:00,136.3062107758015,138.22057601982578,135.9788836055243,137.6055908203125,1723100,0.0,0.0,0.05280829015544042,6.083607,0.0016,0.098500006,0.34451,0.06216,0.356,142027210752,0.181,29.523,12943287296,0.315,0.227,0.45,0.2202793529903911,-0.018757948025446166,1.0263519566298853,1.3765822818332791,-0.2290778130332124,0.013989854859610228,0.2309555732143903,0.18470131281221994,0.0025201104082715037,0.0006057380456292723,-0.031199179203312527,2.2997835971460456,231,0.06722926930796083,0.14092028878398402
2023-02-13 00:00:00-05:00,137.91311459008327,139.44064181376805,137.8734454378997,138.57769775390625,1973200,0.0,0.0,0.05280829015544042,6.083607,0.0016,0.098500006,0.34451,0.06216,0.356,142027210752,0.181,29.523,12943287296,0.315,0.227,0.45,0.2202793529903911,-0.018757948025446166,1.0263519566298853,1.3765822818332791,-0.2290778130332124,0.013989854859610228,0.2309555732143903,0.18470131281221994,0.0025201104082715037,0.0006057380456292723,-0.031199179203312527,2.2997835971460456,231,0.06722926930796083,0.14092028878398402
2023-02-14 00:00:00-05:00,139.12321718515722,140.0655297459988,137.456840491475,138.14125061035156,1662000,0.0,0.0,0.05280829015544042,6.083607,0.0016,0.098500006,0.34451,0.06216,0.356,142027210752,0.181,29.523,12943287296,0.315,0.227,0.45,0.2202793529903911,-0.018757948025446166,1.0263519566298853,1.3765822818332791,-0.2290778130332124,0.013989854859610228,0.2309555732143903,0.18470131281221994,0.0025201104082715037,0.0006057380456292723,-0.031199179203312527,2.2997835971460456,231,0.06722926930796083,0.14092028878398402
2023-02-15 00:00:00-05:00,138.07180782333322,140.85903089373642,138.07180782333322,140.8094482421875,2416200,0.0,0.0,0.05280829015544042,6.083607,0.0016,0.098500006,0.34451,0.06216,0.356,142027210752,0.181,29.523,12943287296,0.315,0.227,0.45,0.2202793529903911,-0.018757948025446166,1.0263519566298853,1.3765822818332791,-0.2290778130332124,0.013989854859610228,0.2309555732143903,0.18470131281221994,0.0025201104082715037,0.0006057380456292723,-0.031199179203312527,2.2997835971460456,231,0.06722926930796083,0.14092028878398402
2023-02-16 00:00:00-05:00,140.83918965576294,142.50556614657899,140.3630691140001,141.3847198486328,2426700,0.0,0.0,0.05280829015544042,6.083607,0.0016,0.098500006,0.34451,0.06216,0.356,142027210752,0.181,29.523,12943287296,0.315,0.227,0.45,0.2202793529903911,-0.018757948025446166,1.0263519566298853,1.3765822818332791,-0.2290778130332124,0.013989854859610228,0.2309555732143903,0.18470131281221994,0.0025201104082715037,0.0006057380456292723,-0.031199179203312527,2.2997835971460456,231,0.06722926930796083,0.14092028878398402
2023-02-17 00:00:00-05:00,141.2756141517889,141.7616482074255,139.7778579747969,140.3730010986328,3862500,0.0,0.0,0.05280829015544042,6.083607,0.0016,0.098500006,0.34451,0.06216,0.356,142027210752,0.181,29.523,12943287296,0.315,0.227,0.45,0.2202793529903911,-0.018757948025446166,1.0263519566298853,1.3765822818332791,-0.2290778130332124,0.013989854859610228,0.2309555732143903,0.18470131281221994,0.0025201104082715037,0.0006057380456292723,-0.031199179203312527,2.2997835971460456,231,0.06722926930796083,0.14092028878398402
2023-02-21 00:00:00-05:00,140.36308806050687,142.18818678005087,140.27382112254614,141.42442321777344,2638700,0.0,0.0,0.05280829015544042,6.083607,0.0016,0.098500006,0.34451,0.06216,0.356,142027210752,0.181,29.523,12943287296,0.315,0.227,0.45,0.2202793529903911,-0.018757948025446166,1.0263519566298853,1.3765822818332791,-0.2290778130332124,0.013989854859610228,0.2309555732143903,0.18470131281221994,0.0025201104082715037,0.0006057380456292723,-0.031199179203312527,2.2997835971460456,231,0.06722926930796083,0.14092028878398402
2023-02-22 00:00:00-05:00,141.84098980266592,142.59482457954843,140.80942562718897,141.3351287841797,1660000,0.0,0.0,0.05280829015544042,6.083607,0.0016,0.098500006,0.34451,0.06216,0.356,142027210752,0.181,29.523,12943287296,0.315,0.227,0.45,0.2202793529903911,-0.018757948025446166,1.0263519566298853,1.3765822818332791,-0.2290778130332124,0.013989854859610228,0.2309555732143903,0.18470131281221994,0.0025201104082715037,0.0006057380456292723,-0.031199179203312527,2.2997835971460456,231,0.06722926930796083,0.14092028878398402
2023-02-23 00:00:00-05:00,141.33514322738276,142.77338814603362,140.4523571626838,141.20619201660156,1690500,0.0,0.0,0.05280829015544042,6.083607,0.0016,0.098500006,0.34451,0.06216,0.356,142027210752,0.181,29.523,12943287296,0.315,0.227,0.45,0.2202793529903911,-0.018757948025446166,1.0263519566298853,1.3765822818332791,-0.2290778130332124,0.013989854859610228,0.2309555732143903,0.18470131281221994,0.0025201104082715037,0.0006057380456292723,-0.031199179203312527,2.2997835971460456,231,0.06722926930796083,0.14092028878398402
2023-02-24 00:00:00-05:00,140.4920394175786,140.9681448889446,140.0655317346116,140.66065979003906,1764900,0.0,0.0,0.05280829015544042,6.083607,0.0016,0.098500006,0.34451,0.06216,0.356,142027210752,0.181,29.523,12943287296,0.315,0.227,0.45,0.2202793529903911,-0.018757948025446166,1.0263519566298853,1.3765822818332791,-0.2290778130332124,0.013989854859610228,0.2309555732143903,0.18470131281221994,0.0025201104082715037,0.0006057380456292723,-0.031199179203312527,2.2997835971460456,231,0.06722926930796083,0.14092028878398402
2023-02-27 00:00:00-05:00,140.94830661977178,141.74181063027333,139.8869715462918,140.5416259765625,1807600,0.0,0.0,0.05280829015544042,6.083607,0.0016,0.098500006,0.34451,0.06216,0.356,142027210752,0.181,29.523,12943287296,0.315,0.227,0.45,0.2202793529903911,-0.018757948025446166,1.0263519566298853,1.3765822818332791,-0.2290778130332124,0.013989854859610228,0.2309555732143903,0.18470131281221994,0.0025201104082715037,0.0006057380456292723,-0.031199179203312527,2.2997835971460456,231,0.06722926930796083,0.14092028878398402
2023-02-28 00:00:00-05:00,141.107028937959,143.2098574000909,140.80947243705924,142.35682678222656,3618600,0.0,0.0,0.05280829015544042,6.083607,0.0016,0.098500006,0.34451,0.06216,0.356,142027210752,0.181,29.523,12943287296,0.315,0.227,0.45,0.2202793529903911,-0.018757948025446166,1.0263519566298853,1.3765822818332791,-0.2290778130332124,0.013989854859610228,0.2309555732143903,0.18470131281221994,0.0025201104082715037,0.0006057380456292723,-0.031199179203312527,2.2997835971460456,231,0.06722926930796083,0.14092028878398402
2023-03-01 00:00:00-05:00,141.74182324126147,142.48574466863366,140.42261589562727,141.07725524902344,2346500,0.0,0.0,0.05280829015544042,6.083607,0.0016,0.098500006,0.34451,0.06216,0.356,142027210752,0.181,29.523,12943287296,0.315,0.227,0.45,0.2202793529903911,-0.018757948025446166,1.0263519566298853,1.3765822818332791,-0.2290778130332124,0.013989854859610228,0.2309555732143903,0.18470131281221994,0.0025201104082715037,0.0006057380456292723,-0.031199179203312527,2.2997835971460456,231,0.06722926930796083,0.14092028878398402
2023-03-02 00:00:00-05:00,140.4325237094927,141.55337012455894,139.76795574418074,141.0970916748047,1425700,0.0,0.0,0.05280829015544042,6.083607,0.0016,0.098500006,0.34451,0.06216,0.356,142027210752,0.181,29.523,12943287296,0.315,0.227,0.45,0.2202793529903911,-0.018757948025446166,1.0263519566298853,1.3765822818332791,-0.2290778130332124,0.013989854859610228,0.2309555732143903,0.18470131281221994,0.0025201104082715037,0.0006057380456292723,-0.031199179203312527,2.2997835971460456,231,0.06722926930796083,0.14092028878398402
2023-03-03 00:00:00-05:00,142.5849250873136,144.51911756582214,141.97986845197312,144.41993713378906,2536300,0.0,0.0,0.05280829015544042,6.083607,0.0016,0.098500006,0.34451,0.06216,0.356,142027210752,0.181,29.523,12943287296,0.315,0.227,0.45,0.2202793529903911,-0.018757948025446166,1.0263519566298853,1.3765822818332791,-0.2290778130332124,0.013989854859610228,0.2309555732143903,0.18470131281221994,0.0025201104082715037,0.0006057380456292723,-0.031199179203312527,2.2997835971460456,231,0.06722926930796083,0.14092028878398402
2023-03-06 00:00:00-05:00,144.15212490845965,145.31264042533508,143.8644668374118,144.45960998535156,2349000,0.0,0.0,0.05280829015544042,6.083607,0.0016,0.098500006,0.34451,0.06216,0.356,142027210752,0.181,29.523,12943287296,0.315,0.227,0.45,0.2202793529903911,-0.018757948025446166,1.0263519566298853,1.3765822818332791,-0.2290778130332124,0.013989854859610228,0.2309555732143903,0.18470131281221994,0.0025201104082715037,0.0006057380456292723,-0.031199179203312527,2.2997835971460456,231,0.06722926930796083,0.14092028878398402
2023-03-07 00:00:00-05:00,144.7671067868436,145.15394532379858,143.28919257045885,143.65618896484375,2086500,0.0,0.0,0.05280829015544042,6.083607,0.0016,0.098500006,0.34451,0.06216,0.356,142027210752,0.181,29.523,12943287296,0.315,0.227,0.45,0.2202793529903911,-0.018757948025446166,1.0263519566298853,1.3765822818332791,-0.2290778130332124,0.013989854859610228,0.2309555732143903,0.18470131281221994,0.0025201104082715037,0.0006057380456292723,-0.031199179203312527,2.2997835971460456,231,0.06722926930796083,0.14092028878398402
2023-03-08 00:00:00-05:00,144.62823682168246,144.94565055082805,141.42441956060733,142.5948486328125,1495500,0.0,0.0,0.05280829015544042,6.083607,0.0016,0.098500006,0.34451,0.06216,0.356,142027210752,0.181,29.523,12943287296,0.315,0.227,0.45,0.2202793529903911,-0.018757948025446166,1.0263519566298853,1.3765822818332791,-0.2290778130332124,0.013989854859610228,0.2309555732143903,0.18470131281221994,0.0025201104082715037,0.0006057380456292723,-0.031199179203312527,2.2997835971460456,231,0.06722926930796083,0.14092028878398402
2023-03-09 00:00:00-05:00,143.02137200053843,143.596673035532,139.9762464569704,140.90863037109375,2671500,0.0,0.0,0.05280829015544042,6.083607,0.0016,0.098500006,0.34451,0.06216,0.356,142027210752,0.181,29.523,12943287296,0.315,0.227,0.45,0.2202793529903911,-0.018757948025446166,1.0263519566298853,1.3765822818332791,-0.2290778130332124,0.013989854859610228,0.2309555732143903,0.18470131281221994,0.0025201104082715037,0.0006057380456292723,-0.031199179203312527,2.2997835971460456,231,0.06722926930796083,0.14092028878398402
2023-03-10 00:00:00-05:00,139.83738277823284,141.50377460499246,139.311679526576,139.5100555419922,2623100,0.0,0.0,0.05280829015544042,6.083607,0.0016,0.098500006,0.34451,0.06216,0.356,142027210752,0.181,29.523,12943287296,0.315,0.227,0.45,0.2202793529903911,-0.018757948025446166,1.0263519566298853,1.3765822818332791,-0.2290778130332124,0.013989854859610228,0.2309555732143903,0.18470131281221994,0.0025201104082715037,0.0006057380456292723,-0.031199179203312527,2.2997835971460456,231,0.06722926930796083,0.14092028878398402
2023-03-13 00:00:00-04:00,137.27829295785435,140.25397863007768,136.92121007178275,138.39913940429688,3646200,0.0,0.0,0.05280829015544042,6.083607,0.0016,0.098500006,0.34451,0.06216,0.356,142027210752,0.181,29.523,12943287296,0.315,0.227,0.45,0.2202793529903911,-0.018757948025446166,1.0263519566298853,1.3765822818332791,-0.2290778130332124,0.013989854859610228,0.2309555732143903,0.18470131281221994,0.0025201104082715037,0.0006057380456292723,-0.031199179203312527,2.2997835971460456,231,0.06722926930796083,0.14092028878398402
2023-03-14 00:00:00-04:00,139.8869665501568,140.80943687534068,137.74446947403783,140.69039916992188,3309700,0.0,0.0,0.05280829015544042,6.083607,0.0016,0.098500006,0.34451,0.06216,0.356,142027210752,0.181,29.523,12943287296,0.315,0.227,0.45,0.2202793529903911,-0.018757948025446166,1.0263519566298853,1.3765822818332791,-0.2290778130332124,0.013989854859610228,0.2309555732143903,0.18470131281221994,0.0025201104082715037,0.0006057380456292723,-0.031199179203312527,2.2997835971460456,231,0.06722926930796083,0.14092028878398402
2023-03-15 00:00:00-04:00,136.18721323317234,139.9861736443579,132.59654233716682,133.96536254882812,4091000,0.0,0.0,0.05280829015544042,6.083607,0.0016,0.098500006,0.34451,0.06216,0.356,142027210752,0.181,29.523,12943287296,0.315,0.227,0.45,0.2202793529903911,-0.018757948025446166,1.0263519566298853,1.3765822818332791,-0.2290778130332124,0.013989854859610228,0.2309555732143903,0.18470131281221994,0.0025201104082715037,0.0006057380456292723,-0.031199179203312527,2.2997835971460456,231,0.06722926930796083,0.14092028878398402
2023-03-16 00:00:00-04:00,137.54610971189885,142.406405419406,136.28639853211163,141.71206665039062,4786000,0.0,0.0,0.05280829015544042,6.083607,0.0016,0.098500006,0.34451,0.06216,0.356,142027210752,0.181,29.523,12943287296,0.315,0.227,0.45,0.2202793529903911,-0.018757948025446166,1.0263519566298853,1.3765822818332791,-0.2290778130332124,0.013989854859610228,0.2309555732143903,0.18470131281221994,0.0025201104082715037,0.0006057380456292723,-0.031199179203312527,2.2997835971460456,231,0.06722926930796083,0.14092028878398402
2023-03-17 00:00:00-04:00,141.00784457209835,141.3549988585611,134.75890092943024,135.21517944335938,6382900,0.0,0.0,0.05280829015544042,6.083607,0.0016,0.098500006,0.34451,0.06216,0.356,142027210752,0.181,29.523,12943287296,0.315,0.227,0.45,0.2202793529903911,-0.018757948025446166,1.0263519566298853,1.3765822818332791,-0.2290778130332124,0.013989854859610228,0.2309555732143903,0.18470131281221994,0.0025201104082715037,0.0006057380456292723,-0.031199179203312527,2.2997835971460456,231,0.06722926930796083,0.14092028878398402
2023-03-20 00:00:00-04:00,135.50281726009737,138.71656347414032,135.12589220363276,137.94288635253906,2293300,0.0,0.0,0.05280829015544042,6.083607,0.0016,0.098500006,0.34451,0.06216,0.356,142027210752,0.181,29.523,12943287296,0.315,0.227,0.45,0.2202793529903911,-0.018757948025446166,1.0263519566298853,1.3765822818332791,-0.2290778130332124,0.013989854859610228,0.2309555732143903,0.18470131281221994,0.0025201104082715037,0.0006057380456292723,-0.031199179203312527,2.2997835971460456,231,0.06722926930796083,0.14092028878398402
2023-03-21 00:00:00-04:00,140.2539756543381,140.48212244832106,138.47848990036775,139.0934600830078,2451100,0.0,0.0,0.05280829015544042,6.083607,0.0016,0.098500006,0.34451,0.06216,0.356,142027210752,0.181,29.523,12943287296,0.315,0.227,0.45,0.2202793529903911,-0.018757948025446166,1.0263519566298853,1.3765822818332791,-0.2290778130332124,0.013989854859610228,0.2309555732143903,0.18470131281221994,0.0025201104082715037,0.0006057380456292723,-0.031199179203312527,2.2997835971460456,231,0.06722926930796083,0.14092028878398402
2023-03-22 00:00:00-04:00,138.9744173477197,139.57947393922683,135.52262677959118,135.58213806152344,2215900,0.0,0.0,0.05280829015544042,6.083607,0.0016,0.098500006,0.34451,0.06216,0.356,142027210752,0.181,29.523,12943287296,0.315,0.227,0.45,0.2202793529903911,-0.018757948025446166,1.0263519566298853,1.3765822818332791,-0.2290778130332124,0.013989854859610228,0.2309555732143903,0.18470131281221994,0.0025201104082715037,0.0006057380456292723,-0.031199179203312527,2.2997835971460456,231,0.06722926930796083,0.14092028878398402
2023-03-23 00:00:00-04:00,135.50279262943,136.86168409739125,134.98700293041176,136.71290588378906,2445400,0.0,0.0,0.05280829015544042,6.083607,0.0016,0.098500006,0.34451,0.06216,0.356,142027210752,0.181,29.523,12943287296,0.315,0.227,0.45,0.2202793529903911,-0.018757948025446166,1.0263519566298853,1.3765822818332791,-0.2290778130332124,0.013989854859610228,0.2309555732143903,0.18470131281221994,0.0025201104082715037,0.0006057380456292723,-0.031199179203312527,2.2997835971460456,231,0.06722926930796083,0.14092028878398402
2023-03-24 00:00:00-04:00,135.58214628105077,139.3811064042488,134.66960458749338,139.2918243408203,3227300,0.0,0.0,0.05280829015544042,6.083607,0.0016,0.098500006,0.34451,0.06216,0.356,142027210752,0.181,29.523,12943287296,0.315,0.227,0.45,0.2202793529903911,-0.018757948025446166,1.0263519566298853,1.3765822818332791,-0.2290778130332124,0.013989854859610228,0.2309555732143903,0.18470131281221994,0.0025201104082715037,0.0006057380456292723,-0.031199179203312527,2.2997835971460456,231,0.06722926930796083,0.14092028878398402
2023-03-27 00:00:00-04:00,140.16470457004655,141.245866676921,138.74630173655206,139.9762420654297,3181800,0.0,0.0,0.05280829015544042,6.083607,0.0016,0.098500006,0.34451,0.06216,0.356,142027210752,0.181,29.523,12943287296,0.315,0.227,0.45,0.2202793529903911,-0.018757948025446166,1.0263519566298853,1.3765822818332791,-0.2290778130332124,0.013989854859610228,0.2309555732143903,0.18470131281221994,0.0025201104082715037,0.0006057380456292723,-0.031199179203312527,2.2997835971460456,231,0.06722926930796083,0.14092028878398402
2023-03-28 00:00:00-04:00,139.99606775866732,141.9302600930576,139.936556476858,141.6922149658203,2021200,0.0,0.0,0.05280829015544042,6.083607,0.0016,0.098500006,0.34451,0.06216,0.356,142027210752,0.181,29.523,12943287296,0.315,0.227,0.45,0.2202793529903911,-0.018757948025446166,1.0263519566298853,1.3765822818332791,-0.2290778130332124,0.013989854859610228,0.2309555732143903,0.18470131281221994,0.0025201104082715037,0.0006057380456292723,-0.031199179203312527,2.2997835971460456,231,0.06722926930796083,0.14092028878398402
2023-03-29 00:00:00-04:00,142.34686623970197,143.55697952256068,141.9402007345724,143.3090057373047,2041400,0.0,0.0,0.05280829015544042,6.083607,0.0016,0.098500006,0.34451,0.06216,0.356,142027210752,0.181,29.523,12943287296,0.315,0.227,0.45,0.2202793529903911,-0.018757948025446166,1.0263519566298853,1.3765822818332791,-0.2290778130332124,0.013989854859610228,0.2309555732143903,0.18470131281221994,0.0025201104082715037,0.0006057380456292723,-0.031199179203312527,2.2997835971460456,231,0.06722926930796083,0.14092028878398402
2023-03-30 00:00:00-04:00,143.39828010547362,143.8247877283632,141.26569658567195,142.6245880126953,2122900,0.0,0.0,0.05280829015544042,6.083607,0.0016,0.098500006,0.34451,0.06216,0.356,142027210752,0.181,29.523,12943287296,0.315,0.227,0.45,0.2202793529903911,-0.018757948025446166,1.0263519566298853,1.3765822818332791,-0.2290778130332124,0.013989854859610228,0.2309555732143903,0.18470131281221994,0.0025201104082715037,0.0006057380456292723,-0.031199179203312527,2.2997835971460456,231,0.06722926930796083,0.14092028878398402
2023-03-31 00:00:00-04:00,143.0114457588487,143.6661002374118,141.23595997196747,141.90052795410156,2344500,0.0,0.0,0.05280829015544042,6.083607,0.0016,0.098500006,0.34451,0.06216,0.356,142027210752,0.181,29.523,12943287296,0.315,0.227,0.45,0.2202793529903911,-0.018757948025446166,1.0263519566298853,1.3765822818332791,-0.2290778130332124,0.013989854859610228,0.2309555732143903,0.18470131281221994,0.0025201104082715037,0.0006057380456292723,-0.031199179203312527,2.2997835971460456,231,0.06722926930796083,0.14092028878398402
2023-04-03 00:00:00-04:00,141.58312275286616,144.3009058463644,141.58312275286616,143.9239959716797,1968800,0.0,0.0,0.05280829015544042,6.083607,0.0016,0.098500006,0.34451,0.06216,0.356,142027210752,0.181,29.523,12943287296,0.315,0.227,0.45,0.2202793529903911,-0.018757948025446166,1.0263519566298853,1.3765822818332791,-0.2290778130332124,0.013989854859610228,0.2309555732143903,0.18470131281221994,0.0025201104082715037,0.0006057380456292723,-0.031199179203312527,2.2997835971460456,231,0.06722926930796083,0.14092028878398402
2023-04-04 00:00:00-04:00,143.50737821331924,144.2810703286219,141.31529848116986,143.11062622070312,1578800,0.0,0.0,0.05280829015544042,6.083607,0.0016,0.098500006,0.34451,0.06216,0.356,142027210752,0.181,29.523,12943287296,0.315,0.227,0.45,0.2202793529903911,-0.018757948025446166,1.0263519566298853,1.3765822818332791,-0.2290778130332124,0.013989854859610228,0.2309555732143903,0.18470131281221994,0.0025201104082715037,0.0006057380456292723,-0.031199179203312527,2.2997835971460456,231,0.06722926930796083,0.14092028878398402
2023-04-05 00:00:00-04:00,142.57464794494976,145.8998076696204,142.57464794494976,145.3439483642578,2225600,0.1,0.0,0.05280829015544042,6.083607,0.0016,0.098500006,0.34451,0.06216,0.356,142027210752,0.181,29.523,12943287296,0.315,0.227,0.45,0.2202793529903911,-0.018757948025446166,1.0263519566298853,1.3765822818332791,-0.2290778130332124,0.013989854859610228,0.2309555732143903,0.18470131281221994,0.0025201104082715037,0.0006057380456292723,-0.031199179203312527,2.2997835971460456,231,0.06722926930796083,0.14092028878398402
2023-04-06 00:00:00-04:00,145.38366046398838,146.75343010725578,145.33402827556526,146.19757080078125,1902900,0.0,0.0,0.05280829015544042,6.083607,0.0016,0.098500006,0.34451,0.06216,0.356,142027210752,0.181,29.523,12943287296,0.315,0.227,0.45,0.2202793529903911,-0.018757948025446166,1.0263519566298853,1.3765822818332791,-0.2290778130332124,0.013989854859610228,0.2309555732143903,0.18470131281221994,0.0025201104082715037,0.0006057380456292723,-0.031199179203312527,2.2997835971460456,231,0.06722926930796083,0.14092028878398402
2023-04-10 00:00:00-04:00,146.34643988725074,147.97427540080272,146.25711105223246,147.89486694335938,2108600,0.0,0.0,0.05280829015544042,6.083607,0.0016,0.098500006,0.34451,0.06216,0.356,142027210752,0.181,29.523,12943287296,0.315,0.227,0.45,0.2202793529903911,-0.018757948025446166,1.0263519566298853,1.3765822818332791,-0.2290778130332124,0.013989854859610228,0.2309555732143903,0.18470131281221994,0.0025201104082715037,0.0006057380456292723,-0.031199179203312527,2.2997835971460456,231,0.06722926930796083,0.14092028878398402
2023-04-11 00:00:00-04:00,147.05116970120267,148.75841372288394,145.97919335792844,147.51768493652344,2769200,0.0,0.0,0.05280829015544042,6.083607,0.0016,0.098500006,0.34451,0.06216,0.356,142027210752,0.181,29.523,12943287296,0.315,0.227,0.45,0.2202793529903911,-0.018757948025446166,1.0263519566298853,1.3765822818332791,-0.2290778130332124,0.013989854859610228,0.2309555732143903,0.18470131281221994,0.0025201104082715037,0.0006057380456292723,-0.031199179203312527,2.2997835971460456,231,0.06722926930796083,0.14092028878398402
2023-04-12 00:00:00-04:00,147.12068133035794,148.72866124824765,146.65416602036964,147.0511932373047,2965100,0.0,0.0,0.05280829015544042,6.083607,0.0016,0.098500006,0.34451,0.06216,0.356,142027210752,0.181,29.523,12943287296,0.315,0.227,0.45,0.2202793529903911,-0.018757948025446166,1.0263519566298853,1.3765822818332791,-0.2290778130332124,0.013989854859610228,0.2309555732143903,0.18470131281221994,0.0025201104082715037,0.0006057380456292723,-0.031199179203312527,2.2997835971460456,231,0.06722926930796083,0.14092028878398402
2023-04-13 00:00:00-04:00,139.84502123242606,140.59937887601626,134.94165868505243,137.18490600585938,7196100,0.0,0.0,0.05280829015544042,6.083607,0.0016,0.098500006,0.34451,0.06216,0.356,142027210752,0.181,29.523,12943287296,0.315,0.227,0.45,0.2202793529903911,-0.018757948025446166,1.0263519566298853,1.3765822818332791,-0.2290778130332124,0.013989854859610228,0.2309555732143903,0.18470131281221994,0.0025201104082715037,0.0006057380456292723,-0.031199179203312527,2.2997835971460456,231,0.06722926930796083,0.14092028878398402
2023-04-14 00:00:00-04:00,136.97645462810226,137.95911725502953,134.07811407228576,134.8424072265625,4298900,0.0,0.0,0.05280829015544042,6.083607,0.0016,0.098500006,0.34451,0.06216,0.356,142027210752,0.181,29.523,12943287296,0.315,0.227,0.45,0.2202793529903911,-0.018757948025446166,1.0263519566298853,1.3765822818332791,-0.2290778130332124,0.013989854859610228,0.2309555732143903,0.18470131281221994,0.0025201104082715037,0.0006057380456292723,-0.031199179203312527,2.2997835971460456,231,0.06722926930796083,0.14092028878398402
2023-04-17 00:00:00-04:00,135.9243245642076,137.47275169063764,134.99129407889328,137.3834228515625,2988700,0.0,0.0,0.05280829015544042,6.083607,0.0016,0.098500006,0.34451,0.06216,0.356,142027210752,0.181,29.523,12943287296,0.315,0.227,0.45,0.2202793529903911,-0.018757948025446166,1.0263519566298853,1.3765822818332791,-0.2290778130332124,0.013989854859610228,0.2309555732143903,0.18470131281221994,0.0025201104082715037,0.0006057380456292723,-0.031199179203312527,2.2997835971460456,231,0.06722926930796083,0.14092028878398402
2023-04-18 00:00:00-04:00,136.93676891651478,137.86978429304705,136.27172492217142,137.572021484375,2143100,0.0,0.0,0.05280829015544042,6.083607,0.0016,0.098500006,0.34451,0.06216,0.356,142027210752,0.181,29.523,12943287296,0.315,0.227,0.45,0.2202793529903911,-0.018757948025446166,1.0263519566298853,1.3765822818332791,-0.2290778130332124,0.013989854859610228,0.2309555732143903,0.18470131281221994,0.0025201104082715037,0.0006057380456292723,-0.031199179203312527,2.2997835971460456,231,0.06722926930796083,0.14092028878398402
2023-04-19 00:00:00-04:00,138.2271099455867,139.76561670059596,137.69112176321968,137.8797149658203,2044100,0.0,0.0,0.05280829015544042,6.083607,0.0016,0.098500006,0.34451,0.06216,0.356,142027210752,0.181,29.523,12943287296,0.315,0.227,0.45,0.2202793529903911,-0.018757948025446166,1.0263519566298853,1.3765822818332791,-0.2290778130332124,0.013989854859610228,0.2309555732143903,0.18470131281221994,0.0025201104082715037,0.0006057380456292723,-0.031199179203312527,2.2997835971460456,231,0.06722926930796083,0.14092028878398402
2023-04-20 00:00:00-04:00,137.91943058632305,138.87231710840717,136.40077952426512,137.36358642578125,2235000,0.0,0.0,0.05280829015544042,6.083607,0.0016,0.098500006,0.34451,0.06216,0.356,142027210752,0.181,29.523,12943287296,0.315,0.227,0.45,0.2202793529903911,-0.018757948025446166,1.0263519566298853,1.3765822818332791,-0.2290778130332124,0.013989854859610228,0.2309555732143903,0.18470131281221994,0.0025201104082715037,0.0006057380456292723,-0.031199179203312527,2.2997835971460456,231,0.06722926930796083,0.14092028878398402
2023-04-21 00:00:00-04:00,136.76803181765317,137.36358779308605,134.98139418258978,136.00375366210938,2358500,0.0,0.0,0.05280829015544042,6.083607,0.0016,0.098500006,0.34451,0.06216,0.356,142027210752,0.181,29.523,12943287296,0.315,0.227,0.45,0.2202793529903911,-0.018757948025446166,1.0263519566298853,1.3765822818332791,-0.2290778130332124,0.013989854859610228,0.2309555732143903,0.18470131281221994,0.0025201104082715037,0.0006057380456292723,-0.031199179203312527,2.2997835971460456,231,0.06722926930796083,0.14092028878398402
2023-04-24 00:00:00-04:00,136.2717180220592,136.4900875011055,134.05826209785167,134.39573669433594,2139700,0.0,0.0,0.05280829015544042,6.083607,0.0016,0.098500006,0.34451,0.06216,0.356,142027210752,0.181,29.523,12943287296,0.315,0.227,0.45,0.2202793529903911,-0.018757948025446166,1.0263519566298853,1.3765822818332791,-0.2290778130332124,0.013989854859610228,0.2309555732143903,0.18470131281221994,0.0025201104082715037,0.0006057380456292723,-0.031199179203312527,2.2997835971460456,231,0.06722926930796083,0.14092028878398402
2023-04-25 00:00:00-04:00,133.99871532916083,135.24936455314466,133.17486955818174,133.8696746826172,1982900,0.0,0.0,0.05280829015544042,6.083607,0.0016,0.098500006,0.34451,0.06216,0.356,142027210752,0.181,29.523,12943287296,0.315,0.227,0.45,0.2202793529903911,-0.018757948025446166,1.0263519566298853,1.3765822818332791,-0.2290778130332124,0.013989854859610228,0.2309555732143903,0.18470131281221994,0.0025201104082715037,0.0006057380456292723,-0.031199179203312527,2.2997835971460456,231,0.06722926930796083,0.14092028878398402
2023-04-26 00:00:00-04:00,132.9267290233624,133.8597595753228,132.22200349283324,132.84732055664062,1648800,0.0,0.0,0.05280829015544042,6.083607,0.0016,0.098500006,0.34451,0.06216,0.356,142027210752,0.181,29.523,12943287296,0.315,0.227,0.45,0.2202793529903911,-0.018757948025446166,1.0263519566298853,1.3765822818332791,-0.2290778130332124,0.013989854859610228,0.2309555732143903,0.18470131281221994,0.0025201104082715037,0.0006057380456292723,-0.031199179203312527,2.2997835971460456,231,0.06722926930796083,0.14092028878398402
2023-04-27 00:00:00-04:00,131.41799677467085,134.21708839493542,131.34852383318355,133.71087646484375,1918100,0.0,0.0,0.05280829015544042,6.083607,0.0016,0.098500006,0.34451,0.06216,0.356,142027210752,0.181,29.523,12943287296,0.315,0.227,0.45,0.2202793529903911,-0.018757948025446166,1.0263519566298853,1.3765822818332791,-0.2290778130332124,0.013989854859610228,0.2309555732143903,0.18470131281221994,0.0025201104082715037,0.0006057380456292723,-0.031199179203312527,2.2997835971460456,231,0.06722926930796083,0.14092028878398402
2023-04-28 00:00:00-04:00,133.31384102420333,135.47768017619214,132.95651048284816,135.38833618164062,2188000,0.0,0.0,0.05280829015544042,6.083607,0.0016,0.098500006,0.34451,0.06216,0.356,142027210752,0.181,29.523,12943287296,0.315,0.227,0.45,0.2202793529903911,-0.018757948025446166,1.0263519566298853,1.3765822818332791,-0.2290778130332124,0.013989854859610228,0.2309555732143903,0.18470131281221994,0.0025201104082715037,0.0006057380456292723,-0.031199179203312527,2.2997835971460456,231,0.06722926930796083,0.14092028878398402
2023-05-01 00:00:00-04:00,135.26921738091977,136.32135299481033,134.4453716286658,134.88211059570312,1774100,0.0,0.0,0.05280829015544042,6.083607,0.0016,0.098500006,0.34451,0.06216,0.356,142027210752,0.181,29.523,12943287296,0.315,0.227,0.45,0.2202793529903911,-0.018757948025446166,1.0263519566298853,1.3765822818332791,-0.2290778130332124,0.013989854859610228,0.2309555732143903,0.18470131281221994,0.0025201104082715037,0.0006057380456292723,-0.031199179203312527,2.2997835971460456,231,0.06722926930796083,0.14092028878398402
2023-05-02 00:00:00-04:00,133.99872088271937,134.58434128718477,124.46992446784319,127.35833740234375,6751900,0.0,0.0,0.05280829015544042,6.083607,0.0016,0.098500006,0.34451,0.06216,0.356,142027210752,0.181,29.523,12943287296,0.315,0.227,0.45,0.2202793529903911,-0.018757948025446166,1.0263519566298853,1.3765822818332791,-0.2290778130332124,0.013989854859610228,0.2309555732143903,0.18470131281221994,0.0025201104082715037,0.0006057380456292723,-0.031199179203312527,2.2997835971460456,231,0.06722926930796083,0.14092028878398402
2023-05-03 00:00:00-04:00,125.96872562994574,126.43523332865335,119.83456173134287,124.12252044677734,8019200,0.0,0.0,0.05280829015544042,6.083607,0.0016,0.098500006,0.34451,0.06216,0.356,142027210752,0.181,29.523,12943287296,0.315,0.227,0.45,0.2202793529903911,-0.018757948025446166,1.0263519566298853,1.3765822818332791,-0.2290778130332124,0.013989854859610228,0.2309555732143903,0.18470131281221994,0.0025201104082715037,0.0006057380456292723,-0.031199179203312527,2.2997835971460456,231,0.06722926930796083,0.14092028878398402
2023-05-04 00:00:00-04:00,123.2490405888311,125.7801304999393,121.80979813604127,125.16472625732422,4909900,0.0,0.0,0.05280829015544042,6.083607,0.0016,0.098500006,0.34451,0.06216,0.356,142027210752,0.181,29.523,12943287296,0.315,0.227,0.45,0.2202793529903911,-0.018757948025446166,1.0263519566298853,1.3765822818332791,-0.2290778130332124,0.013989854859610228,0.2309555732143903,0.18470131281221994,0.0025201104082715037,0.0006057380456292723,-0.031199179203312527,2.2997835971460456,231,0.06722926930796083,0.14092028878398402
2023-05-05 00:00:00-04:00,125.98857768948665,129.1846890245757,125.69079971971908,128.5593719482422,3124100,0.0,0.0,0.05280829015544042,6.083607,0.0016,0.098500006,0.34451,0.06216,0.356,142027210752,0.181,29.523,12943287296,0.315,0.227,0.45,0.2202793529903911,-0.018757948025446166,1.0263519566298853,1.3765822818332791,-0.2290778130332124,0.013989854859610228,0.2309555732143903,0.18470131281221994,0.0025201104082715037,0.0006057380456292723,-0.031199179203312527,2.2997835971460456,231,0.06722926930796083,0.14092028878398402
2023-05-08 00:00:00-04:00,129.1350622650766,134.00863358281416,128.36084868932133,133.095458984375,4254400,0.0,0.0,0.05280829015544042,6.083607,0.0016,0.098500006,0.34451,0.06216,0.356,142027210752,0.181,29.523,12943287296,0.315,0.227,0.45,0.2202793529903911,-0.018757948025446166,1.0263519566298853,1.3765822818332791,-0.2290778130332124,0.013989854859610228,0.2309555732143903,0.18470131281221994,0.0025201104082715037,0.0006057380456292723,-0.031199179203312527,2.2997835971460456,231,0.06722926930796083,0.14092028878398402
2023-05-09 00:00:00-04:00,132.9763626538017,136.27173075768806,132.78776943648938,134.6935272216797,3595100,0.0,0.0,0.05280829015544042,6.083607,0.0016,0.098500006,0.34451,0.06216,0.356,142027210752,0.181,29.523,12943287296,0.315,0.227,0.45,0.2202793529903911,-0.018757948025446166,1.0263519566298853,1.3765822818332791,-0.2290778130332124,0.013989854859610228,0.2309555732143903,0.18470131281221994,0.0025201104082715037,0.0006057380456292723,-0.031199179203312527,2.2997835971460456,231,0.06722926930796083,0.14092028878398402
2023-05-10 00:00:00-04:00,134.0483448707242,134.80270254158745,131.95399401472721,133.38331604003906,2644600,0.0,0.0,0.05280829015544042,6.083607,0.0016,0.098500006,0.34451,0.06216,0.356,142027210752,0.181,29.523,12943287296,0.315,0.227,0.45,0.2202793529903911,-0.018757948025446166,1.0263519566298853,1.3765822818332791,-0.2290778130332124,0.013989854859610228,0.2309555732143903,0.18470131281221994,0.0025201104082715037,0.0006057380456292723,-0.031199179203312527,2.2997835971460456,231,0.06722926930796083,0.14092028878398402
2023-05-11 00:00:00-04:00,132.37087898072375,133.35354167363093,130.4551857775924,132.9465789794922,2037800,0.0,0.0,0.05280829015544042,6.083607,0.0016,0.098500006,0.34451,0.06216,0.356,142027210752,0.181,29.523,12943287296,0.315,0.227,0.45,0.2202793529903911,-0.018757948025446166,1.0263519566298853,1.3765822818332791,-0.2290778130332124,0.013989854859610228,0.2309555732143903,0.18470131281221994,0.0025201104082715037,0.0006057380456292723,-0.031199179203312527,2.2997835971460456,231,0.06722926930796083,0.14092028878398402
2023-05-12 00:00:00-04:00,134.018587445606,134.5148790439056,132.15252618940173,132.44036865234375,2155900,0.0,0.0,0.05280829015544042,6.083607,0.0016,0.098500006,0.34451,0.06216,0.356,142027210752,0.181,29.523,12943287296,0.315,0.227,0.45,0.2202793529903911,-0.018757948025446166,1.0263519566298853,1.3765822818332791,-0.2290778130332124,0.013989854859610228,0.2309555732143903,0.18470131281221994,0.0025201104082715037,0.0006057380456292723,-0.031199179203312527,2.2997835971460456,231,0.06722926930796083,0.14092028878398402
2023-05-15 00:00:00-04:00,132.79768261195963,133.01605209956918,129.99860622309797,131.02096557617188,2204900,0.0,0.0,0.05280829015544042,6.083607,0.0016,0.098500006,0.34451,0.06216,0.356,142027210752,0.181,29.523,12943287296,0.315,0.227,0.45,0.2202793529903911,-0.018757948025446166,1.0263519566298853,1.3765822818332791,-0.2290778130332124,0.013989854859610228,0.2309555732143903,0.18470131281221994,0.0025201104082715037,0.0006057380456292723,-0.031199179203312527,2.2997835971460456,231,0.06722926930796083,0.14092028878398402
2023-05-16 00:00:00-04:00,130.83237527737256,131.2393379811109,128.41047010322325,128.79757690429688,2927900,0.0,0.0,0.05280829015544042,6.083607,0.0016,0.098500006,0.34451,0.06216,0.356,142027210752,0.181,29.523,12943287296,0.315,0.227,0.45,0.2202793529903911,-0.018757948025446166,1.0263519566298853,1.3765822818332791,-0.2290778130332124,0.013989854859610228,0.2309555732143903,0.18470131281221994,0.0025201104082715037,0.0006057380456292723,-0.031199179203312527,2.2997835971460456,231,0.06722926930796083,0.14092028878398402
2023-05-17 00:00:00-04:00,130.8125157521616,136.87719889811203,130.75296319143268,135.58685302734375,4312200,0.0,0.0,0.05280829015544042,6.083607,0.0016,0.098500006,0.34451,0.06216,0.356,142027210752,0.181,29.523,12943287296,0.315,0.227,0.45,0.2202793529903911,-0.018757948025446166,1.0263519566298853,1.3765822818332791,-0.2290778130332124,0.013989854859610228,0.2309555732143903,0.18470131281221994,0.0025201104082715037,0.0006057380456292723,-0.031199179203312527,2.2997835971460456,231,0.06722926930796083,0.14092028878398402
2023-05-18 00:00:00-04:00,135.98387743193607,136.32135203295084,133.492499436517,135.10047912597656,3451200,0.0,0.0,0.05280829015544042,6.083607,0.0016,0.098500006,0.34451,0.06216,0.356,142027210752,0.181,29.523,12943287296,0.315,0.227,0.45,0.2202793529903911,-0.018757948025446166,1.0263519566298853,1.3765822818332791,-0.2290778130332124,0.013989854859610228,0.2309555732143903,0.18470131281221994,0.0025201104082715037,0.0006057380456292723,-0.031199179203312527,2.2997835971460456,231,0.06722926930796083,0.14092028878398402
2023-05-19 00:00:00-04:00,135.48758000526928,135.89454267173446,133.70092756948344,134.05825805664062,4873800,0.0,0.0,0.05280829015544042,6.083607,0.0016,0.098500006,0.34451,0.06216,0.356,142027210752,0.181,29.523,12943287296,0.315,0.227,0.45,0.2202793529903911,-0.018757948025446166,1.0263519566298853,1.3765822818332791,-0.2290778130332124,0.013989854859610228,0.2309555732143903,0.18470131281221994,0.0025201104082715037,0.0006057380456292723,-0.031199179203312527,2.2997835971460456,231,0.06722926930796083,0.14092028878398402
2023-05-22 00:00:00-04:00,134.69352689803773,135.7456625861819,133.8299844267527,134.62405395507812,2857100,0.0,0.0,0.05280829015544042,6.083607,0.0016,0.098500006,0.34451,0.06216,0.356,142027210752,0.181,29.523,12943287296,0.315,0.227,0.45,0.2202793529903911,-0.018757948025446166,1.0263519566298853,1.3765822818332791,-0.2290778130332124,0.013989854859610228,0.2309555732143903,0.18470131281221994,0.0025201104082715037,0.0006057380456292723,-0.031199179203312527,2.2997835971460456,231,0.06722926930796083,0.14092028878398402
2023-05-23 00:00:00-04:00,134.00863834280676,134.34612810612575,132.22200088644271,132.3609619140625,2989000,0.0,0.0,0.05280829015544042,6.083607,0.0016,0.098500006,0.34451,0.06216,0.356,142027210752,0.181,29.523,12943287296,0.315,0.227,0.45,0.2202793529903911,-0.018757948025446166,1.0263519566298853,1.3765822818332791,-0.2290778130332124,0.013989854859610228,0.2309555732143903,0.18470131281221994,0.0025201104082715037,0.0006057380456292723,-0.031199179203312527,2.2997835971460456,231,0.06722926930796083,0.14092028878398402
2023-05-24 00:00:00-04:00,131.86465124672583,132.25175799222615,129.96881417323883,130.524658203125,1928800,0.0,0.0,0.05280829015544042,6.083607,0.0016,0.098500006,0.34451,0.06216,0.356,142027210752,0.181,29.523,12943287296,0.315,0.227,0.45,0.2202793529903911,-0.018757948025446166,1.0263519566298853,1.3765822818332791,-0.2290778130332124,0.013989854859610228,0.2309555732143903,0.18470131281221994,0.0025201104082715037,0.0006057380456292723,-0.031199179203312527,2.2997835971460456,231,0.06722926930796083,0.14092028878398402
2023-05-25 00:00:00-04:00,130.0780184686327,130.63386258212256,127.85462686905713,127.9737319946289,2584300,0.0,0.0,0.05280829015544042,6.083607,0.0016,0.098500006,0.34451,0.06216,0.356,142027210752,0.181,29.523,12943287296,0.315,0.227,0.45,0.2202793529903911,-0.018757948025446166,1.0263519566298853,1.3765822818332791,-0.2290778130332124,0.013989854859610228,0.2309555732143903,0.18470131281221994,0.0025201104082715037,0.0006057380456292723,-0.031199179203312527,2.2997835971460456,231,0.06722926930796083,0.14092028878398402
2023-05-26 00:00:00-04:00,128.07299841213586,130.8026019846803,127.30870517105083,127.5370101928711,3149700,0.0,0.0,0.05280829015544042,6.083607,0.0016,0.098500006,0.34451,0.06216,0.356,142027210752,0.181,29.523,12943287296,0.315,0.227,0.45,0.2202793529903911,-0.018757948025446166,1.0263519566298853,1.3765822818332791,-0.2290778130332124,0.013989854859610228,0.2309555732143903,0.18470131281221994,0.0025201104082715037,0.0006057380456292723,-0.031199179203312527,2.2997835971460456,231,0.06722926930796083,0.14092028878398402
2023-05-30 00:00:00-04:00,127.47744019290626,127.51715199842944,125.5319857995226,127.12012481689453,4230100,0.0,0.0,0.05280829015544042,6.083607,0.0016,0.098500006,0.34451,0.06216,0.356,142027210752,0.181,29.523,12943287296,0.315,0.227,0.45,0.2202793529903911,-0.018757948025446166,1.0263519566298853,1.3765822818332791,-0.2290778130332124,0.013989854859610228,0.2309555732143903,0.18470131281221994,0.0025201104082715037,0.0006057380456292723,-0.031199179203312527,2.2997835971460456,231,0.06722926930796083,0.14092028878398402
2023-05-31 00:00:00-04:00,126.60398080898209,127.95389446679114,126.44516387380067,126.96131134033203,6673400,0.0,0.0,0.05280829015544042,6.083607,0.0016,0.098500006,0.34451,0.06216,0.356,142027210752,0.181,29.523,12943287296,0.315,0.227,0.45,0.2202793529903911,-0.018757948025446166,1.0263519566298853,1.3765822818332791,-0.2290778130332124,0.013989854859610228,0.2309555732143903,0.18470131281221994,0.0025201104082715037,0.0006057380456292723,-0.031199179203312527,2.2997835971460456,231,0.06722926930796083,0.14092028878398402
2023-06-01 00:00:00-04:00,127.31864415095357,127.53701365433318,125.22429311080691,127.3781967163086,2978900,0.0,0.0,0.05280829015544042,6.083607,0.0016,0.098500006,0.34451,0.06216,0.356,142027210752,0.181,29.523,12943287296,0.315,0.227,0.45,0.2202793529903911,-0.018757948025446166,1.0263519566298853,1.3765822818332791,-0.2290778130332124,0.013989854859610228,0.2309555732143903,0.18470131281221994,0.0025201104082715037,0.0006057380456292723,-0.031199179203312527,2.2997835971460456,231,0.06722926930796083,0.14092028878398402
2023-06-02 00:00:00-04:00,127.62633041614437,128.88691513070972,127.3186320938713,128.5395050048828,1726300,0.0,0.0,0.05280829015544042,6.083607,0.0016,0.098500006,0.34451,0.06216,0.356,142027210752,0.181,29.523,12943287296,0.315,0.227,0.45,0.2202793529903911,-0.018757948025446166,1.0263519566298853,1.3765822818332791,-0.2290778130332124,0.013989854859610228,0.2309555732143903,0.18470131281221994,0.0025201104082715037,0.0006057380456292723,-0.031199179203312527,2.2997835971460456,231,0.06722926930796083,0.14092028878398402
2023-06-05 00:00:00-04:00,128.6883793991335,129.54200138169043,128.03328613230835,128.07298278808594,1576200,0.0,0.0,0.05280829015544042,6.083607,0.0016,0.098500006,0.34451,0.06216,0.356,142027210752,0.181,29.523,12943287296,0.315,0.227,0.45,0.2202793529903911,-0.018757948025446166,1.0263519566298853,1.3765822818332791,-0.2290778130332124,0.013989854859610228,0.2309555732143903,0.18470131281221994,0.0025201104082715037,0.0006057380456292723,-0.031199179203312527,2.2997835971460456,231,0.06722926930796083,0.14092028878398402
2023-06-06 00:00:00-04:00,128.34100395863987,128.89684809775827,127.5072377499623,128.83729553222656,1514900,0.0,0.0,0.05280829015544042,6.083607,0.0016,0.098500006,0.34451,0.06216,0.356,142027210752,0.181,29.523,12943287296,0.315,0.227,0.45,0.2202793529903911,-0.018757948025446166,1.0263519566298853,1.3765822818332791,-0.2290778130332124,0.013989854859610228,0.2309555732143903,0.18470131281221994,0.0025201104082715037,0.0006057380456292723,-0.031199179203312527,2.2997835971460456,231,0.06722926930796083,0.14092028878398402
2023-06-07 00:00:00-04:00,128.886920305109,130.20704248677305,127.54692707525484,129.86956787109375,1982100,0.0,0.0,0.05280829015544042,6.083607,0.0016,0.098500006,0.34451,0.06216,0.356,142027210752,0.181,29.523,12943287296,0.315,0.227,0.45,0.2202793529903911,-0.018757948025446166,1.0263519566298853,1.3765822818332791,-0.2290778130332124,0.013989854859610228,0.2309555732143903,0.18470131281221994,0.0025201104082715037,0.0006057380456292723,-0.031199179203312527,2.2997835971460456,231,0.06722926930796083,0.14092028878398402
2023-06-08 00:00:00-04:00,129.86956270137964,130.87208127564725,128.62883388816954,130.1077880859375,1534200,0.0,0.0,0.05280829015544042,6.083607,0.0016,0.098500006,0.34451,0.06216,0.356,142027210752,0.181,29.523,12943287296,0.315,0.227,0.45,0.2202793529903911,-0.018757948025446166,1.0263519566298853,1.3765822818332791,-0.2290778130332124,0.013989854859610228,0.2309555732143903,0.18470131281221994,0.0025201104082715037,0.0006057380456292723,-0.031199179203312527,2.2997835971460456,231,0.06722926930796083,0.14092028878398402
2023-06-09 00:00:00-04:00,129.879505885842,131.25919580168613,129.83979407993232,129.9291229248047,1673100,0.0,0.0,0.05280829015544042,6.083607,0.0016,0.098500006,0.34451,0.06216,0.356,142027210752,0.181,29.523,12943287296,0.315,0.227,0.45,0.2202793529903911,-0.018757948025446166,1.0263519566298853,1.3765822818332791,-0.2290778130332124,0.013989854859610228,0.2309555732143903,0.18470131281221994,0.0025201104082715037,0.0006057380456292723,-0.031199179203312527,2.2997835971460456,231,0.06722926930796083,0.14092028878398402
2023-06-12 00:00:00-04:00,129.88942517587216,130.33608454210673,129.00602682198917,129.72068786621094,1833200,0.0,0.0,0.05280829015544042,6.083607,0.0016,0.098500006,0.34451,0.06216,0.356,142027210752,0.181,29.523,12943287296,0.315,0.227,0.45,0.2202793529903911,-0.018757948025446166,1.0263519566298853,1.3765822818332791,-0.2290778130332124,0.013989854859610228,0.2309555732143903,0.18470131281221994,0.0025201104082715037,0.0006057380456292723,-0.031199179203312527,2.2997835971460456,231,0.06722926930796083,0.14092028878398402
2023-06-13 00:00:00-04:00,129.50232152340698,131.62644880496762,129.44276895920885,130.70333862304688,1529500,0.0,0.0,0.05280829015544042,6.083607,0.0016,0.098500006,0.34451,0.06216,0.356,142027210752,0.181,29.523,12943287296,0.315,0.227,0.45,0.2202793529903911,-0.018757948025446166,1.0263519566298853,1.3765822818332791,-0.2290778130332124,0.013989854859610228,0.2309555732143903,0.18470131281221994,0.0025201104082715037,0.0006057380456292723,-0.031199179203312527,2.2997835971460456,231,0.06722926930796083,0.14092028878398402
2023-06-14 00:00:00-04:00,128.03330522295116,128.32114767069814,125.34339823809417,125.98857879638672,4474900,0.0,0.0,0.05280829015544042,6.083607,0.0016,0.098500006,0.34451,0.06216,0.356,142027210752,0.181,29.523,12943287296,0.315,0.227,0.45,0.2202793529903911,-0.018757948025446166,1.0263519566298853,1.3765822818332791,-0.2290778130332124,0.013989854859610228,0.2309555732143903,0.18470131281221994,0.0025201104082715037,0.0006057380456292723,-0.031199179203312527,2.2997835971460456,231,0.06722926930796083,0.14092028878398402
2023-06-15 00:00:00-04:00,126.72308944365965,127.65612003164439,126.0481325960808,127.40797424316406,2681600,0.0,0.0,0.05280829015544042,6.083607,0.0016,0.098500006,0.34451,0.06216,0.356,142027210752,0.181,29.523,12943287296,0.315,0.227,0.45,0.2202793529903911,-0.018757948025446166,1.0263519566298853,1.3765822818332791,-0.2290778130332124,0.013989854859610228,0.2309555732143903,0.18470131281221994,0.0025201104082715037,0.0006057380456292723,-0.031199179203312527,2.2997835971460456,231,0.06722926930796083,0.14092028878398402
2023-06-16 00:00:00-04:00,128.10276877410965,129.8695654295872,127.57670095790654,129.02587890625,3355900,0.0,0.0,0.05280829015544042,6.083607,0.0016,0.098500006,0.34451,0.06216,0.356,142027210752,0.181,29.523,12943287296,0.315,0.227,0.45,0.2202793529903911,-0.018757948025446166,1.0263519566298853,1.3765822818332791,-0.2290778130332124,0.013989854859610228,0.2309555732143903,0.18470131281221994,0.0025201104082715037,0.0006057380456292723,-0.031199179203312527,2.2997835971460456,231,0.06722926930796083,0.14092028878398402
2023-06-20 00:00:00-04:00,128.17227354624546,128.88693466236128,127.58663794719382,128.51966857910156,2151800,0.0,0.0,0.05280829015544042,6.083607,0.0016,0.098500006,0.34451,0.06216,0.356,142027210752,0.181,29.523,12943287296,0.315,0.227,0.45,0.2202793529903911,-0.018757948025446166,1.0263519566298853,1.3765822818332791,-0.2290778130332124,0.013989854859610228,0.2309555732143903,0.18470131281221994,0.0025201104082715037,0.0006057380456292723,-0.031199179203312527,2.2997835971460456,231,0.06722926930796083,0.14092028878398402
2023-06-21 00:00:00-04:00,128.38068336570976,129.740532393589,127.22928343479218,129.63134765625,2034300,0.0,0.0,0.05280829015544042,6.083607,0.0016,0.098500006,0.34451,0.06216,0.356,142027210752,0.181,29.523,12943287296,0.315,0.227,0.45,0.2202793529903911,-0.018757948025446166,1.0263519566298853,1.3765822818332791,-0.2290778130332124,0.013989854859610228,0.2309555732143903,0.18470131281221994,0.0025201104082715037,0.0006057380456292723,-0.031199179203312527,2.2997835971460456,231,0.06722926930796083,0.14092028878398402
2023-06-22 00:00:00-04:00,130.36584706168642,130.8819944603864,129.6908978942911,130.78273010253906,1598000,0.0,0.0,0.05280829015544042,6.083607,0.0016,0.098500006,0.34451,0.06216,0.356,142027210752,0.181,29.523,12943287296,0.315,0.227,0.45,0.2202793529903911,-0.018757948025446166,1.0263519566298853,1.3765822818332791,-0.2290778130332124,0.013989854859610228,0.2309555732143903,0.18470131281221994,0.0025201104082715037,0.0006057380456292723,-0.031199179203312527,2.2997835971460456,231,0.06722926930796083,0.14092028878398402
2023-06-23 00:00:00-04:00,130.87208842260594,132.5098444872354,130.3460205887254,131.78526306152344,3616700,0.0,0.0,0.05280829015544042,6.083607,0.0016,0.098500006,0.34451,0.06216,0.356,142027210752,0.181,29.523,12943287296,0.315,0.227,0.45,0.2202793529903911,-0.018757948025446166,1.0263519566298853,1.3765822818332791,-0.2290778130332124,0.013989854859610228,0.2309555732143903,0.18470131281221994,0.0025201104082715037,0.0006057380456292723,-0.031199179203312527,2.2997835971460456,231,0.06722926930796083,0.14092028878398402
2023-06-26 00:00:00-04:00,131.3584355140525,131.72570153685146,130.66363041710406,130.97132873535156,1641300,0.0,0.0,0.05280829015544042,6.083607,0.0016,0.098500006,0.34451,0.06216,0.356,142027210752,0.181,29.523,12943287296,0.315,0.227,0.45,0.2202793529903911,-0.018757948025446166,1.0263519566298853,1.3765822818332791,-0.2290778130332124,0.013989854859610228,0.2309555732143903,0.18470131281221994,0.0025201104082715037,0.0006057380456292723,-0.031199179203312527,2.2997835971460456,231,0.06722926930796083,0.14092028878398402
2023-06-27 00:00:00-04:00,131.56690372333227,132.66867166050795,130.98128328125605,131.66615295410156,1268500,0.0,0.0,0.05280829015544042,6.083607,0.0016,0.098500006,0.34451,0.06216,0.356,142027210752,0.181,29.523,12943287296,0.315,0.227,0.45,0.2202793529903911,-0.018757948025446166,1.0263519566298853,1.3765822818332791,-0.2290778130332124,0.013989854859610228,0.2309555732143903,0.18470131281221994,0.0025201104082715037,0.0006057380456292723,-0.031199179203312527,2.2997835971460456,231,0.06722926930796083,0.14092028878398402
2023-06-28 00:00:00-04:00,131.0904738256999,131.30882820128133,129.6412956527957,130.71328735351562,1544400,0.0,0.0,0.05280829015544042,6.083607,0.0016,0.098500006,0.34451,0.06216,0.356,142027210752,0.181,29.523,12943287296,0.315,0.227,0.45,0.2202793529903911,-0.018757948025446166,1.0263519566298853,1.3765822818332791,-0.2290778130332124,0.013989854859610228,0.2309555732143903,0.18470131281221994,0.0025201104082715037,0.0006057380456292723,-0.031199179203312527,2.2997835971460456,231,0.06722926930796083,0.14092028878398402
2023-06-29 00:00:00-04:00,130.8323880373879,131.6860101878313,130.68350661692236,131.09046936035156,1959900,0.0,0.0,0.05280829015544042,6.083607,0.0016,0.098500006,0.34451,0.06216,0.356,142027210752,0.181,29.523,12943287296,0.315,0.227,0.45,0.2202793529903911,-0.018757948025446166,1.0263519566298853,1.3765822818332791,-0.2290778130332124,0.013989854859610228,0.2309555732143903,0.18470131281221994,0.0025201104082715037,0.0006057380456292723,-0.031199179203312527,2.2997835971460456,231,0.06722926930796083,0.14092028878398402
2023-06-30 00:00:00-04:00,131.46762257318238,131.97384962430135,130.4254073365665,131.38821411132812,2421100,0.0,0.0,0.05280829015544042,6.083607,0.0016,0.098500006,0.34451,0.06216,0.356,142027210752,0.181,29.523,12943287296,0.315,0.227,0.45,0.2202793529903911,-0.018757948025446166,1.0263519566298853,1.3765822818332791,-0.2290778130332124,0.013989854859610228,0.2309555732143903,0.18470131281221994,0.0025201104082715037,0.0006057380456292723,-0.031199179203312527,2.2997835971460456,231,0.06722926930796083,0.14092028878398402
2023-07-03 00:00:00-04:00,131.07062485327816,132.14261661070006,130.10781786223123,131.6066131591797,1131800,0.0,0.0,0.05280829015544042,6.083607,0.0016,0.098500006,0.34451,0.06216,0.356,142027210752,0.181,29.523,12943287296,0.315,0.227,0.45,0.2202793529903911,-0.018757948025446166,1.0263519566298853,1.3765822818332791,-0.2290778130332124,0.013989854859610228,0.2309555732143903,0.18470131281221994,0.0025201104082715037,0.0006057380456292723,-0.031199179203312527,2.2997835971460456,231,0.06722926930796083,0.14092028878398402
2023-07-05 00:00:00-04:00,130.16734251180284,131.27903069777977,129.59164251674605,130.45518493652344,1864400,0.0,0.0,0.05280829015544042,6.083607,0.0016,0.098500006,0.34451,0.06216,0.356,142027210752,0.181,29.523,12943287296,0.315,0.227,0.45,0.2202793529903911,-0.018757948025446166,1.0263519566298853,1.3765822818332791,-0.2290778130332124,0.013989854859610228,0.2309555732143903,0.18470131281221994,0.0025201104082715037,0.0006057380456292723,-0.031199179203312527,2.2997835971460456,231,0.06722926930796083,0.14092028878398402
2023-07-06 00:00:00-04:00,129.8095272115527,130.97174712582972,129.61086245221588,130.79293823242188,1834600,0.1,0.0,0.05280829015544042,6.083607,0.0016,0.098500006,0.34451,0.06216,0.356,142027210752,0.181,29.523,12943287296,0.315,0.227,0.45,0.2202793529903911,-0.018757948025446166,1.0263519566298853,1.3765822818332791,-0.2290778130332124,0.013989854859610228,0.2309555732143903,0.18470131281221994,0.0025201104082715037,0.0006057380456292723,-0.031199179203312527,2.2997835971460456,231,0.06722926930796083,0.14092028878398402
2023-07-07 00:00:00-04:00,130.22674318004596,130.66379958863195,128.70693579010614,130.3856658935547,1682700,0.0,0.0,0.05280829015544042,6.083607,0.0016,0.098500006,0.34451,0.06216,0.356,142027210752,0.181,29.523,12943287296,0.315,0.227,0.45,0.2202793529903911,-0.018757948025446166,1.0263519566298853,1.3765822818332791,-0.2290778130332124,0.013989854859610228,0.2309555732143903,0.18470131281221994,0.0025201104082715037,0.0006057380456292723,-0.031199179203312527,2.2997835971460456,231,0.06722926930796083,0.14092028878398402
2023-07-10 00:00:00-04:00,130.4750538571617,131.10084697710363,129.15391147061146,130.20684814453125,1737000,0.0,0.0,0.05280829015544042,6.083607,0.0016,0.098500006,0.34451,0.06216,0.356,142027210752,0.181,29.523,12943287296,0.315,0.227,0.45,0.2202793529903911,-0.018757948025446166,1.0263519566298853,1.3765822818332791,-0.2290778130332124,0.013989854859610228,0.2309555732143903,0.18470131281221994,0.0025201104082715037,0.0006057380456292723,-0.031199179203312527,2.2997835971460456,231,0.06722926930796083,0.14092028878398402
2023-07-11 00:00:00-04:00,130.5048806874751,131.86575024651077,130.48500966377495,131.28961181640625,1973900,0.0,0.0,0.05280829015544042,6.083607,0.0016,0.098500006,0.34451,0.06216,0.356,142027210752,0.181,29.523,12943287296,0.315,0.227,0.45,0.2202793529903911,-0.018757948025446166,1.0263519566298853,1.3765822818332791,-0.2290778130332124,0.013989854859610228,0.2309555732143903,0.18470131281221994,0.0025201104082715037,0.0006057380456292723,-0.031199179203312527,2.2997835971460456,231,0.06722926930796083,0.14092028878398402
2023-07-12 00:00:00-04:00,132.01471139775379,133.16698796439522,130.6141153053003,131.22998046875,2624000,0.0,0.0,0.05280829015544042,6.083607,0.0016,0.098500006,0.34451,0.06216,0.356,142027210752,0.181,29.523,12943287296,0.315,0.227,0.45,0.2202793529903911,-0.018757948025446166,1.0263519566298853,1.3765822818332791,-0.2290778130332124,0.013989854859610228,0.2309555732143903,0.18470131281221994,0.0025201104082715037,0.0006057380456292723,-0.031199179203312527,2.2997835971460456,231,0.06722926930796083,0.14092028878398402
2023-07-13 00:00:00-04:00,121.68401155270344,124.15742321654946,113.7968985012049,114.01543426513672,15043100,0.0,0.0,0.05280829015544042,6.083607,0.0016,0.098500006,0.34451,0.06216,0.356,142027210752,0.181,29.523,12943287296,0.315,0.227,0.45,0.2202793529903911,-0.018757948025446166,1.0263519566298853,1.3765822818332791,-0.2290778130332124,0.013989854859610228,0.2309555732143903,0.18470131281221994,0.0025201104082715037,0.0006057380456292723,-0.031199179203312527,2.2997835971460456,231,0.06722926930796083,0.14092028878398402
2023-07-14 00:00:00-04:00,113.43929521583473,116.59811310589801,110.66788645494607,116.01204681396484,10076700,0.0,0.0,0.05280829015544042,6.083607,0.0016,0.098500006,0.34451,0.06216,0.356,142027210752,0.181,29.523,12943287296,0.315,0.227,0.45,0.2202793529903911,-0.018757948025446166,1.0263519566298853,1.3765822818332791,-0.2290778130332124,0.013989854859610228,0.2309555732143903,0.18470131281221994,0.0025201104082715037,0.0006057380456292723,-0.031199179203312527,2.2997835971460456,231,0.06722926930796083,0.14092028878398402
2023-07-17 00:00:00-04:00,117.20405140012699,121.84294969267101,117.0153221678535,121.1376724243164,6039000,0.0,0.0,0.05280829015544042,6.083607,0.0016,0.098500006,0.34451,0.06216,0.356,142027210752,0.181,29.523,12943287296,0.315,0.227,0.45,0.2202793529903911,-0.018757948025446166,1.0263519566298853,1.3765822818332791,-0.2290778130332124,0.013989854859610228,0.2309555732143903,0.18470131281221994,0.0025201104082715037,0.0006057380456292723,-0.031199179203312527,2.2997835971460456,231,0.06722926930796083,0.14092028878398402
2023-07-18 00:00:00-04:00,120.41254387375777,121.43568173840926,118.83313106611729,119.01193237304688,4844400,0.0,0.0,0.05280829015544042,6.083607,0.0016,0.098500006,0.34451,0.06216,0.356,142027210752,0.181,29.523,12943287296,0.315,0.227,0.45,0.2202793529903911,-0.018757948025446166,1.0263519566298853,1.3765822818332791,-0.2290778130332124,0.013989854859610228,0.2309555732143903,0.18470131281221994,0.0025201104082715037,0.0006057380456292723,-0.031199179203312527,2.2997835971460456,231,0.06722926930796083,0.14092028878398402
2023-07-19 00:00:00-04:00,118.68413476718739,119.45893789439988,116.85638725555528,117.43252563476562,2946800,0.0,0.0,0.05280829015544042,6.083607,0.0016,0.098500006,0.34451,0.06216,0.356,142027210752,0.181,29.523,12943287296,0.315,0.227,0.45,0.2202793529903911,-0.018757948025446166,1.0263519566298853,1.3765822818332791,-0.2290778130332124,0.013989854859610228,0.2309555732143903,0.18470131281221994,0.0025201104082715037,0.0006057380456292723,-0.031199179203312527,2.2997835971460456,231,0.06722926930796083,0.14092028878398402
2023-07-20 00:00:00-04:00,118.28679403325634,123.23361734407264,117.95899038847689,123.13428497314453,3542100,0.0,0.0,0.05280829015544042,6.083607,0.0016,0.098500006,0.34451,0.06216,0.356,142027210752,0.181,29.523,12943287296,0.315,0.227,0.45,0.2202793529903911,-0.018757948025446166,1.0263519566298853,1.3765822818332791,-0.2290778130332124,0.013989854859610228,0.2309555732143903,0.18470131281221994,0.0025201104082715037,0.0006057380456292723,-0.031199179203312527,2.2997835971460456,231,0.06722926930796083,0.14092028878398402
2023-07-21 00:00:00-04:00,123.35281638082085,123.95875367423338,121.28666979274449,123.56141662597656,3287900,0.0,0.0,0.05280829015544042,6.083607,0.0016,0.098500006,0.34451,0.06216,0.356,142027210752,0.181,29.523,12943287296,0.315,0.227,0.45,0.2202793529903911,-0.018757948025446166,1.0263519566298853,1.3765822818332791,-0.2290778130332124,0.013989854859610228,0.2309555732143903,0.18470131281221994,0.0025201104082715037,0.0006057380456292723,-0.031199179203312527,2.2997835971460456,231,0.06722926930796083,0.14092028878398402
2023-07-24 00:00:00-04:00,123.48195623857175,125.45870610622079,123.48195623857175,124.40576171875,2699600,0.0,0.0,0.05280829015544042,6.083607,0.0016,0.098500006,0.34451,0.06216,0.356,142027210752,0.181,29.523,12943287296,0.315,0.227,0.45,0.2202793529903911,-0.018757948025446166,1.0263519566298853,1.3765822818332791,-0.2290778130332124,0.013989854859610228,0.2309555732143903,0.18470131281221994,0.0025201104082715037,0.0006057380456292723,-0.031199179203312527,2.2997835971460456,231,0.06722926930796083,0.14092028878398402
2023-07-25 00:00:00-04:00,122.56808240695865,122.86608709900888,121.05821066105366,122.72702026367188,3679500,0.0,0.0,0.05280829015544042,6.083607,0.0016,0.098500006,0.34451,0.06216,0.356,142027210752,0.181,29.523,12943287296,0.315,0.227,0.45,0.2202793529903911,-0.018757948025446166,1.0263519566298853,1.3765822818332791,-0.2290778130332124,0.013989854859610228,0.2309555732143903,0.18470131281221994,0.0025201104082715037,0.0006057380456292723,-0.031199179203312527,2.2997835971460456,231,0.06722926930796083,0.14092028878398402
2023-07-26 00:00:00-04:00,123.62102576849118,126.29310989288604,122.99522497613559,125.38917541503906,2811000,0.0,0.0,0.05280829015544042,6.083607,0.0016,0.098500006,0.34451,0.06216,0.356,142027210752,0.181,29.523,12943287296,0.315,0.227,0.45,0.2202793529903911,-0.018757948025446166,1.0263519566298853,1.3765822818332791,-0.2290778130332124,0.013989854859610228,0.2309555732143903,0.18470131281221994,0.0025201104082715037,0.0006057380456292723,-0.031199179203312527,2.2997835971460456,231,0.06722926930796083,0.14092028878398402
2023-07-27 00:00:00-04:00,125.66730725614327,125.79643858577631,123.68062944199194,124.47529602050781,2301200,0.0,0.0,0.05280829015544042,6.083607,0.0016,0.098500006,0.34451,0.06216,0.356,142027210752,0.181,29.523,12943287296,0.315,0.227,0.45,0.2202793529903911,-0.018757948025446166,1.0263519566298853,1.3765822818332791,-0.2290778130332124,0.013989854859610228,0.2309555732143903,0.18470131281221994,0.0025201104082715037,0.0006057380456292723,-0.031199179203312527,2.2997835971460456,231,0.06722926930796083,0.14092028878398402
2023-07-28 00:00:00-04:00,125.56797131661494,125.56797131661494,123.40249225751911,124.19715881347656,1876100,0.0,0.0,0.05280829015544042,6.083607,0.0016,0.098500006,0.34451,0.06216,0.356,142027210752,0.181,29.523,12943287296,0.315,0.227,0.45,0.2202793529903911,-0.018757948025446166,1.0263519566298853,1.3765822818332791,-0.2290778130332124,0.013989854859610228,0.2309555732143903,0.18470131281221994,0.0025201104082715037,0.0006057380456292723,-0.031199179203312527,2.2997835971460456,231,0.06722926930796083,0.14092028878398402
2023-07-31 00:00:00-04:00,123.9984898064981,126.06463642239416,123.9984898064981,125.14083099365234,2898200,0.0,0.0,0.05280829015544042,6.083607,0.0016,0.098500006,0.34451,0.06216,0.356,142027210752,0.181,29.523,12943287296,0.315,0.227,0.45,0.2202793529903911,-0.018757948025446166,1.0263519566298853,1.3765822818332791,-0.2290778130332124,0.013989854859610228,0.2309555732143903,0.18470131281221994,0.0025201104082715037,0.0006057380456292723,-0.031199179203312527,2.2997835971460456,231,0.06722926930796083,0.14092028878398402
2023-08-01 00:00:00-04:00,125.57789679725315,127.08777610767203,124.27662531647132,126.57123565673828,2729300,0.0,0.0,0.05280829015544042,6.083607,0.0016,0.098500006,0.34451,0.06216,0.356,142027210752,0.181,29.523,12943287296,0.315,0.227,0.45,0.2202793529903911,-0.018757948025446166,1.0263519566298853,1.3765822818332791,-0.2290778130332124,0.013989854859610228,0.2309555732143903,0.18470131281221994,0.0025201104082715037,0.0006057380456292723,-0.031199179203312527,2.2997835971460456,231,0.06722926930796083,0.14092028878398402
2023-08-02 00:00:00-04:00,126.69044245394068,129.13405520453605,123.63095686562153,124.52496337890625,3446000,0.0,0.0,0.05280829015544042,6.083607,0.0016,0.098500006,0.34451,0.06216,0.356,142027210752,0.181,29.523,12943287296,0.315,0.227,0.45,0.2202793529903911,-0.018757948025446166,1.0263519566298853,1.3765822818332791,-0.2290778130332124,0.013989854859610228,0.2309555732143903,0.18470131281221994,0.0025201104082715037,0.0006057380456292723,-0.031199179203312527,2.2997835971460456,231,0.06722926930796083,0.14092028878398402
2023-08-03 00:00:00-04:00,124.71370073677322,129.09432888170167,123.8892276387801,127.9917221069336,3886200,0.0,0.0,0.05280829015544042,6.083607,0.0016,0.098500006,0.34451,0.06216,0.356,142027210752,0.181,29.523,12943287296,0.315,0.227,0.45,0.2202793529903911,-0.018757948025446166,1.0263519566298853,1.3765822818332791,-0.2290778130332124,0.013989854859610228,0.2309555732143903,0.18470131281221994,0.0025201104082715037,0.0006057380456292723,-0.031199179203312527,2.2997835971460456,231,0.06722926930796083,0.14092028878398402
2023-08-04 00:00:00-04:00,127.81291453798148,127.81291453798148,125.49843308042435,125.69710540771484,2187400,0.0,0.0,0.05280829015544042,6.083607,0.0016,0.098500006,0.34451,0.06216,0.356,142027210752,0.181,29.523,12943287296,0.315,0.227,0.45,0.2202793529903911,-0.018757948025446166,1.0263519566298853,1.3765822818332791,-0.2290778130332124,0.013989854859610228,0.2309555732143903,0.18470131281221994,0.0025201104082715037,0.0006057380456292723,-0.031199179203312527,2.2997835971460456,231,0.06722926930796083,0.14092028878398402
2023-08-07 00:00:00-04:00,126.60103876995359,127.47518184531151,125.16070040780147,126.80964660644531,1473000,0.0,0.0,0.05280829015544042,6.083607,0.0016,0.098500006,0.34451,0.06216,0.356,142027210752,0.181,29.523,12943287296,0.315,0.227,0.45,0.2202793529903911,-0.018757948025446166,1.0263519566298853,1.3765822818332791,-0.2290778130332124,0.013989854859610228,0.2309555732143903,0.18470131281221994,0.0025201104082715037,0.0006057380456292723,-0.031199179203312527,2.2997835971460456,231,0.06722926930796083,0.14092028878398402
2023-08-08 00:00:00-04:00,126.39244018892045,126.56131356253873,125.1706375793978,125.6573715209961,1778600,0.0,0.0,0.05280829015544042,6.083607,0.0016,0.098500006,0.34451,0.06216,0.356,142027210752,0.181,29.523,12943287296,0.315,0.227,0.45,0.2202793529903911,-0.018757948025446166,1.0263519566298853,1.3765822818332791,-0.2290778130332124,0.013989854859610228,0.2309555732143903,0.18470131281221994,0.0025201104082715037,0.0006057380456292723,-0.031199179203312527,2.2997835971460456,231,0.06722926930796083,0.14092028878398402
2023-08-09 00:00:00-04:00,125.59777361182164,126.8891096415726,125.4487712603111,125.6573715209961,1617600,0.0,0.0,0.05280829015544042,6.083607,0.0016,0.098500006,0.34451,0.06216,0.356,142027210752,0.181,29.523,12943287296,0.315,0.227,0.45,0.2202793529903911,-0.018757948025446166,1.0263519566298853,1.3765822818332791,-0.2290778130332124,0.013989854859610228,0.2309555732143903,0.18470131281221994,0.0025201104082715037,0.0006057380456292723,-0.031199179203312527,2.2997835971460456,231,0.06722926930796083,0.14092028878398402
2023-08-10 00:00:00-04:00,125.94543066377734,127.2268386588053,124.92229288552197,125.29975891113281,1871100,0.0,0.0,0.05280829015544042,6.083607,0.0016,0.098500006,0.34451,0.06216,0.356,142027210752,0.181,29.523,12943287296,0.315,0.227,0.45,0.2202793529903911,-0.018757948025446166,1.0263519566298853,1.3765822818332791,-0.2290778130332124,0.013989854859610228,0.2309555732143903,0.18470131281221994,0.0025201104082715037,0.0006057380456292723,-0.031199179203312527,2.2997835971460456,231,0.06722926930796083,0.14092028878398402
2023-08-11 00:00:00-04:00,125.49843311577153,127.37584303239274,125.49843311577153,126.98844146728516,1188700,0.0,0.0,0.05280829015544042,6.083607,0.0016,0.098500006,0.34451,0.06216,0.356,142027210752,0.181,29.523,12943287296,0.315,0.227,0.45,0.2202793529903911,-0.018757948025446166,1.0263519566298853,1.3765822818332791,-0.2290778130332124,0.013989854859610228,0.2309555732143903,0.18470131281221994,0.0025201104082715037,0.0006057380456292723,-0.031199179203312527,2.2997835971460456,231,0.06722926930796083,0.14092028878398402
2023-08-14 00:00:00-04:00,126.96857555450049,127.48510843840673,124.71369962763636,125.08123016357422,2230700,0.0,0.0,0.05280829015544042,6.083607,0.0016,0.098500006,0.34451,0.06216,0.356,142027210752,0.181,29.523,12943287296,0.315,0.227,0.45,0.2202793529903911,-0.018757948025446166,1.0263519566298853,1.3765822818332791,-0.2290778130332124,0.013989854859610228,0.2309555732143903,0.18470131281221994,0.0025201104082715037,0.0006057380456292723,-0.031199179203312527,2.2997835971460456,231,0.06722926930796083,0.14092028878398402
2023-08-15 00:00:00-04:00,124.58456393163476,125.6375083267774,123.23362241145414,124.21703338623047,2866600,0.0,0.0,0.05280829015544042,6.083607,0.0016,0.098500006,0.34451,0.06216,0.356,142027210752,0.181,29.523,12943287296,0.315,0.227,0.45,0.2202793529903911,-0.018757948025446166,1.0263519566298853,1.3765822818332791,-0.2290778130332124,0.013989854859610228,0.2309555732143903,0.18470131281221994,0.0025201104082715037,0.0006057380456292723,-0.031199179203312527,2.2997835971460456,231,0.06722926930796083,0.14092028878398402
2023-08-16 00:00:00-04:00,132.13394184660524,136.31589003659764,130.62406250746042,135.233154296875,6249900,0.0,0.0,0.05280829015544042,6.083607,0.0016,0.098500006,0.34451,0.06216,0.356,142027210752,0.181,29.523,12943287296,0.315,0.227,0.45,0.2202793529903911,-0.018757948025446166,1.0263519566298853,1.3765822818332791,-0.2290778130332124,0.013989854859610228,0.2309555732143903,0.18470131281221994,0.0025201104082715037,0.0006057380456292723,-0.031199179203312527,2.2997835971460456,231,0.06722926930796083,0.14092028878398402
2023-08-17 00:00:00-04:00,135.61062819764717,136.36556029018573,134.01135199390026,134.30935668945312,2207200,0.0,0.0,0.05280829015544042,6.083607,0.0016,0.098500006,0.34451,0.06216,0.356,142027210752,0.181,29.523,12943287296,0.315,0.227,0.45,0.2202793529903911,-0.018757948025446166,1.0263519566298853,1.3765822818332791,-0.2290778130332124,0.013989854859610228,0.2309555732143903,0.18470131281221994,0.0025201104082715037,0.0006057380456292723,-0.031199179203312527,2.2997835971460456,231,0.06722926930796083,0.14092028878398402
2023-08-18 00:00:00-04:00,133.50474281252676,134.5179527399577,132.85907858692647,133.03787231445312,2549200,0.0,0.0,0.05280829015544042,6.083607,0.0016,0.098500006,0.34451,0.06216,0.356,142027210752,0.181,29.523,12943287296,0.315,0.227,0.45,0.2202793529903911,-0.018757948025446166,1.0263519566298853,1.3765822818332791,-0.2290778130332124,0.013989854859610228,0.2309555732143903,0.18470131281221994,0.0025201104082715037,0.0006057380456292723,-0.031199179203312527,2.2997835971460456,231,0.06722926930796083,0.14092028878398402
2023-08-21 00:00:00-04:00,133.16699655714203,133.86233068286313,131.2399168678956,131.2995147705078,2016700,0.0,0.0,0.05280829015544042,6.083607,0.0016,0.098500006,0.34451,0.06216,0.356,142027210752,0.181,29.523,12943287296,0.315,0.227,0.45,0.2202793529903911,-0.018757948025446166,1.0263519566298853,1.3765822818332791,-0.2290778130332124,0.013989854859610228,0.2309555732143903,0.18470131281221994,0.0025201104082715037,0.0006057380456292723,-0.031199179203312527,2.2997835971460456,231,0.06722926930796083,0.14092028878398402
2023-08-22 00:00:00-04:00,131.34918006365578,131.65711265428314,128.8559052312456,129.66050720214844,2181800,0.0,0.0,0.05280829015544042,6.083607,0.0016,0.098500006,0.34451,0.06216,0.356,142027210752,0.181,29.523,12943287296,0.315,0.227,0.45,0.2202793529903911,-0.018757948025446166,1.0263519566298853,1.3765822818332791,-0.2290778130332124,0.013989854859610228,0.2309555732143903,0.18470131281221994,0.0025201104082715037,0.0006057380456292723,-0.031199179203312527,2.2997835971460456,231,0.06722926930796083,0.14092028878398402
2023-08-23 00:00:00-04:00,129.51152592535624,129.73006168798574,128.44864606555385,129.52145385742188,2855400,0.0,0.0,0.05280829015544042,6.083607,0.0016,0.098500006,0.34451,0.06216,0.356,142027210752,0.181,29.523,12943287296,0.315,0.227,0.45,0.2202793529903911,-0.018757948025446166,1.0263519566298853,1.3765822818332791,-0.2290778130332124,0.013989854859610228,0.2309555732143903,0.18470131281221994,0.0025201104082715037,0.0006057380456292723,-0.031199179203312527,2.2997835971460456,231,0.06722926930796083,0.14092028878398402
2023-08-24 00:00:00-04:00,129.42211661169574,132.08427270427072,129.42211661169574,131.02139282226562,1519100,0.0,0.0,0.05280829015544042,6.083607,0.0016,0.098500006,0.34451,0.06216,0.356,142027210752,0.181,29.523,12943287296,0.315,0.227,0.45,0.2202793529903911,-0.018757948025446166,1.0263519566298853,1.3765822818332791,-0.2290778130332124,0.013989854859610228,0.2309555732143903,0.18470131281221994,0.0025201104082715037,0.0006057380456292723,-0.031199179203312527,2.2997835971460456,231,0.06722926930796083,0.14092028878398402
2023-08-25 00:00:00-04:00,130.99159163128306,132.8491456207141,130.71345796090324,131.69686889648438,1447300,0.0,0.0,0.05280829015544042,6.083607,0.0016,0.098500006,0.34451,0.06216,0.356,142027210752,0.181,29.523,12943287296,0.315,0.227,0.45,0.2202793529903911,-0.018757948025446166,1.0263519566298853,1.3765822818332791,-0.2290778130332124,0.013989854859610228,0.2309555732143903,0.18470131281221994,0.0025201104082715037,0.0006057380456292723,-0.031199179203312527,2.2997835971460456,231,0.06722926930796083,0.14092028878398402
2023-08-28 00:00:00-04:00,131.71674693028663,132.004808548106,129.85919284196154,130.7035369873047,1037000,0.0,0.0,0.05280829015544042,6.083607,0.0016,0.098500006,0.34451,0.06216,0.356,142027210752,0.181,29.523,12943287296,0.315,0.227,0.45,0.2202793529903911,-0.018757948025446166,1.0263519566298853,1.3765822818332791,-0.2290778130332124,0.013989854859610228,0.2309555732143903,0.18470131281221994,0.0025201104082715037,0.0006057380456292723,-0.031199179203312527,2.2997835971460456,231,0.06722926930796083,0.14092028878398402
2023-08-29 00:00:00-04:00,130.9717348496234,131.4783322120205,129.40225763081807,131.3690643310547,1485400,0.0,0.0,0.05280829015544042,6.083607,0.0016,0.098500006,0.34451,0.06216,0.356,142027210752,0.181,29.523,12943287296,0.315,0.227,0.45,0.2202793529903911,-0.018757948025446166,1.0263519566298853,1.3765822818332791,-0.2290778130332124,0.013989854859610228,0.2309555732143903,0.18470131281221994,0.0025201104082715037,0.0006057380456292723,-0.031199179203312527,2.2997835971460456,231,0.06722926930796083,0.14092028878398402
2023-08-30 00:00:00-04:00,131.57767289295066,133.46501067597112,130.99159144242904,133.13720703125,1408300,0.0,0.0,0.05280829015544042,6.083607,0.0016,0.098500006,0.34451,0.06216,0.356,142027210752,0.181,29.523,12943287296,0.315,0.227,0.45,0.2202793529903911,-0.018757948025446166,1.0263519566298853,1.3765822818332791,-0.2290778130332124,0.013989854859610228,0.2309555732143903,0.18470131281221994,0.0025201104082715037,0.0006057380456292723,-0.031199179203312527,2.2997835971460456,231,0.06722926930796083,0.14092028878398402
2023-08-31 00:00:00-04:00,133.5047304380802,133.56434349887908,132.302798962049,132.5809326171875,2879600,0.0,0.0,0.05280829015544042,6.083607,0.0016,0.098500006,0.34451,0.06216,0.356,142027210752,0.181,29.523,12943287296,0.315,0.227,0.45,0.2202793529903911,-0.018757948025446166,1.0263519566298853,1.3765822818332791,-0.2290778130332124,0.013989854859610228,0.2309555732143903,0.18470131281221994,0.0025201104082715037,0.0006057380456292723,-0.031199179203312527,2.2997835971460456,231,0.06722926930796083,0.14092028878398402
2023-09-01 00:00:00-04:00,133.47493841974506,134.98481773832012,132.53126952956623,134.57754516601562,1357800,0.0,0.0,0.05280829015544042,6.083607,0.0016,0.098500006,0.34451,0.06216,0.356,142027210752,0.181,29.523,12943287296,0.315,0.227,0.45,0.2202793529903911,-0.018757948025446166,1.0263519566298853,1.3765822818332791,-0.2290778130332124,0.013989854859610228,0.2309555732143903,0.18470131281221994,0.0025201104082715037,0.0006057380456292723,-0.031199179203312527,2.2997835971460456,231,0.06722926930796083,0.14092028878398402
2023-09-05 00:00:00-04:00,134.79608677828907,134.93515361911705,132.27301262122464,132.630615234375,2286000,0.0,0.0,0.05280829015544042,6.083607,0.0016,0.098500006,0.34451,0.06216,0.356,142027210752,0.181,29.523,12943287296,0.315,0.227,0.45,0.2202793529903911,-0.018757948025446166,1.0263519566298853,1.3765822818332791,-0.2290778130332124,0.013989854859610228,0.2309555732143903,0.18470131281221994,0.0025201104082715037,0.0006057380456292723,-0.031199179203312527,2.2997835971460456,231,0.06722926930796083,0.14092028878398402
2023-09-06 00:00:00-04:00,132.83921141415968,134.269621904418,132.62067563608414,133.9418182373047,1641500,0.0,0.0,0.05280829015544042,6.083607,0.0016,0.098500006,0.34451,0.06216,0.356,142027210752,0.181,29.523,12943287296,0.315,0.227,0.45,0.2202793529903911,-0.018757948025446166,1.0263519566298853,1.3765822818332791,-0.2290778130332124,0.013989854859610228,0.2309555732143903,0.18470131281221994,0.0025201104082715037,0.0006057380456292723,-0.031199179203312527,2.2997835971460456,231,0.06722926930796083,0.14092028878398402
2023-09-07 00:00:00-04:00,134.79610403971526,137.44831744473305,134.36897553002905,136.49472045898438,2188300,0.0,0.0,0.05280829015544042,6.083607,0.0016,0.098500006,0.34451,0.06216,0.356,142027210752,0.181,29.523,12943287296,0.315,0.227,0.45,0.2202793529903911,-0.018757948025446166,1.0263519566298853,1.3765822818332791,-0.2290778130332124,0.013989854859610228,0.2309555732143903,0.18470131281221994,0.0025201104082715037,0.0006057380456292723,-0.031199179203312527,2.2997835971460456,231,0.06722926930796083,0.14092028878398402
2023-09-08 00:00:00-04:00,136.4450460999808,136.98144249261827,134.7861717833229,134.85569763183594,1619400,0.0,0.0,0.05280829015544042,6.083607,0.0016,0.098500006,0.34451,0.06216,0.356,142027210752,0.181,29.523,12943287296,0.315,0.227,0.45,0.2202793529903911,-0.018757948025446166,1.0263519566298853,1.3765822818332791,-0.2290778130332124,0.013989854859610228,0.2309555732143903,0.18470131281221994,0.0025201104082715037,0.0006057380456292723,-0.031199179203312527,2.2997835971460456,231,0.06722926930796083,0.14092028878398402
2023-09-11 00:00:00-04:00,135.1735552748136,137.5575625004191,135.1735552748136,136.34568786621094,1549800,0.0,0.0,0.05280829015544042,6.083607,0.0016,0.098500006,0.34451,0.06216,0.356,142027210752,0.181,29.523,12943287296,0.315,0.227,0.45,0.2202793529903911,-0.018757948025446166,1.0263519566298853,1.3765822818332791,-0.2290778130332124,0.013989854859610228,0.2309555732143903,0.18470131281221994,0.0025201104082715037,0.0006057380456292723,-0.031199179203312527,2.2997835971460456,231,0.06722926930796083,0.14092028878398402
2023-09-12 00:00:00-04:00,136.70328737033813,139.27604650531643,136.70328737033813,137.72642517089844,2389000,0.0,0.0,0.05280829015544042,6.083607,0.0016,0.098500006,0.34451,0.06216,0.356,142027210752,0.181,29.523,12943287296,0.315,0.227,0.45,0.2202793529903911,-0.018757948025446166,1.0263519566298853,1.3765822818332791,-0.2290778130332124,0.013989854859610228,0.2309555732143903,0.18470131281221994,0.0025201104082715037,0.0006057380456292723,-0.031199179203312527,2.2997835971460456,231,0.06722926930796083,0.14092028878398402
2023-09-13 00:00:00-04:00,138.33234728821677,138.98795449344274,137.91514683684014,138.24295043945312,2302800,0.0,0.0,0.05280829015544042,6.083607,0.0016,0.098500006,0.34451,0.06216,0.356,142027210752,0.181,29.523,12943287296,0.315,0.227,0.45,0.2202793529903911,-0.018757948025446166,1.0263519566298853,1.3765822818332791,-0.2290778130332124,0.013989854859610228,0.2309555732143903,0.18470131281221994,0.0025201104082715037,0.0006057380456292723,-0.031199179203312527,2.2997835971460456,231,0.06722926930796083,0.14092028878398402
2023-09-14 00:00:00-04:00,139.0674482827987,139.2561851020406,137.35890413418096,138.64031982421875,2429300,0.0,0.0,0.05280829015544042,6.083607,0.0016,0.098500006,0.34451,0.06216,0.356,142027210752,0.181,29.523,12943287296,0.315,0.227,0.45,0.2202793529903911,-0.018757948025446166,1.0263519566298853,1.3765822818332791,-0.2290778130332124,0.013989854859610228,0.2309555732143903,0.18470131281221994,0.0025201104082715037,0.0006057380456292723,-0.031199179203312527,2.2997835971460456,231,0.06722926930796083,0.14092028878398402
2023-09-15 00:00:00-04:00,133.8027441113968,138.78930953325278,133.44514150829264,137.8158416748047,4506800,0.0,0.0,0.05280829015544042,6.083607,0.0016,0.098500006,0.34451,0.06216,0.356,142027210752,0.181,29.523,12943287296,0.315,0.227,0.45,0.2202793529903911,-0.018757948025446166,1.0263519566298853,1.3765822818332791,-0.2290778130332124,0.013989854859610228,0.2309555732143903,0.18470131281221994,0.0025201104082715037,0.0006057380456292723,-0.031199179203312527,2.2997835971460456,231,0.06722926930796083,0.14092028878398402
2023-09-18 00:00:00-04:00,137.99462793404456,140.05084657996568,137.47808750035486,139.6237030029297,1713000,0.0,0.0,0.05280829015544042,6.083607,0.0016,0.098500006,0.34451,0.06216,0.356,142027210752,0.181,29.523,12943287296,0.315,0.227,0.45,0.2202793529903911,-0.018757948025446166,1.0263519566298853,1.3765822818332791,-0.2290778130332124,0.013989854859610228,0.2309555732143903,0.18470131281221994,0.0025201104082715037,0.0006057380456292723,-0.031199179203312527,2.2997835971460456,231,0.06722926930796083,0.14092028878398402
2023-09-19 00:00:00-04:00,140.42831722700683,141.69978982259036,139.49457622399882,141.52099609375,1877300,0.0,0.0,0.05280829015544042,6.083607,0.0016,0.098500006,0.34451,0.06216,0.356,142027210752,0.181,29.523,12943287296,0.315,0.227,0.45,0.2202793529903911,-0.018757948025446166,1.0263519566298853,1.3765822818332791,-0.2290778130332124,0.013989854859610228,0.2309555732143903,0.18470131281221994,0.0025201104082715037,0.0006057380456292723,-0.031199179203312527,2.2997835971460456,231,0.06722926930796083,0.14092028878398402
2023-09-20 00:00:00-04:00,141.81900140290915,143.0110050717013,141.56072358395235,141.73953247070312,1637100,0.0,0.0,0.05280829015544042,6.083607,0.0016,0.098500006,0.34451,0.06216,0.356,142027210752,0.181,29.523,12943287296,0.315,0.227,0.45,0.2202793529903911,-0.018757948025446166,1.0263519566298853,1.3765822818332791,-0.2290778130332124,0.013989854859610228,0.2309555732143903,0.18470131281221994,0.0025201104082715037,0.0006057380456292723,-0.031199179203312527,2.2997835971460456,231,0.06722926930796083,0.14092028878398402
2023-09-21 00:00:00-04:00,142.285862688736,143.3487273791945,141.00444708100753,141.45144653320312,3993900,0.0,0.0,0.05280829015544042,6.083607,0.0016,0.098500006,0.34451,0.06216,0.356,142027210752,0.181,29.523,12943287296,0.315,0.227,0.45,0.2202793529903911,-0.018757948025446166,1.0263519566298853,1.3765822818332791,-0.2290778130332124,0.013989854859610228,0.2309555732143903,0.18470131281221994,0.0025201104082715037,0.0006057380456292723,-0.031199179203312527,2.2997835971460456,231,0.06722926930796083,0.14092028878398402
2023-09-22 00:00:00-04:00,141.5706488336014,142.72291031251328,141.19317524247765,142.3057098388672,1679700,0.0,0.0,0.05280829015544042,6.083607,0.0016,0.098500006,0.34451,0.06216,0.356,142027210752,0.181,29.523,12943287296,0.315,0.227,0.45,0.2202793529903911,-0.018757948025446166,1.0263519566298853,1.3765822818332791,-0.2290778130332124,0.013989854859610228,0.2309555732143903,0.18470131281221994,0.0025201104082715037,0.0006057380456292723,-0.031199179203312527,2.2997835971460456,231,0.06722926930796083,0.14092028878398402
2023-09-25 00:00:00-04:00,141.88851396372976,142.08717869707405,139.85216634336882,141.4713134765625,1889600,0.0,0.0,0.05280829015544042,6.083607,0.0016,0.098500006,0.34451,0.06216,0.356,142027210752,0.181,29.523,12943287296,0.315,0.227,0.45,0.2202793529903911,-0.018757948025446166,1.0263519566298853,1.3765822818332791,-0.2290778130332124,0.013989854859610228,0.2309555732143903,0.18470131281221994,0.0025201104082715037,0.0006057380456292723,-0.031199179203312527,2.2997835971460456,231,0.06722926930796083,0.14092028878398402
2023-09-26 00:00:00-04:00,141.55078190046348,141.9878534065629,139.7329700403577,139.81243896484375,1848600,0.0,0.0,0.05280829015544042,6.083607,0.0016,0.098500006,0.34451,0.06216,0.356,142027210752,0.181,29.523,12943287296,0.315,0.227,0.45,0.2202793529903911,-0.018757948025446166,1.0263519566298853,1.3765822818332791,-0.2290778130332124,0.013989854859610228,0.2309555732143903,0.18470131281221994,0.0025201104082715037,0.0006057380456292723,-0.031199179203312527,2.2997835971460456,231,0.06722926930796083,0.14092028878398402
2023-09-27 00:00:00-04:00,139.41512848692182,139.7826590502207,138.1039137900453,139.68331909179688,1979200,0.0,0.0,0.05280829015544042,6.083607,0.0016,0.098500006,0.34451,0.06216,0.356,142027210752,0.181,29.523,12943287296,0.315,0.227,0.45,0.2202793529903911,-0.018757948025446166,1.0263519566298853,1.3765822818332791,-0.2290778130332124,0.013989854859610228,0.2309555732143903,0.18470131281221994,0.0025201104082715037,0.0006057380456292723,-0.031199179203312527,2.2997835971460456,231,0.06722926930796083,0.14092028878398402
2023-09-28 00:00:00-04:00,140.18992139478752,140.9051266030516,139.1667835579664,139.47471618652344,1641500,0.0,0.0,0.05280829015544042,6.083607,0.0016,0.098500006,0.34451,0.06216,0.356,142027210752,0.181,29.523,12943287296,0.315,0.227,0.45,0.2202793529903911,-0.018757948025446166,1.0263519566298853,1.3765822818332791,-0.2290778130332124,0.013989854859610228,0.2309555732143903,0.18470131281221994,0.0025201104082715037,0.0006057380456292723,-0.031199179203312527,2.2997835971460456,231,0.06722926930796083,0.14092028878398402
2023-09-29 00:00:00-04:00,139.15683182971233,139.5641043841359,137.91515830316308,138.37210083007812,2434900,0.0,0.0,0.05280829015544042,6.083607,0.0016,0.098500006,0.34451,0.06216,0.356,142027210752,0.181,29.523,12943287296,0.315,0.227,0.45,0.2202793529903911,-0.018757948025446166,1.0263519566298853,1.3765822818332791,-0.2290778130332124,0.013989854859610228,0.2309555732143903,0.18470131281221994,0.0025201104082715037,0.0006057380456292723,-0.031199179203312527,2.2997835971460456,231,0.06722926930796083,0.14092028878398402
2023-10-02 00:00:00-04:00,137.96484259063507,138.61050682857461,136.67349895760688,138.0443115234375,1795700,0.0,0.0,0.05280829015544042,6.083607,0.0016,0.098500006,0.34451,0.06216,0.356,142027210752,0.181,29.523,12943287296,0.315,0.227,0.45,0.2202793529903911,-0.018757948025446166,1.0263519566298853,1.3765822818332791,-0.2290778130332124,0.013989854859610228,0.2309555732143903,0.18470131281221994,0.0025201104082715037,0.0006057380456292723,-0.031199179203312527,2.2997835971460456,231,0.06722926930796083,0.14092028878398402
2023-10-03 00:00:00-04:00,139.06744494521394,141.40179740536806,137.57743660651522,138.471435546875,2105700,0.0,0.0,0.05280829015544042,6.083607,0.0016,0.098500006,0.34451,0.06216,0.356,142027210752,0.181,29.523,12943287296,0.315,0.227,0.45,0.2202793529903911,-0.018757948025446166,1.0263519566298853,1.3765822818332791,-0.2290778130332124,0.013989854859610228,0.2309555732143903,0.18470131281221994,0.0025201104082715037,0.0006057380456292723,-0.031199179203312527,2.2997835971460456,231,0.06722926930796083,0.14092028878398402
2023-10-04 00:00:00-04:00,138.58077986572582,141.4834096112906,137.86506127991223,141.31442260742188,2161100,0.1,0.0,0.05280829015544042,6.083607,0.0016,0.098500006,0.34451,0.06216,0.356,142027210752,0.181,29.523,12943287296,0.315,0.227,0.45,0.2202793529903911,-0.018757948025446166,1.0263519566298853,1.3765822818332791,-0.2290778130332124,0.013989854859610228,0.2309555732143903,0.18470131281221994,0.0025201104082715037,0.0006057380456292723,-0.031199179203312527,2.2997835971460456,231,0.06722926930796083,0.14092028878398402
2023-10-05 00:00:00-04:00,141.45361266345472,142.84527949491974,140.88699570262412,141.6524200439453,1936100,0.0,0.0,0.05280829015544042,6.083607,0.0016,0.098500006,0.34451,0.06216,0.356,142027210752,0.181,29.523,12943287296,0.315,0.227,0.45,0.2202793529903911,-0.018757948025446166,1.0263519566298853,1.3765822818332791,-0.2290778130332124,0.013989854859610228,0.2309555732143903,0.18470131281221994,0.0025201104082715037,0.0006057380456292723,-0.031199179203312527,2.2997835971460456,231,0.06722926930796083,0.14092028878398402
2023-10-06 00:00:00-04:00,141.95062847199173,142.97450081738364,141.16531889878914,142.01026916503906,2207200,0.0,0.0,0.05280829015544042,6.083607,0.0016,0.098500006,0.34451,0.06216,0.356,142027210752,0.181,29.523,12943287296,0.315,0.227,0.45,0.2202793529903911,-0.018757948025446166,1.0263519566298853,1.3765822818332791,-0.2290778130332124,0.013989854859610228,0.2309555732143903,0.18470131281221994,0.0025201104082715037,0.0006057380456292723,-0.031199179203312527,2.2997835971460456,231,0.06722926930796083,0.14092028878398402
2023-10-09 00:00:00-04:00,141.68221380341794,142.52716397197153,141.0857766058474,142.40786743164062,1369200,0.0,0.0,0.05280829015544042,6.083607,0.0016,0.098500006,0.34451,0.06216,0.356,142027210752,0.181,29.523,12943287296,0.315,0.227,0.45,0.2202793529903911,-0.018757948025446166,1.0263519566298853,1.3765822818332791,-0.2290778130332124,0.013989854859610228,0.2309555732143903,0.18470131281221994,0.0025201104082715037,0.0006057380456292723,-0.031199179203312527,2.2997835971460456,231,0.06722926930796083,0.14092028878398402
2023-10-10 00:00:00-04:00,142.64646517413362,143.411889478214,140.99633517708818,141.40390014648438,2391400,0.0,0.0,0.05280829015544042,6.083607,0.0016,0.098500006,0.34451,0.06216,0.356,142027210752,0.181,29.523,12943287296,0.315,0.227,0.45,0.2202793529903911,-0.018757948025446166,1.0263519566298853,1.3765822818332791,-0.2290778130332124,0.013989854859610228,0.2309555732143903,0.18470131281221994,0.0025201104082715037,0.0006057380456292723,-0.031199179203312527,2.2997835971460456,231,0.06722926930796083,0.14092028878398402
2023-10-11 00:00:00-04:00,141.2448570593176,143.3423075645275,141.22498693860814,143.00433349609375,3099200,0.0,0.0,0.05280829015544042,6.083607,0.0016,0.098500006,0.34451,0.06216,0.356,142027210752,0.181,29.523,12943287296,0.315,0.227,0.45,0.2202793529903911,-0.018757948025446166,1.0263519566298853,1.3765822818332791,-0.2290778130332124,0.013989854859610228,0.2309555732143903,0.18470131281221994,0.0025201104082715037,0.0006057380456292723,-0.031199179203312527,2.2997835971460456,231,0.06722926930796083,0.14092028878398402
2023-10-12 00:00:00-04:00,143.5112747910598,143.7299674329281,142.0201968699734,142.44764709472656,2403700,0.0,0.0,0.05280829015544042,6.083607,0.0016,0.098500006,0.34451,0.06216,0.356,142027210752,0.181,29.523,12943287296,0.315,0.227,0.45,0.2202793529903911,-0.018757948025446166,1.0263519566298853,1.3765822818332791,-0.2290778130332124,0.013989854859610228,0.2309555732143903,0.18470131281221994,0.0025201104082715037,0.0006057380456292723,-0.031199179203312527,2.2997835971460456,231,0.06722926930796083,0.14092028878398402
2023-10-13 00:00:00-04:00,149.10778180531912,154.4557857665055,148.74992252226522,154.02833557128906,6481300,0.0,0.0,0.05280829015544042,6.083607,0.0016,0.098500006,0.34451,0.06216,0.356,142027210752,0.181,29.523,12943287296,0.315,0.227,0.45,0.2202793529903911,-0.018757948025446166,1.0263519566298853,1.3765822818332791,-0.2290778130332124,0.013989854859610228,0.2309555732143903,0.18470131281221994,0.0025201104082715037,0.0006057380456292723,-0.031199179203312527,2.2997835971460456,231,0.06722926930796083,0.14092028878398402
2023-10-16 00:00:00-04:00,155.11185781986174,157.22919330277594,153.8991284093981,156.11585998535156,4257800,0.0,0.0,0.05280829015544042,6.083607,0.0016,0.098500006,0.34451,0.06216,0.356,142027210752,0.181,29.523,12943287296,0.315,0.227,0.45,0.2202793529903911,-0.018757948025446166,1.0263519566298853,1.3765822818332791,-0.2290778130332124,0.013989854859610228,0.2309555732143903,0.18470131281221994,0.0025201104082715037,0.0006057380456292723,-0.031199179203312527,2.2997835971460456,231,0.06722926930796083,0.14092028878398402
2023-10-17 00:00:00-04:00,157.3087153998755,158.04431927676958,156.5731115229814,157.99461364746094,2720400,0.0,0.0,0.05280829015544042,6.083607,0.0016,0.098500006,0.34451,0.06216,0.356,142027210752,0.181,29.523,12943287296,0.315,0.227,0.45,0.2202793529903911,-0.018757948025446166,1.0263519566298853,1.3765822818332791,-0.2290778130332124,0.013989854859610228,0.2309555732143903,0.18470131281221994,0.0025201104082715037,0.0006057380456292723,-0.031199179203312527,2.2997835971460456,231,0.06722926930796083,0.14092028878398402
2023-10-18 00:00:00-04:00,159.0483147079856,160.0423666749105,157.54730169841955,158.23318481445312,2898100,0.0,0.0,0.05280829015544042,6.083607,0.0016,0.098500006,0.34451,0.06216,0.356,142027210752,0.181,29.523,12943287296,0.315,0.227,0.45,0.2202793529903911,-0.018757948025446166,1.0263519566298853,1.3765822818332791,-0.2290778130332124,0.013989854859610228,0.2309555732143903,0.18470131281221994,0.0025201104082715037,0.0006057380456292723,-0.031199179203312527,2.2997835971460456,231,0.06722926930796083,0.14092028878398402
2023-10-19 00:00:00-04:00,158.03437846677474,159.54534171322547,156.61289142562254,156.8614044189453,2587000,0.0,0.0,0.05280829015544042,6.083607,0.0016,0.098500006,0.34451,0.06216,0.356,142027210752,0.181,29.523,12943287296,0.315,0.227,0.45,0.2202793529903911,-0.018757948025446166,1.0263519566298853,1.3765822818332791,-0.2290778130332124,0.013989854859610228,0.2309555732143903,0.18470131281221994,0.0025201104082715037,0.0006057380456292723,-0.031199179203312527,2.2997835971460456,231,0.06722926930796083,0.14092028878398402
2023-10-20 00:00:00-04:00,157.45782900186956,157.68647188033756,153.67049335038814,153.91900634765625,3051900,0.0,0.0,0.05280829015544042,6.083607,0.0016,0.098500006,0.34451,0.06216,0.356,142027210752,0.181,29.523,12943287296,0.315,0.227,0.45,0.2202793529903911,-0.018757948025446166,1.0263519566298853,1.3765822818332791,-0.2290778130332124,0.013989854859610228,0.2309555732143903,0.18470131281221994,0.0025201104082715037,0.0006057380456292723,-0.031199179203312527,2.2997835971460456,231,0.06722926930796083,0.14092028878398402
2023-10-23 00:00:00-04:00,154.07805614474972,154.07805614474972,152.36828553408822,152.5670928955078,1844200,0.0,0.0,0.05280829015544042,6.083607,0.0016,0.098500006,0.34451,0.06216,0.356,142027210752,0.181,29.523,12943287296,0.315,0.227,0.45,0.2202793529903911,-0.018757948025446166,1.0263519566298853,1.3765822818332791,-0.2290778130332124,0.013989854859610228,0.2309555732143903,0.18470131281221994,0.0025201104082715037,0.0006057380456292723,-0.031199179203312527,2.2997835971460456,231,0.06722926930796083,0.14092028878398402
2023-10-24 00:00:00-04:00,153.1237427065213,155.47965594230496,152.5670760886573,155.3106689453125,1683200,0.0,0.0,0.05280829015544042,6.083607,0.0016,0.098500006,0.34451,0.06216,0.356,142027210752,0.181,29.523,12943287296,0.315,0.227,0.45,0.2202793529903911,-0.018757948025446166,1.0263519566298853,1.3765822818332791,-0.2290778130332124,0.013989854859610228,0.2309555732143903,0.18470131281221994,0.0025201104082715037,0.0006057380456292723,-0.031199179203312527,2.2997835971460456,231,0.06722926930796083,0.14092028878398402
2023-10-25 00:00:00-04:00,156.88128903460236,157.06021110837554,155.1218128023527,155.49954223632812,2219000,0.0,0.0,0.05280829015544042,6.083607,0.0016,0.098500006,0.34451,0.06216,0.356,142027210752,0.181,29.523,12943287296,0.315,0.227,0.45,0.2202793529903911,-0.018757948025446166,1.0263519566298853,1.3765822818332791,-0.2290778130332124,0.013989854859610228,0.2309555732143903,0.18470131281221994,0.0025201104082715037,0.0006057380456292723,-0.031199179203312527,2.2997835971460456,231,0.06722926930796083,0.14092028878398402
2023-10-26 00:00:00-04:00,155.74805819627122,156.48366212786812,152.4676987703563,152.94483947753906,2754000,0.0,0.0,0.05280829015544042,6.083607,0.0016,0.098500006,0.34451,0.06216,0.356,142027210752,0.181,29.523,12943287296,0.315,0.227,0.45,0.2202793529903911,-0.018757948025446166,1.0263519566298853,1.3765822818332791,-0.2290778130332124,0.013989854859610228,0.2309555732143903,0.18470131281221994,0.0025201104082715037,0.0006057380456292723,-0.031199179203312527,2.2997835971460456,231,0.06722926930796083,0.14092028878398402
2023-10-27 00:00:00-04:00,152.0899564746674,152.39811016874435,150.64858410377485,152.14959716796875,2147600,0.0,0.0,0.05280829015544042,6.083607,0.0016,0.098500006,0.34451,0.06216,0.356,142027210752,0.181,29.523,12943287296,0.315,0.227,0.45,0.2202793529903911,-0.018757948025446166,1.0263519566298853,1.3765822818332791,-0.2290778130332124,0.013989854859610228,0.2309555732143903,0.18470131281221994,0.0025201104082715037,0.0006057380456292723,-0.031199179203312527,2.2997835971460456,231,0.06722926930796083,0.14092028878398402
2023-10-30 00:00:00-04:00,152.71621851299616,154.445859340945,152.30865353959408,154.26693725585938,2253000,0.0,0.0,0.05280829015544042,6.083607,0.0016,0.098500006,0.34451,0.06216,0.356,142027210752,0.181,29.523,12943287296,0.315,0.227,0.45,0.2202793529903911,-0.018757948025446166,1.0263519566298853,1.3765822818332791,-0.2290778130332124,0.013989854859610228,0.2309555732143903,0.18470131281221994,0.0025201104082715037,0.0006057380456292723,-0.031199179203312527,2.2997835971460456,231,0.06722926930796083,0.14092028878398402
2023-10-31 00:00:00-04:00,154.20728810299875,157.50753278048802,153.78978809266738,157.14967346191406,2353300,0.0,0.0,0.05280829015544042,6.083607,0.0016,0.098500006,0.34451,0.06216,0.356,142027210752,0.181,29.523,12943287296,0.315,0.227,0.45,0.2202793529903911,-0.018757948025446166,1.0263519566298853,1.3765822818332791,-0.2290778130332124,0.013989854859610228,0.2309555732143903,0.18470131281221994,0.0025201104082715037,0.0006057380456292723,-0.031199179203312527,2.2997835971460456,231,0.06722926930796083,0.14092028878398402
2023-11-01 00:00:00-04:00,158.05425698798715,159.66461626202008,156.9707440238052,158.66062927246094,2264400,0.0,0.0,0.05280829015544042,6.083607,0.0016,0.098500006,0.34451,0.06216,0.356,142027210752,0.181,29.523,12943287296,0.315,0.227,0.45,0.2202793529903911,-0.018757948025446166,1.0263519566298853,1.3765822818332791,-0.2290778130332124,0.013989854859610228,0.2309555732143903,0.18470131281221994,0.0025201104082715037,0.0006057380456292723,-0.031199179203312527,2.2997835971460456,231,0.06722926930796083,0.14092028878398402
2023-11-02 00:00:00-04:00,157.76599712520084,159.73421580735368,155.99657063830153,157.8256378173828,2996800,0.0,0.0,0.05280829015544042,6.083607,0.0016,0.098500006,0.34451,0.06216,0.356,142027210752,0.181,29.523,12943287296,0.315,0.227,0.45,0.2202793529903911,-0.018757948025446166,1.0263519566298853,1.3765822818332791,-0.2290778130332124,0.013989854859610228,0.2309555732143903,0.18470131281221994,0.0025201104082715037,0.0006057380456292723,-0.031199179203312527,2.2997835971460456,231,0.06722926930796083,0.14092028878398402
2023-11-03 00:00:00-04:00,158.1635977012509,158.1635977012509,154.68441606696734,155.28085327148438,4047000,0.0,0.0,0.05280829015544042,6.083607,0.0016,0.098500006,0.34451,0.06216,0.356,142027210752,0.181,29.523,12943287296,0.315,0.227,0.45,0.2202793529903911,-0.018757948025446166,1.0263519566298853,1.3765822818332791,-0.2290778130332124,0.013989854859610228,0.2309555732143903,0.18470131281221994,0.0025201104082715037,0.0006057380456292723,-0.031199179203312527,2.2997835971460456,231,0.06722926930796083,0.14092028878398402
2023-11-06 00:00:00-05:00,156.37430765702186,157.55723188798663,155.9269873193368,157.28883361816406,2067300,0.0,0.0,0.05280829015544042,6.083607,0.0016,0.098500006,0.34451,0.06216,0.356,142027210752,0.181,29.523,12943287296,0.315,0.227,0.45,0.2202793529903911,-0.018757948025446166,1.0263519566298853,1.3765822818332791,-0.2290778130332124,0.013989854859610228,0.2309555732143903,0.18470131281221994,0.0025201104082715037,0.0006057380456292723,-0.031199179203312527,2.2997835971460456,231,0.06722926930796083,0.14092028878398402
2023-11-07 00:00:00-05:00,158.05425985349217,158.05425985349217,156.26496331211098,157.6665802001953,1874700,0.0,0.0,0.05280829015544042,6.083607,0.0016,0.098500006,0.34451,0.06216,0.356,142027210752,0.181,29.523,12943287296,0.315,0.227,0.45,0.2202793529903911,-0.018757948025446166,1.0263519566298853,1.3765822818332791,-0.2290778130332124,0.013989854859610228,0.2309555732143903,0.18470131281221994,0.0025201104082715037,0.0006057380456292723,-0.031199179203312527,2.2997835971460456,231,0.06722926930796083,0.14092028878398402
2023-11-08 00:00:00-05:00,157.20930962983107,158.17354123357458,156.4538356092608,157.6665802001953,1757100,0.0,0.0,0.05280829015544042,6.083607,0.0016,0.098500006,0.34451,0.06216,0.356,142027210752,0.181,29.523,12943287296,0.315,0.227,0.45,0.2202793529903911,-0.018757948025446166,1.0263519566298853,1.3765822818332791,-0.2290778130332124,0.013989854859610228,0.2309555732143903,0.18470131281221994,0.0025201104082715037,0.0006057380456292723,-0.031199179203312527,2.2997835971460456,231,0.06722926930796083,0.14092028878398402
2023-11-09 00:00:00-05:00,158.263036740075,160.32071663761766,158.0840994800973,159.39625549316406,2274600,0.0,0.0,0.05280829015544042,6.083607,0.0016,0.098500006,0.34451,0.06216,0.356,142027210752,0.181,29.523,12943287296,0.315,0.227,0.45,0.2202793529903911,-0.018757948025446166,1.0263519566298853,1.3765822818332791,-0.2290778130332124,0.013989854859610228,0.2309555732143903,0.18470131281221994,0.0025201104082715037,0.0006057380456292723,-0.031199179203312527,2.2997835971460456,231,0.06722926930796083,0.14092028878398402
2023-11-10 00:00:00-05:00,160.01254132282344,160.75808027469046,159.10795042089785,159.4359893798828,2988100,0.0,0.0,0.05280829015544042,6.083607,0.0016,0.098500006,0.34451,0.06216,0.356,142027210752,0.181,29.523,12943287296,0.315,0.227,0.45,0.2202793529903911,-0.018757948025446166,1.0263519566298853,1.3765822818332791,-0.2290778130332124,0.013989854859610228,0.2309555732143903,0.18470131281221994,0.0025201104082715037,0.0006057380456292723,-0.031199179203312527,2.2997835971460456,231,0.06722926930796083,0.14092028878398402
2023-11-13 00:00:00-05:00,160.2312402264263,161.01653461249484,158.59104536737775,160.95689392089844,2908100,0.0,0.0,0.05280829015544042,6.083607,0.0016,0.098500006,0.34451,0.06216,0.356,142027210752,0.181,29.523,12943287296,0.315,0.227,0.45,0.2202793529903911,-0.018757948025446166,1.0263519566298853,1.3765822818332791,-0.2290778130332124,0.013989854859610228,0.2309555732143903,0.18470131281221994,0.0025201104082715037,0.0006057380456292723,-0.031199179203312527,2.2997835971460456,231,0.06722926930796083,0.14092028878398402
2023-11-14 00:00:00-05:00,160.0324383291833,160.44993835264262,158.2331914524252,158.58111572265625,3080400,0.0,0.0,0.05280829015544042,6.083607,0.0016,0.098500006,0.34451,0.06216,0.356,142027210752,0.181,29.523,12943287296,0.315,0.227,0.45,0.2202793529903911,-0.018757948025446166,1.0263519566298853,1.3765822818332791,-0.2290778130332124,0.013989854859610228,0.2309555732143903,0.18470131281221994,0.0025201104082715037,0.0006057380456292723,-0.031199179203312527,2.2997835971460456,231,0.06722926930796083,0.14092028878398402
2023-11-15 00:00:00-05:00,158.33258665379282,158.5810996307316,155.30072530153404,156.73216247558594,3421700,0.0,0.0,0.05280829015544042,6.083607,0.0016,0.098500006,0.34451,0.06216,0.356,142027210752,0.181,29.523,12943287296,0.315,0.227,0.45,0.2202793529903911,-0.018757948025446166,1.0263519566298853,1.3765822818332791,-0.2290778130332124,0.013989854859610228,0.2309555732143903,0.18470131281221994,0.0025201104082715037,0.0006057380456292723,-0.031199179203312527,2.2997835971460456,231,0.06722926930796083,0.14092028878398402
2023-11-16 00:00:00-05:00,157.21925155777018,159.14771466345994,157.21925155777018,158.98866271972656,2781300,0.0,0.0,0.05280829015544042,6.083607,0.0016,0.098500006,0.34451,0.06216,0.356,142027210752,0.181,29.523,12943287296,0.315,0.227,0.45,0.2202793529903911,-0.018757948025446166,1.0263519566298853,1.3765822818332791,-0.2290778130332124,0.013989854859610228,0.2309555732143903,0.18470131281221994,0.0025201104082715037,0.0006057380456292723,-0.031199179203312527,2.2997835971460456,231,0.06722926930796083,0.14092028878398402
2023-11-17 00:00:00-05:00,158.8892536381259,159.87337048941734,156.57311086789494,156.6327667236328,2402500,0.0,0.0,0.05280829015544042,6.083607,0.0016,0.098500006,0.34451,0.06216,0.356,142027210752,0.181,29.523,12943287296,0.315,0.227,0.45,0.2202793529903911,-0.018757948025446166,1.0263519566298853,1.3765822818332791,-0.2290778130332124,0.013989854859610228,0.2309555732143903,0.18470131281221994,0.0025201104082715037,0.0006057380456292723,-0.031199179203312527,2.2997835971460456,231,0.06722926930796083,0.14092028878398402
2023-11-20 00:00:00-05:00,157.06021490425985,159.62487086653096,156.7421109858248,158.40219116210938,2019100,0.0,0.0,0.05280829015544042,6.083607,0.0016,0.098500006,0.34451,0.06216,0.356,142027210752,0.181,29.523,12943287296,0.315,0.227,0.45,0.2202793529903911,-0.018757948025446166,1.0263519566298853,1.3765822818332791,-0.2290778130332124,0.013989854859610228,0.2309555732143903,0.18470131281221994,0.0025201104082715037,0.0006057380456292723,-0.031199179203312527,2.2997835971460456,231,0.06722926930796083,0.14092028878398402
2023-11-21 00:00:00-05:00,159.16758405571935,161.88135664121936,159.11789359555357,160.8475341796875,1954600,0.0,0.0,0.05280829015544042,6.083607,0.0016,0.098500006,0.34451,0.06216,0.356,142027210752,0.181,29.523,12943287296,0.315,0.227,0.45,0.2202793529903911,-0.018757948025446166,1.0263519566298853,1.3765822818332791,-0.2290778130332124,0.013989854859610228,0.2309555732143903,0.18470131281221994,0.0025201104082715037,0.0006057380456292723,-0.031199179203312527,2.2997835971460456,231,0.06722926930796083,0.14092028878398402
2023-11-22 00:00:00-05:00,160.39029172401575,162.0404064695722,160.0423674666591,161.64279174804688,1518600,0.0,0.0,0.05280829015544042,6.083607,0.0016,0.098500006,0.34451,0.06216,0.356,142027210752,0.181,29.523,12943287296,0.315,0.227,0.45,0.2202793529903911,-0.018757948025446166,1.0263519566298853,1.3765822818332791,-0.2290778130332124,0.013989854859610228,0.2309555732143903,0.18470131281221994,0.0025201104082715037,0.0006057380456292723,-0.031199179203312527,2.2997835971460456,231,0.06722926930796083,0.14092028878398402
2023-11-24 00:00:00-05:00,162.16963335569704,163.12392989480028,162.16963335569704,162.74618530273438,680000,0.0,0.0,0.05280829015544042,6.083607,0.0016,0.098500006,0.34451,0.06216,0.356,142027210752,0.181,29.523,12943287296,0.315,0.227,0.45,0.2202793529903911,-0.018757948025446166,1.0263519566298853,1.3765822818332791,-0.2290778130332124,0.013989854859610228,0.2309555732143903,0.18470131281221994,0.0025201104082715037,0.0006057380456292723,-0.031199179203312527,2.2997835971460456,231,0.06722926930796083,0.14092028878398402
2023-11-27 00:00:00-05:00,162.89530179674566,163.50167414360732,162.03048138179045,163.43209838867188,1692900,0.0,0.0,0.05280829015544042,6.083607,0.0016,0.098500006,0.34451,0.06216,0.356,142027210752,0.181,29.523,12943287296,0.315,0.227,0.45,0.2202793529903911,-0.018757948025446166,1.0263519566298853,1.3765822818332791,-0.2290778130332124,0.013989854859610228,0.2309555732143903,0.18470131281221994,0.0025201104082715037,0.0006057380456292723,-0.031199179203312527,2.2997835971460456,231,0.06722926930796083,0.14092028878398402
2023-11-28 00:00:00-05:00,163.30286246489044,163.7501828343478,161.6129770869237,162.28892517089844,1656000,0.0,0.0,0.05280829015544042,6.083607,0.0016,0.098500006,0.34451,0.06216,0.356,142027210752,0.181,29.523,12943287296,0.315,0.227,0.45,0.2202793529903911,-0.018757948025446166,1.0263519566298853,1.3765822818332791,-0.2290778130332124,0.013989854859610228,0.2309555732143903,0.18470131281221994,0.0025201104082715037,0.0006057380456292723,-0.031199179203312527,2.2997835971460456,231,0.06722926930796083,0.14092028878398402
2023-11-29 00:00:00-05:00,161.8117791539818,162.7859458416926,161.04635488676576,162.0304718017578,1519900,0.0,0.0,0.05280829015544042,6.083607,0.0016,0.098500006,0.34451,0.06216,0.356,142027210752,0.181,29.523,12943287296,0.315,0.227,0.45,0.2202793529903911,-0.018757948025446166,1.0263519566298853,1.3765822818332791,-0.2290778130332124,0.013989854859610228,0.2309555732143903,0.18470131281221994,0.0025201104082715037,0.0006057380456292723,-0.031199179203312527,2.2997835971460456,231,0.06722926930796083,0.14092028878398402
2023-11-30 00:00:00-05:00,162.08016990539116,163.4817867642965,161.71236037774582,163.05433654785156,3561700,0.0,0.0,0.05280829015544042,6.083607,0.0016,0.098500006,0.34451,0.06216,0.356,142027210752,0.181,29.523,12943287296,0.315,0.227,0.45,0.2202793529903911,-0.018757948025446166,1.0263519566298853,1.3765822818332791,-0.2290778130332124,0.013989854859610228,0.2309555732143903,0.18470131281221994,0.0025201104082715037,0.0006057380456292723,-0.031199179203312527,2.2997835971460456,231,0.06722926930796083,0.14092028878398402
2023-12-01 00:00:00-05:00,163.1835681049511,163.86946636200497,161.2749902237739,161.49368286132812,2630000,0.0,0.0,0.05280829015544042,6.083607,0.0016,0.098500006,0.34451,0.06216,0.356,142027210752,0.181,29.523,12943287296,0.315,0.227,0.45,0.2202793529903911,-0.018757948025446166,1.0263519566298853,1.3765822818332791,-0.2290778130332124,0.013989854859610228,0.2309555732143903,0.18470131281221994,0.0025201104082715037,0.0006057380456292723,-0.031199179203312527,2.2997835971460456,231,0.06722926930796083,0.14092028878398402
2023-12-04 00:00:00-05:00,160.96682623915387,162.6070210702726,160.61891715475593,162.4380340576172,1569700,0.0,0.0,0.05280829015544042,6.083607,0.0016,0.098500006,0.34451,0.06216,0.356,142027210752,0.181,29.523,12943287296,0.315,0.227,0.45,0.2202793529903911,-0.018757948025446166,1.0263519566298853,1.3765822818332791,-0.2290778130332124,0.013989854859610228,0.2309555732143903,0.18470131281221994,0.0025201104082715037,0.0006057380456292723,-0.031199179203312527,2.2997835971460456,231,0.06722926930796083,0.14092028878398402
2023-12-05 00:00:00-05:00,162.43803063307178,163.37244188054987,161.5930804195789,162.55731201171875,1419200,0.0,0.0,0.05280829015544042,6.083607,0.0016,0.098500006,0.34451,0.06216,0.356,142027210752,0.181,29.523,12943287296,0.315,0.227,0.45,0.2202793529903911,-0.018757948025446166,1.0263519566298853,1.3765822818332791,-0.2290778130332124,0.013989854859610228,0.2309555732143903,0.18470131281221994,0.0025201104082715037,0.0006057380456292723,-0.031199179203312527,2.2997835971460456,231,0.06722926930796083,0.14092028878398402
2023-12-06 00:00:00-05:00,162.0801680258119,163.312782694786,159.66461398123954,160.52944946289062,2146300,0.0,0.0,0.05280829015544042,6.083607,0.0016,0.098500006,0.34451,0.06216,0.356,142027210752,0.181,29.523,12943287296,0.315,0.227,0.45,0.2202793529903911,-0.018757948025446166,1.0263519566298853,1.3765822818332791,-0.2290778130332124,0.013989854859610228,0.2309555732143903,0.18470131281221994,0.0025201104082715037,0.0006057380456292723,-0.031199179203312527,2.2997835971460456,231,0.06722926930796083,0.14092028878398402
2023-12-07 00:00:00-05:00,161.3843463522533,161.99071867177938,160.70838311289867,160.74815368652344,2623000,0.0,0.0,0.05280829015544042,6.083607,0.0016,0.098500006,0.34451,0.06216,0.356,142027210752,0.181,29.523,12943287296,0.315,0.227,0.45,0.2202793529903911,-0.018757948025446166,1.0263519566298853,1.3765822818332791,-0.2290778130332124,0.013989854859610228,0.2309555732143903,0.18470131281221994,0.0025201104082715037,0.0006057380456292723,-0.031199179203312527,2.2997835971460456,231,0.06722926930796083,0.14092028878398402
2023-12-08 00:00:00-05:00,160.8475421227302,161.38433866488765,158.8693884679689,160.2113494873047,2614600,0.0,0.0,0.05280829015544042,6.083607,0.0016,0.098500006,0.34451,0.06216,0.356,142027210752,0.181,29.523,12943287296,0.315,0.227,0.45,0.2202793529903911,-0.018757948025446166,1.0263519566298853,1.3765822818332791,-0.2290778130332124,0.013989854859610228,0.2309555732143903,0.18470131281221994,0.0025201104082715037,0.0006057380456292723,-0.031199179203312527,2.2997835971460456,231,0.06722926930796083,0.14092028878398402
2023-12-11 00:00:00-05:00,161.9012359242665,163.3923138463335,161.3147489152471,162.44796752929688,2060600,0.0,0.0,0.05280829015544042,6.083607,0.0016,0.098500006,0.34451,0.06216,0.356,142027210752,0.181,29.523,12943287296,0.315,0.227,0.45,0.2202793529903911,-0.018757948025446166,1.0263519566298853,1.3765822818332791,-0.2290778130332124,0.013989854859610228,0.2309555732143903,0.18470131281221994,0.0025201104082715037,0.0006057380456292723,-0.031199179203312527,2.2997835971460456,231,0.06722926930796083,0.14092028878398402
2023-12-12 00:00:00-05:00,162.13980752709415,164.17761697469507,161.8415889207087,164.14779663085938,2204000,0.0,0.0,0.05280829015544042,6.083607,0.0016,0.098500006,0.34451,0.06216,0.356,142027210752,0.181,29.523,12943287296,0.315,0.227,0.45,0.2202793529903911,-0.018757948025446166,1.0263519566298853,1.3765822818332791,-0.2290778130332124,0.013989854859610228,0.2309555732143903,0.18470131281221994,0.0025201104082715037,0.0006057380456292723,-0.031199179203312527,2.2997835971460456,231,0.06722926930796083,0.14092028878398402
2023-12-13 00:00:00-05:00,164.32671320793295,164.58517640325167,159.31669842642103,159.59503173828125,2742700,0.0,0.0,0.05280829015544042,6.083607,0.0016,0.098500006,0.34451,0.06216,0.356,142027210752,0.181,29.523,12943287296,0.315,0.227,0.45,0.2202793529903911,-0.018757948025446166,1.0263519566298853,1.3765822818332791,-0.2290778130332124,0.013989854859610228,0.2309555732143903,0.18470131281221994,0.0025201104082715037,0.0006057380456292723,-0.031199179203312527,2.2997835971460456,231,0.06722926930796083,0.14092028878398402
2023-12-14 00:00:00-05:00,159.23717701296692,159.8534843400042,151.9110193303765,152.6366729736328,5633800,0.0,0.0,0.05280829015544042,6.083607,0.0016,0.098500006,0.34451,0.06216,0.356,142027210752,0.181,29.523,12943287296,0.315,0.227,0.45,0.2202793529903911,-0.018757948025446166,1.0263519566298853,1.3765822818332791,-0.2290778130332124,0.013989854859610228,0.2309555732143903,0.18470131281221994,0.0025201104082715037,0.0006057380456292723,-0.031199179203312527,2.2997835971460456,231,0.06722926930796083,0.14092028878398402
2023-12-15 00:00:00-05:00,150.7777920282297,155.40014268222686,148.25290675698466,152.4975128173828,6746500,0.0,0.0,0.05280829015544042,6.083607,0.0016,0.098500006,0.34451,0.06216,0.356,142027210752,0.181,29.523,12943287296,0.315,0.227,0.45,0.2202793529903911,-0.018757948025446166,1.0263519566298853,1.3765822818332791,-0.2290778130332124,0.013989854859610228,0.2309555732143903,0.18470131281221994,0.0025201104082715037,0.0006057380456292723,-0.031199179203312527,2.2997835971460456,231,0.06722926930796083,0.14092028878398402
2023-12-18 00:00:00-05:00,153.9388943562517,155.8375373292768,153.51144410601745,155.07211303710938,2346800,0.0,0.0,0.05280829015544042,6.083607,0.0016,0.098500006,0.34451,0.06216,0.356,142027210752,0.181,29.523,12943287296,0.315,0.227,0.45,0.2202793529903911,-0.018757948025446166,1.0263519566298853,1.3765822818332791,-0.2290778130332124,0.013989854859610228,0.2309555732143903,0.18470131281221994,0.0025201104082715037,0.0006057380456292723,-0.031199179203312527,2.2997835971460456,231,0.06722926930796083,0.14092028878398402
2023-12-19 00:00:00-05:00,154.43591846627916,156.90116316549566,153.82954614293638,156.7421112060547,2776000,0.0,0.0,0.05280829015544042,6.083607,0.0016,0.098500006,0.34451,0.06216,0.356,142027210752,0.181,29.523,12943287296,0.315,0.227,0.45,0.2202793529903911,-0.018757948025446166,1.0263519566298853,1.3765822818332791,-0.2290778130332124,0.013989854859610228,0.2309555732143903,0.18470131281221994,0.0025201104082715037,0.0006057380456292723,-0.031199179203312527,2.2997835971460456,231,0.06722926930796083,0.14092028878398402
2023-12-20 00:00:00-05:00,156.60292302146098,156.7420896748475,154.61481930563778,154.63470458984375,1716000,0.0,0.0,0.05280829015544042,6.083607,0.0016,0.098500006,0.34451,0.06216,0.356,142027210752,0.181,29.523,12943287296,0.315,0.227,0.45,0.2202793529903911,-0.018757948025446166,1.0263519566298853,1.3765822818332791,-0.2290778130332124,0.013989854859610228,0.2309555732143903,0.18470131281221994,0.0025201104082715037,0.0006057380456292723,-0.031199179203312527,2.2997835971460456,231,0.06722926930796083,0.14092028878398402
2023-12-21 00:00:00-05:00,154.0084717111577,155.62878135261633,153.46175523623884,155.54925537109375,1139200,0.0,0.0,0.05280829015544042,6.083607,0.0016,0.098500006,0.34451,0.06216,0.356,142027210752,0.181,29.523,12943287296,0.315,0.227,0.45,0.2202793529903911,-0.018757948025446166,1.0263519566298853,1.3765822818332791,-0.2290778130332124,0.013989854859610228,0.2309555732143903,0.18470131281221994,0.0025201104082715037,0.0006057380456292723,-0.031199179203312527,2.2997835971460456,231,0.06722926930796083,0.14092028878398402
2023-12-22 00:00:00-05:00,155.9866247870221,157.24907496697298,155.4200230824641,156.82162475585938,1006000,0.0,0.0,0.05280829015544042,6.083607,0.0016,0.098500006,0.34451,0.06216,0.356,142027210752,0.181,29.523,12943287296,0.315,0.227,0.45,0.2202793529903911,-0.018757948025446166,1.0263519566298853,1.3765822818332791,-0.2290778130332124,0.013989854859610228,0.2309555732143903,0.18470131281221994,0.0025201104082715037,0.0006057380456292723,-0.031199179203312527,2.2997835971460456,231,0.06722926930796083,0.14092028878398402
2023-12-26 00:00:00-05:00,156.83158836487743,156.9608048106813,155.7977657902677,156.44390869140625,1066700,0.0,0.0,0.05280829015544042,6.083607,0.0016,0.098500006,0.34451,0.06216,0.356,142027210752,0.181,29.523,12943287296,0.315,0.227,0.45,0.2202793529903911,-0.018757948025446166,1.0263519566298853,1.3765822818332791,-0.2290778130332124,0.013989854859610228,0.2309555732143903,0.18470131281221994,0.0025201104082715037,0.0006057380456292723,-0.031199179203312527,2.2997835971460456,231,0.06722926930796083,0.14092028878398402
2023-12-27 00:00:00-05:00,155.84747363607474,157.01051267299707,155.1317549721179,156.7222442626953,1217600,0.0,0.0,0.05280829015544042,6.083607,0.0016,0.098500006,0.34451,0.06216,0.356,142027210752,0.181,29.523,12943287296,0.315,0.227,0.45,0.2202793529903911,-0.018757948025446166,1.0263519566298853,1.3765822818332791,-0.2290778130332124,0.013989854859610228,0.2309555732143903,0.18470131281221994,0.0025201104082715037,0.0006057380456292723,-0.031199179203312527,2.2997835971460456,231,0.06722926930796083,0.14092028878398402
2023-12-28 00:00:00-05:00,157.0602193125739,158.23319341665893,156.6725396311185,157.398193359375,1139700,0.0,0.0,0.05280829015544042,6.083607,0.0016,0.098500006,0.34451,0.06216,0.356,142027210752,0.181,29.523,12943287296,0.315,0.227,0.45,0.2202793529903911,-0.018757948025446166,1.0263519566298853,1.3765822818332791,-0.2290778130332124,0.013989854859610228,0.2309555732143903,0.18470131281221994,0.0025201104082715037,0.0006057380456292723,-0.031199179203312527,2.2997835971460456,231,0.06722926930796083,0.14092028878398402
2023-12-29 00:00:00-05:00,157.52743134135073,158.86940769109395,157.15963693250097,158.33261108398438,1637500,0.0,0.0,0.05280829015544042,6.083607,0.0016,0.098500006,0.34451,0.06216,0.356,142027210752,0.181,29.523,12943287296,0.315,0.227,0.45,0.2202793529903911,-0.018757948025446166,1.0263519566298853,1.3765822818332791,-0.2290778130332124,0.013989854859610228,0.2309555732143903,0.18470131281221994,0.0025201104082715037,0.0006057380456292723,-0.031199179203312527,2.2997835971460456,231,0.06722926930796083,0.14092028878398402
2024-01-02 00:00:00-05:00,158.84950795138607,160.7382006285034,158.3922373709314,160.6686248779297,1912200,0.0,0.0,0.05280829015544042,6.083607,0.0016,0.098500006,0.34451,0.06216,0.356,142027210752,0.181,29.523,12943287296,0.315,0.227,0.45,0.2202793529903911,-0.018757948025446166,1.0263519566298853,1.3765822818332791,-0.2290778130332124,0.013989854859610228,0.2309555732143903,0.18470131281221994,0.0025201104082715037,0.0006057380456292723,-0.031199179203312527,2.2997835971460456,231,0.06722926930796083,0.14092028878398402
2024-01-03 00:00:00-05:00,161.2948567573281,164.32671810329876,161.15569009725215,162.19944763183594,2208600,0.0,0.0,0.05280829015544042,6.083607,0.0016,0.098500006,0.34451,0.06216,0.356,142027210752,0.181,29.523,12943287296,0.315,0.227,0.45,0.2202793529903911,-0.018757948025446166,1.0263519566298853,1.3765822818332791,-0.2290778130332124,0.013989854859610228,0.2309555732143903,0.18470131281221994,0.0025201104082715037,0.0006057380456292723,-0.031199179203312527,2.2997835971460456,231,0.06722926930796083,0.14092028878398402
2024-01-04 00:00:00-05:00,163.70047183783348,165.2909610638355,161.99071639672098,162.0304718017578,1937200,0.0,0.0,0.05280829015544042,6.083607,0.0016,0.098500006,0.34451,0.06216,0.356,142027210752,0.181,29.523,12943287296,0.315,0.227,0.45,0.2202793529903911,-0.018757948025446166,1.0263519566298853,1.3765822818332791,-0.2290778130332124,0.013989854859610228,0.2309555732143903,0.18470131281221994,0.0025201104082715037,0.0006057380456292723,-0.031199179203312527,2.2997835971460456,231,0.06722926930796083,0.14092028878398402
2024-01-05 00:00:00-05:00,163.33267681042534,163.59114003023788,160.59903389214526,161.74220275878906,1544700,0.0,0.0,0.05280829015544042,6.083607,0.0016,0.098500006,0.34451,0.06216,0.356,142027210752,0.181,29.523,12943287296,0.315,0.227,0.45,0.2202793529903911,-0.018757948025446166,1.0263519566298853,1.3765822818332791,-0.2290778130332124,0.013989854859610228,0.2309555732143903,0.18470131281221994,0.0025201104082715037,0.0006057380456292723,-0.031199179203312527,2.2997835971460456,231,0.06722926930796083,0.14092028878398402
2024-01-08 00:00:00-05:00,162.4678698761047,164.52554973725967,161.38435677928294,164.38638305664062,1994200,0.0,0.0,0.05280829015544042,6.083607,0.0016,0.098500006,0.34451,0.06216,0.356,142027210752,0.181,29.523,12943287296,0.315,0.227,0.45,0.2202793529903911,-0.018757948025446166,1.0263519566298853,1.3765822818332791,-0.2290778130332124,0.013989854859610228,0.2309555732143903,0.18470131281221994,0.0025201104082715037,0.0006057380456292723,-0.031199179203312527,2.2997835971460456,231,0.06722926930796083,0.14092028878398402
2024-01-09 00:00:00-05:00,164.96290084206473,165.83767132048303,163.18355471131196,165.67861938476562,1927800,0.0,0.0,0.05280829015544042,6.083607,0.0016,0.098500006,0.34451,0.06216,0.356,142027210752,0.181,29.523,12943287296,0.315,0.227,0.45,0.2202793529903911,-0.018757948025446166,1.0263519566298853,1.3765822818332791,-0.2290778130332124,0.013989854859610228,0.2309555732143903,0.18470131281221994,0.0025201104082715037,0.0006057380456292723,-0.031199179203312527,2.2997835971460456,231,0.06722926930796083,0.14092028878398402
2024-01-10 00:00:00-05:00,165.09214482962156,167.219415333451,163.19350202053226,164.52552795410156,1582600,0.0,0.0,0.05280829015544042,6.083607,0.0016,0.098500006,0.34451,0.06216,0.356,142027210752,0.181,29.523,12943287296,0.315,0.227,0.45,0.2202793529903911,-0.018757948025446166,1.0263519566298853,1.3765822818332791,-0.2290778130332124,0.013989854859610228,0.2309555732143903,0.18470131281221994,0.0025201104082715037,0.0006057380456292723,-0.031199179203312527,2.2997835971460456,231,0.06722926930796083,0.14092028878398402
2024-01-11 00:00:00-05:00,165.01262541708067,167.28899773233528,163.99868817048176,167.02061462402344,2275600,0.0,0.0,0.05280829015544042,6.083607,0.0016,0.098500006,0.34451,0.06216,0.356,142027210752,0.181,29.523,12943287296,0.315,0.227,0.45,0.2202793529903911,-0.018757948025446166,1.0263519566298853,1.3765822818332791,-0.2290778130332124,0.013989854859610228,0.2309555732143903,0.18470131281221994,0.0025201104082715037,0.0006057380456292723,-0.031199179203312527,2.2997835971460456,231,0.06722926930796083,0.14092028878398402
2024-01-12 00:00:00-05:00,168.37252634661922,168.94907830532242,166.7025111614049,167.89537048339844,1649900,0.0,0.0,0.05280829015544042,6.083607,0.0016,0.098500006,0.34451,0.06216,0.356,142027210752,0.181,29.523,12943287296,0.315,0.227,0.45,0.2202793529903911,-0.018757948025446166,1.0263519566298853,1.3765822818332791,-0.2290778130332124,0.013989854859610228,0.2309555732143903,0.18470131281221994,0.0025201104082715037,0.0006057380456292723,-0.031199179203312527,2.2997835971460456,231,0.06722926930796083,0.14092028878398402
2024-01-16 00:00:00-05:00,168.82977203547904,168.82977203547904,167.0206054543542,167.5673370361328,2186300,0.0,0.0,0.05280829015544042,6.083607,0.0016,0.098500006,0.34451,0.06216,0.356,142027210752,0.181,29.523,12943287296,0.315,0.227,0.45,0.2202793529903911,-0.018757948025446166,1.0263519566298853,1.3765822818332791,-0.2290778130332124,0.013989854859610228,0.2309555732143903,0.18470131281221994,0.0025201104082715037,0.0006057380456292723,-0.031199179203312527,2.2997835971460456,231,0.06722926930796083,0.14092028878398402
2024-01-17 00:00:00-05:00,168.2333583802327,170.68866792333566,167.8854341286562,168.87948608398438,2373800,0.0,0.0,0.05280829015544042,6.083607,0.0016,0.098500006,0.34451,0.06216,0.356,142027210752,0.181,29.523,12943287296,0.315,0.227,0.45,0.2202793529903911,-0.018757948025446166,1.0263519566298853,1.3765822818332791,-0.2290778130332124,0.013989854859610228,0.2309555732143903,0.18470131281221994,0.0025201104082715037,0.0006057380456292723,-0.031199179203312527,2.2997835971460456,231,0.06722926930796083,0.14092028878398402
2024-01-18 00:00:00-05:00,167.3109718099821,170.1083159805547,166.7614910407858,169.7486572265625,2530200,0.85,0.0,0.05280829015544042,6.083607,0.0016,0.098500006,0.34451,0.06216,0.356,142027210752,0.181,29.523,12943287296,0.315,0.227,0.45,0.2202793529903911,-0.018757948025446166,1.0263519566298853,1.3765822818332791,-0.2290778130332124,0.013989854859610228,0.2309555732143903,0.18470131281221994,0.0025201104082715037,0.0006057380456292723,-0.031199179203312527,2.2997835971460456,231,0.06722926930796083,0.14092028878398402
2024-01-19 00:00:00-05:00,170.83762330951782,172.34618396892296,169.91849874442002,169.9784393310547,2722300,0.0,0.0,0.05280829015544042,6.083607,0.0016,0.098500006,0.34451,0.06216,0.356,142027210752,0.181,29.523,12943287296,0.315,0.227,0.45,0.2202793529903911,-0.018757948025446166,1.0263519566298853,1.3765822818332791,-0.2290778130332124,0.013989854859610228,0.2309555732143903,0.18470131281221994,0.0025201104082715037,0.0006057380456292723,-0.031199179203312527,2.2997835971460456,231,0.06722926930796083,0.14092028878398402
2024-01-22 00:00:00-05:00,170.5579013061969,171.80671442187355,170.0483910429491,170.11831665039062,2643200,0.0,0.0,0.05280829015544042,6.083607,0.0016,0.098500006,0.34451,0.06216,0.356,142027210752,0.181,29.523,12943287296,0.315,0.227,0.45,0.2202793529903911,-0.018757948025446166,1.0263519566298853,1.3765822818332791,-0.2290778130332124,0.013989854859610228,0.2309555732143903,0.18470131281221994,0.0025201104082715037,0.0006057380456292723,-0.031199179203312527,2.2997835971460456,231,0.06722926930796083,0.14092028878398402
2024-01-23 00:00:00-05:00,169.5188572970043,171.87661674983184,169.40897639223604,170.15826416015625,2932600,0.0,0.0,0.05280829015544042,6.083607,0.0016,0.098500006,0.34451,0.06216,0.356,142027210752,0.181,29.523,12943287296,0.315,0.227,0.45,0.2202793529903911,-0.018757948025446166,1.0263519566298853,1.3765822818332791,-0.2290778130332124,0.013989854859610228,0.2309555732143903,0.18470131281221994,0.0025201104082715037,0.0006057380456292723,-0.031199179203312527,2.2997835971460456,231,0.06722926930796083,0.14092028878398402
2024-01-24 00:00:00-05:00,181.42757233712763,182.17686019329258,176.34239383428647,178.19064331054688,4565900,0.0,0.0,0.05280829015544042,6.083607,0.0016,0.098500006,0.34451,0.06216,0.356,142027210752,0.181,29.523,12943287296,0.315,0.227,0.45,0.2202793529903911,-0.018757948025446166,1.0263519566298853,1.3765822818332791,-0.2290778130332124,0.013989854859610228,0.2309555732143903,0.18470131281221994,0.0025201104082715037,0.0006057380456292723,-0.031199179203312527,2.2997835971460456,231,0.06722926930796083,0.14092028878398402
2024-01-25 00:00:00-05:00,178.24060224446185,180.31862910073005,175.9827383722864,177.84097290039062,2887200,0.0,0.0,0.05280829015544042,6.083607,0.0016,0.098500006,0.34451,0.06216,0.356,142027210752,0.181,29.523,12943287296,0.315,0.227,0.45,0.2202793529903911,-0.018757948025446166,1.0263519566298853,1.3765822818332791,-0.2290778130332124,0.013989854859610228,0.2309555732143903,0.18470131281221994,0.0025201104082715037,0.0006057380456292723,-0.031199179203312527,2.2997835971460456,231,0.06722926930796083,0.14092028878398402
2024-01-26 00:00:00-05:00,178.0307909941399,179.82908489191917,177.10168137279584,179.2496337890625,2354300,0.0,0.0,0.05280829015544042,6.083607,0.0016,0.098500006,0.34451,0.06216,0.356,142027210752,0.181,29.523,12943287296,0.315,0.227,0.45,0.2202793529903911,-0.018757948025446166,1.0263519566298853,1.3765822818332791,-0.2290778130332124,0.013989854859610228,0.2309555732143903,0.18470131281221994,0.0025201104082715037,0.0006057380456292723,-0.031199179203312527,2.2997835971460456,231,0.06722926930796083,0.14092028878398402
2024-01-29 00:00:00-05:00,178.58025186788407,180.2886346911466,176.56216587207834,177.5911865234375,2000800,0.0,0.0,0.05280829015544042,6.083607,0.0016,0.098500006,0.34451,0.06216,0.356,142027210752,0.181,29.523,12943287296,0.315,0.227,0.45,0.2202793529903911,-0.018757948025446166,1.0263519566298853,1.3765822818332791,-0.2290778130332124,0.013989854859610228,0.2309555732143903,0.18470131281221994,0.0025201104082715037,0.0006057380456292723,-0.031199179203312527,2.2997835971460456,231,0.06722926930796083,0.14092028878398402
2024-01-30 00:00:00-05:00,176.2125127867045,179.6492485697392,175.33334356472844,179.5393524169922,1834700,0.0,0.0,0.05280829015544042,6.083607,0.0016,0.098500006,0.34451,0.06216,0.356,142027210752,0.181,29.523,12943287296,0.315,0.227,0.45,0.2202793529903911,-0.018757948025446166,1.0263519566298853,1.3765822818332791,-0.2290778130332124,0.013989854859610228,0.2309555732143903,0.18470131281221994,0.0025201104082715037,0.0006057380456292723,-0.031199179203312527,2.2997835971460456,231,0.06722926930796083,0.14092028878398402
2024-01-31 00:00:00-05:00,180.28864235003695,180.68825641333362,177.52126846659462,178.0807342529297,1978800,0.0,0.0,0.05280829015544042,6.083607,0.0016,0.098500006,0.34451,0.06216,0.356,142027210752,0.181,29.523,12943287296,0.315,0.227,0.45,0.2202793529903911,-0.018757948025446166,1.0263519566298853,1.3765822818332791,-0.2290778130332124,0.013989854859610228,0.2309555732143903,0.18470131281221994,0.0025201104082715037,0.0006057380456292723,-0.031199179203312527,2.2997835971460456,231,0.06722926930796083,0.14092028878398402
2024-02-01 00:00:00-05:00,176.60215339674224,179.4794083442438,176.2025240677141,178.54031372070312,2839200,0.0,0.0,0.05280829015544042,6.083607,0.0016,0.098500006,0.34451,0.06216,0.356,142027210752,0.181,29.523,12943287296,0.315,0.227,0.45,0.2202793529903911,-0.018757948025446166,1.0263519566298853,1.3765822818332791,-0.2290778130332124,0.013989854859610228,0.2309555732143903,0.18470131281221994,0.0025201104082715037,0.0006057380456292723,-0.031199179203312527,2.2997835971460456,231,0.06722926930796083,0.14092028878398402
2024-02-02 00:00:00-05:00,179.99892210221404,181.72727515412708,179.5093818819217,180.5184326171875,1791600,0.0,0.0,0.05280829015544042,6.083607,0.0016,0.098500006,0.34451,0.06216,0.356,142027210752,0.181,29.523,12943287296,0.315,0.227,0.45,0.2202793529903911,-0.018757948025446166,1.0263519566298853,1.3765822818332791,-0.2290778130332124,0.013989854859610228,0.2309555732143903,0.18470131281221994,0.0025201104082715037,0.0006057380456292723,-0.031199179203312527,2.2997835971460456,231,0.06722926930796083,0.14092028878398402
2024-02-05 00:00:00-05:00,180.30860595051283,182.46655840165815,180.30860595051283,182.00698852539062,1819200,0.0,0.0,0.05280829015544042,6.083607,0.0016,0.098500006,0.34451,0.06216,0.356,142027210752,0.181,29.523,12943287296,0.315,0.227,0.45,0.2202793529903911,-0.018757948025446166,1.0263519566298853,1.3765822818332791,-0.2290778130332124,0.013989854859610228,0.2309555732143903,0.18470131281221994,0.0025201104082715037,0.0006057380456292723,-0.031199179203312527,2.2997835971460456,231,0.06722926930796083,0.14092028878398402
2024-02-06 00:00:00-05:00,181.82718420880002,182.44659061748908,179.73917240041894,180.0988311767578,1579600,0.0,0.0,0.05280829015544042,6.083607,0.0016,0.098500006,0.34451,0.06216,0.356,142027210752,0.181,29.523,12943287296,0.315,0.227,0.45,0.2202793529903911,-0.018757948025446166,1.0263519566298853,1.3765822818332791,-0.2290778130332124,0.013989854859610228,0.2309555732143903,0.18470131281221994,0.0025201104082715037,0.0006057380456292723,-0.031199179203312527,2.2997835971460456,231,0.06722926930796083,0.14092028878398402
2024-02-07 00:00:00-05:00,181.27770696931356,182.67638679115123,180.50843382951786,181.9970245361328,1586600,0.0,0.0,0.05280829015544042,6.083607,0.0016,0.098500006,0.34451,0.06216,0.356,142027210752,0.181,29.523,12943287296,0.315,0.227,0.45,0.2202793529903911,-0.018757948025446166,1.0263519566298853,1.3765822818332791,-0.2290778130332124,0.013989854859610228,0.2309555732143903,0.18470131281221994,0.0025201104082715037,0.0006057380456292723,-0.031199179203312527,2.2997835971460456,231,0.06722926930796083,0.14092028878398402
2024-02-08 00:00:00-05:00,182.0369823323778,184.10500875879967,181.71727888317855,182.78627014160156,1762400,0.0,0.0,0.05280829015544042,6.083607,0.0016,0.098500006,0.34451,0.06216,0.356,142027210752,0.181,29.523,12943287296,0.315,0.227,0.45,0.2202793529903911,-0.018757948025446166,1.0263519566298853,1.3765822818332791,-0.2290778130332124,0.013989854859610228,0.2309555732143903,0.18470131281221994,0.0025201104082715037,0.0006057380456292723,-0.031199179203312527,2.2997835971460456,231,0.06722926930796083,0.14092028878398402
2024-02-09 00:00:00-05:00,182.38665705024684,183.82529221098616,182.12690940789702,182.5465087890625,1968700,0.0,0.0,0.05280829015544042,6.083607,0.0016,0.098500006,0.34451,0.06216,0.356,142027210752,0.181,29.523,12943287296,0.315,0.227,0.45,0.2202793529903911,-0.018757948025446166,1.0263519566298853,1.3765822818332791,-0.2290778130332124,0.013989854859610228,0.2309555732143903,0.18470131281221994,0.0025201104082715037,0.0006057380456292723,-0.031199179203312527,2.2997835971460456,231,0.06722926930796083,0.14092028878398402
2024-02-12 00:00:00-05:00,182.54650265016008,182.94611673945968,181.47751133261812,182.1868438720703,1748900,0.0,0.0,0.05280829015544042,6.083607,0.0016,0.098500006,0.34451,0.06216,0.356,142027210752,0.181,29.523,12943287296,0.315,0.227,0.45,0.2202793529903911,-0.018757948025446166,1.0263519566298853,1.3765822818332791,-0.2290778130332124,0.013989854859610228,0.2309555732143903,0.18470131281221994,0.0025201104082715037,0.0006057380456292723,-0.031199179203312527,2.2997835971460456,231,0.06722926930796083,0.14092028878398402
2024-02-13 00:00:00-05:00,183.9651459430683,184.73441904413048,180.5483952948633,181.9071044921875,3251300,0.0,0.0,0.05280829015544042,6.083607,0.0016,0.098500006,0.34451,0.06216,0.356,142027210752,0.181,29.523,12943287296,0.315,0.227,0.45,0.2202793529903911,-0.018757948025446166,1.0263519566298853,1.3765822818332791,-0.2290778130332124,0.013989854859610228,0.2309555732143903,0.18470131281221994,0.0025201104082715037,0.0006057380456292723,-0.031199179203312527,2.2997835971460456,231,0.06722926930796083,0.14092028878398402
2024-02-14 00:00:00-05:00,183.99510569542272,188.02127748627518,182.05694552924584,187.77151489257812,3434300,0.0,0.0,0.05280829015544042,6.083607,0.0016,0.098500006,0.34451,0.06216,0.356,142027210752,0.181,29.523,12943287296,0.315,0.227,0.45,0.2202793529903911,-0.018757948025446166,1.0263519566298853,1.3765822818332791,-0.2290778130332124,0.013989854859610228,0.2309555732143903,0.18470131281221994,0.0025201104082715037,0.0006057380456292723,-0.031199179203312527,2.2997835971460456,231,0.06722926930796083,0.14092028878398402
2024-02-15 00:00:00-05:00,187.55172687761075,189.6697240866978,186.92233549323092,189.060302734375,1939700,0.0,0.0,0.05280829015544042,6.083607,0.0016,0.098500006,0.34451,0.06216,0.356,142027210752,0.181,29.523,12943287296,0.315,0.227,0.45,0.2202793529903911,-0.018757948025446166,1.0263519566298853,1.3765822818332791,-0.2290778130332124,0.013989854859610228,0.2309555732143903,0.18470131281221994,0.0025201104082715037,0.0006057380456292723,-0.031199179203312527,2.2997835971460456,231,0.06722926930796083,0.14092028878398402
2024-02-16 00:00:00-05:00,189.67971928285368,191.73776077332718,188.40093592480608,188.9104461669922,2113100,0.0,0.0,0.05280829015544042,6.083607,0.0016,0.098500006,0.34451,0.06216,0.356,142027210752,0.181,29.523,12943287296,0.315,0.227,0.45,0.2202793529903911,-0.018757948025446166,1.0263519566298853,1.3765822818332791,-0.2290778130332124,0.013989854859610228,0.2309555732143903,0.18470131281221994,0.0025201104082715037,0.0006057380456292723,-0.031199179203312527,2.2997835971460456,231,0.06722926930796083,0.14092028878398402
2024-02-20 00:00:00-05:00,189.44994606322552,191.7677352334277,188.8205393870924,189.30007934570312,2497900,0.0,0.0,0.05280829015544042,6.083607,0.0016,0.098500006,0.34451,0.06216,0.356,142027210752,0.181,29.523,12943287296,0.315,0.227,0.45,0.2202793529903911,-0.018757948025446166,1.0263519566298853,1.3765822818332791,-0.2290778130332124,0.013989854859610228,0.2309555732143903,0.18470131281221994,0.0025201104082715037,0.0006057380456292723,-0.031199179203312527,2.2997835971460456,231,0.06722926930796083,0.14092028878398402
2024-02-21 00:00:00-05:00,190.07933621300305,191.138342512397,187.61168034192244,190.06935119628906,2253100,0.0,0.0,0.05280829015544042,6.083607,0.0016,0.098500006,0.34451,0.06216,0.356,142027210752,0.181,29.523,12943287296,0.315,0.227,0.45,0.2202793529903911,-0.018757948025446166,1.0263519566298853,1.3765822818332791,-0.2290778130332124,0.013989854859610228,0.2309555732143903,0.18470131281221994,0.0025201104082715037,0.0006057380456292723,-0.031199179203312527,2.2997835971460456,231,0.06722926930796083,0.14092028878398402
2024-02-22 00:00:00-05:00,190.54888522147536,192.12738673827633,189.07029484590606,191.5079803466797,1997700,0.0,0.0,0.05280829015544042,6.083607,0.0016,0.098500006,0.34451,0.06216,0.356,142027210752,0.181,29.523,12943287296,0.315,0.227,0.45,0.2202793529903911,-0.018757948025446166,1.0263519566298853,1.3765822818332791,-0.2290778130332124,0.013989854859610228,0.2309555732143903,0.18470131281221994,0.0025201104082715037,0.0006057380456292723,-0.031199179203312527,2.2997835971460456,231,0.06722926930796083,0.14092028878398402
2024-02-23 00:00:00-05:00,191.6578276838137,192.4171157544912,190.33908906491519,191.11834716796875,1826500,0.0,0.0,0.05280829015544042,6.083607,0.0016,0.098500006,0.34451,0.06216,0.356,142027210752,0.181,29.523,12943287296,0.315,0.227,0.45,0.2202793529903911,-0.018757948025446166,1.0263519566298853,1.3765822818332791,-0.2290778130332124,0.013989854859610228,0.2309555732143903,0.18470131281221994,0.0025201104082715037,0.0006057380456292723,-0.031199179203312527,2.2997835971460456,231,0.06722926930796083,0.14092028878398402
2024-02-26 00:00:00-05:00,191.9675443393245,193.4861053429059,191.14833086975202,193.3961944580078,2194200,0.0,0.0,0.05280829015544042,6.083607,0.0016,0.098500006,0.34451,0.06216,0.356,142027210752,0.181,29.523,12943287296,0.315,0.227,0.45,0.2202793529903911,-0.018757948025446166,1.0263519566298853,1.3765822818332791,-0.2290778130332124,0.013989854859610228,0.2309555732143903,0.18470131281221994,0.0025201104082715037,0.0006057380456292723,-0.031199179203312527,2.2997835971460456,231,0.06722926930796083,0.14092028878398402
2024-02-27 00:00:00-05:00,193.44613282651724,193.76582102582296,189.47990153955132,191.99749755859375,2502700,0.0,0.0,0.05280829015544042,6.083607,0.0016,0.098500006,0.34451,0.06216,0.356,142027210752,0.181,29.523,12943287296,0.315,0.227,0.45,0.2202793529903911,-0.018757948025446166,1.0263519566298853,1.3765822818332791,-0.2290778130332124,0.013989854859610228,0.2309555732143903,0.18470131281221994,0.0025201104082715037,0.0006057380456292723,-0.031199179203312527,2.2997835971460456,231,0.06722926930796083,0.14092028878398402
2024-02-28 00:00:00-05:00,192.54698851452164,193.2063654686278,191.29817545491153,191.84765625,2533600,0.0,0.0,0.05280829015544042,6.083607,0.0016,0.098500006,0.34451,0.06216,0.356,142027210752,0.181,29.523,12943287296,0.315,0.227,0.45,0.2202793529903911,-0.018757948025446166,1.0263519566298853,1.3765822818332791,-0.2290778130332124,0.013989854859610228,0.2309555732143903,0.18470131281221994,0.0025201104082715037,0.0006057380456292723,-0.031199179203312527,2.2997835971460456,231,0.06722926930796083,0.14092028878398402
2024-02-29 00:00:00-05:00,191.93755618515485,192.1773337668731,188.62071681503105,189.37998962402344,4203700,0.0,0.0,0.05280829015544042,6.083607,0.0016,0.098500006,0.34451,0.06216,0.356,142027210752,0.181,29.523,12943287296,0.315,0.227,0.45,0.2202793529903911,-0.018757948025446166,1.0263519566298853,1.3765822818332791,-0.2290778130332124,0.013989854859610228,0.2309555732143903,0.18470131281221994,0.0025201104082715037,0.0006057380456292723,-0.031199179203312527,2.2997835971460456,231,0.06722926930796083,0.14092028878398402
2024-03-01 00:00:00-05:00,189.02033604021238,189.97943114900184,186.76248758343877,187.65164184570312,3624700,0.0,0.0,0.05280829015544042,6.083607,0.0016,0.098500006,0.34451,0.06216,0.356,142027210752,0.181,29.523,12943287296,0.315,0.227,0.45,0.2202793529903911,-0.018757948025446166,1.0263519566298853,1.3765822818332791,-0.2290778130332124,0.013989854859610228,0.2309555732143903,0.18470131281221994,0.0025201104082715037,0.0006057380456292723,-0.031199179203312527,2.2997835971460456,231,0.06722926930796083,0.14092028878398402
2024-03-04 00:00:00-05:00,187.58169716999552,189.64973881034152,187.1421278002522,189.060302734375,2931000,0.0,0.0,0.05280829015544042,6.083607,0.0016,0.098500006,0.34451,0.06216,0.356,142027210752,0.181,29.523,12943287296,0.315,0.227,0.45,0.2202793529903911,-0.018757948025446166,1.0263519566298853,1.3765822818332791,-0.2290778130332124,0.013989854859610228,0.2309555732143903,0.18470131281221994,0.0025201104082715037,0.0006057380456292723,-0.031199179203312527,2.2997835971460456,231,0.06722926930796083,0.14092028878398402
2024-03-05 00:00:00-05:00,189.31007252983136,190.69875202554366,189.22014640495945,189.6297607421875,2445800,0.0,0.0,0.05280829015544042,6.083607,0.0016,0.098500006,0.34451,0.06216,0.356,142027210752,0.181,29.523,12943287296,0.315,0.227,0.45,0.2202793529903911,-0.018757948025446166,1.0263519566298853,1.3765822818332791,-0.2290778130332124,0.013989854859610228,0.2309555732143903,0.18470131281221994,0.0025201104082715037,0.0006057380456292723,-0.031199179203312527,2.2997835971460456,231,0.06722926930796083,0.14092028878398402
2024-03-06 00:00:00-05:00,193.21634558573308,196.1136009571423,190.818630669801,195.82386779785156,3431500,0.0,0.0,0.05280829015544042,6.083607,0.0016,0.098500006,0.34451,0.06216,0.356,142027210752,0.181,29.523,12943287296,0.315,0.227,0.45,0.2202793529903911,-0.018757948025446166,1.0263519566298853,1.3765822818332791,-0.2290778130332124,0.013989854859610228,0.2309555732143903,0.18470131281221994,0.0025201104082715037,0.0006057380456292723,-0.031199179203312527,2.2997835971460456,231,0.06722926930796083,0.14092028878398402
2024-03-07 00:00:00-05:00,195.81388042561534,196.75299025041795,193.6759131572709,195.9337615966797,2964900,0.0,0.0,0.05280829015544042,6.083607,0.0016,0.098500006,0.34451,0.06216,0.356,142027210752,0.181,29.523,12943287296,0.315,0.227,0.45,0.2202793529903911,-0.018757948025446166,1.0263519566298853,1.3765822818332791,-0.2290778130332124,0.013989854859610228,0.2309555732143903,0.18470131281221994,0.0025201104082715037,0.0006057380456292723,-0.031199179203312527,2.2997835971460456,231,0.06722926930796083,0.14092028878398402
2024-03-08 00:00:00-05:00,194.94471913791827,198.7910542228762,194.3053274598502,198.2216033935547,2803500,0.0,0.0,0.05280829015544042,6.083607,0.0016,0.098500006,0.34451,0.06216,0.356,142027210752,0.181,29.523,12943287296,0.315,0.227,0.45,0.2202793529903911,-0.018757948025446166,1.0263519566298853,1.3765822818332791,-0.2290778130332124,0.013989854859610228,0.2309555732143903,0.18470131281221994,0.0025201104082715037,0.0006057380456292723,-0.031199179203312527,2.2997835971460456,231,0.06722926930796083,0.14092028878398402
2024-03-11 00:00:00-04:00,198.01179726715836,198.07173785541121,195.24442323651732,196.55319213867188,2178200,0.0,0.0,0.05280829015544042,6.083607,0.0016,0.098500006,0.34451,0.06216,0.356,142027210752,0.181,29.523,12943287296,0.315,0.227,0.45,0.2202793529903911,-0.018757948025446166,1.0263519566298853,1.3765822818332791,-0.2290778130332124,0.013989854859610228,0.2309555732143903,0.18470131281221994,0.0025201104082715037,0.0006057380456292723,-0.031199179203312527,2.2997835971460456,231,0.06722926930796083,0.14092028878398402
2024-03-12 00:00:00-04:00,196.81292321394548,198.88096480051286,195.38428849975747,198.75108337402344,1515100,0.0,0.0,0.05280829015544042,6.083607,0.0016,0.098500006,0.34451,0.06216,0.356,142027210752,0.181,29.523,12943287296,0.315,0.227,0.45,0.2202793529903911,-0.018757948025446166,1.0263519566298853,1.3765822818332791,-0.2290778130332124,0.013989854859610228,0.2309555732143903,0.18470131281221994,0.0025201104082715037,0.0006057380456292723,-0.031199179203312527,2.2997835971460456,231,0.06722926930796083,0.14092028878398402
2024-03-13 00:00:00-04:00,199.44042733745624,199.68018966641407,197.58219306653987,199.55032348632812,2101400,0.0,0.0,0.05280829015544042,6.083607,0.0016,0.098500006,0.34451,0.06216,0.356,142027210752,0.181,29.523,12943287296,0.315,0.227,0.45,0.2202793529903911,-0.018757948025446166,1.0263519566298853,1.3765822818332791,-0.2290778130332124,0.013989854859610228,0.2309555732143903,0.18470131281221994,0.0025201104082715037,0.0006057380456292723,-0.031199179203312527,2.2997835971460456,231,0.06722926930796083,0.14092028878398402
2024-03-14 00:00:00-04:00,201.43853661104575,202.5075126097859,199.35050969372278,201.6782989501953,3537800,0.0,0.0,0.05280829015544042,6.083607,0.0016,0.098500006,0.34451,0.06216,0.356,142027210752,0.181,29.523,12943287296,0.315,0.227,0.45,0.2202793529903911,-0.018757948025446166,1.0263519566298853,1.3765822818332791,-0.2290778130332124,0.013989854859610228,0.2309555732143903,0.18470131281221994,0.0025201104082715037,0.0006057380456292723,-0.031199179203312527,2.2997835971460456,231,0.06722926930796083,0.14092028878398402
2024-03-15 00:00:00-04:00,199.38050002092936,205.6345501742349,199.38050002092936,204.68545532226562,5740500,0.0,0.0,0.05280829015544042,6.083607,0.0016,0.098500006,0.34451,0.06216,0.356,142027210752,0.181,29.523,12943287296,0.315,0.227,0.45,0.2202793529903911,-0.018757948025446166,1.0263519566298853,1.3765822818332791,-0.2290778130332124,0.013989854859610228,0.2309555732143903,0.18470131281221994,0.0025201104082715037,0.0006057380456292723,-0.031199179203312527,2.2997835971460456,231,0.06722926930796083,0.14092028878398402
2024-03-18 00:00:00-04:00,204.37574024698782,207.0032323377507,203.8762150650703,206.2139892578125,2289900,0.0,0.0,0.05280829015544042,6.083607,0.0016,0.098500006,0.34451,0.06216,0.356,142027210752,0.181,29.523,12943287296,0.315,0.227,0.45,0.2202793529903911,-0.018757948025446166,1.0263519566298853,1.3765822818332791,-0.2290778130332124,0.013989854859610228,0.2309555732143903,0.18470131281221994,0.0025201104082715037,0.0006057380456292723,-0.031199179203312527,2.2997835971460456,231,0.06722926930796083,0.14092028878398402
2024-03-19 00:00:00-04:00,207.332932246004,207.67260572984924,203.98610724446502,205.2948760986328,2024900,0.0,0.0,0.05280829015544042,6.083607,0.0016,0.098500006,0.34451,0.06216,0.356,142027210752,0.181,29.523,12943287296,0.315,0.227,0.45,0.2202793529903911,-0.018757948025446166,1.0263519566298853,1.3765822818332791,-0.2290778130332124,0.013989854859610228,0.2309555732143903,0.18470131281221994,0.0025201104082715037,0.0006057380456292723,-0.031199179203312527,2.2997835971460456,231,0.06722926930796083,0.14092028878398402
2024-03-20 00:00:00-04:00,204.80534066514733,206.66357509753968,204.48563720635724,205.524658203125,1729900,0.0,0.0,0.05280829015544042,6.083607,0.0016,0.098500006,0.34451,0.06216,0.356,142027210752,0.181,29.523,12943287296,0.315,0.227,0.45,0.2202793529903911,-0.018757948025446166,1.0263519566298853,1.3765822818332791,-0.2290778130332124,0.013989854859610228,0.2309555732143903,0.18470131281221994,0.0025201104082715037,0.0006057380456292723,-0.031199179203312527,2.2997835971460456,231,0.06722926930796083,0.14092028878398402
2024-03-21 00:00:00-04:00,204.30582555115572,207.00325882986584,203.34673037163842,205.37481689453125,3418700,0.0,0.0,0.05280829015544042,6.083607,0.0016,0.098500006,0.34451,0.06216,0.356,142027210752,0.181,29.523,12943287296,0.315,0.227,0.45,0.2202793529903911,-0.018757948025446166,1.0263519566298853,1.3765822818332791,-0.2290778130332124,0.013989854859610228,0.2309555732143903,0.18470131281221994,0.0025201104082715037,0.0006057380456292723,-0.031199179203312527,2.2997835971460456,231,0.06722926930796083,0.14092028878398402
2024-03-22 00:00:00-04:00,205.65455116956534,207.2030672464655,205.0451297558398,205.5046844482422,2557900,0.0,0.0,0.05280829015544042,6.083607,0.0016,0.098500006,0.34451,0.06216,0.356,142027210752,0.181,29.523,12943287296,0.315,0.227,0.45,0.2202793529903911,-0.018757948025446166,1.0263519566298853,1.3765822818332791,-0.2290778130332124,0.013989854859610228,0.2309555732143903,0.18470131281221994,0.0025201104082715037,0.0006057380456292723,-0.031199179203312527,2.2997835971460456,231,0.06722926930796083,0.14092028878398402
2024-03-25 00:00:00-04:00,205.63456456414252,206.6935556464017,204.46567731800923,205.8243865966797,3491700,0.0,0.0,0.05280829015544042,6.083607,0.0016,0.098500006,0.34451,0.06216,0.356,142027210752,0.181,29.523,12943287296,0.315,0.227,0.45,0.2202793529903911,-0.018757948025446166,1.0263519566298853,1.3765822818332791,-0.2290778130332124,0.013989854859610228,0.2309555732143903,0.18470131281221994,0.0025201104082715037,0.0006057380456292723,-0.031199179203312527,2.2997835971460456,231,0.06722926930796083,0.14092028878398402
2024-03-26 00:00:00-04:00,205.5945748035229,207.60267586089557,204.10599946608266,204.45565795898438,3546200,0.0,0.0,0.05280829015544042,6.083607,0.0016,0.098500006,0.34451,0.06216,0.356,142027210752,0.181,29.523,12943287296,0.315,0.227,0.45,0.2202793529903911,-0.018757948025446166,1.0263519566298853,1.3765822818332791,-0.2290778130332124,0.013989854859610228,0.2309555732143903,0.18470131281221994,0.0025201104082715037,0.0006057380456292723,-0.031199179203312527,2.2997835971460456,231,0.06722926930796083,0.14092028878398402
2024-03-27 00:00:00-04:00,204.9651887278009,206.10410560184084,204.06603419926432,205.95423889160156,3509100,0.0,0.0,0.05280829015544042,6.083607,0.0016,0.098500006,0.34451,0.06216,0.356,142027210752,0.181,29.523,12943287296,0.315,0.227,0.45,0.2202793529903911,-0.018757948025446166,1.0263519566298853,1.3765822818332791,-0.2290778130332124,0.013989854859610228,0.2309555732143903,0.18470131281221994,0.0025201104082715037,0.0006057380456292723,-0.031199179203312527,2.2997835971460456,231,0.06722926930796083,0.14092028878398402
2024-03-28 00:00:00-04:00,207.03322581836778,207.99232098256655,206.19402707738163,206.62362670898438,3163400,0.0,0.0,0.05280829015544042,6.083607,0.0016,0.098500006,0.34451,0.06216,0.356,142027210752,0.181,29.523,12943287296,0.315,0.227,0.45,0.2202793529903911,-0.018757948025446166,1.0263519566298853,1.3765822818332791,-0.2290778130332124,0.013989854859610228,0.2309555732143903,0.18470131281221994,0.0025201104082715037,0.0006057380456292723,-0.031199179203312527,2.2997835971460456,231,0.06722926930796083,0.14092028878398402
2024-04-01 00:00:00-04:00,206.9932670895789,209.850552012785,205.72446873793663,209.75064086914062,2324300,0.0,0.0,0.05280829015544042,6.083607,0.0016,0.098500006,0.34451,0.06216,0.356,142027210752,0.181,29.523,12943287296,0.315,0.227,0.45,0.2202793529903911,-0.018757948025446166,1.0263519566298853,1.3765822818332791,-0.2290778130332124,0.013989854859610228,0.2309555732143903,0.18470131281221994,0.0025201104082715037,0.0006057380456292723,-0.031199179203312527,2.2997835971460456,231,0.06722926930796083,0.14092028878398402
2024-04-02 00:00:00-04:00,209.76062554754466,210.50991333631413,208.751574902317,209.83055114746094,1919100,0.0,0.0,0.05280829015544042,6.083607,0.0016,0.098500006,0.34451,0.06216,0.356,142027210752,0.181,29.523,12943287296,0.315,0.227,0.45,0.2202793529903911,-0.018757948025446166,1.0263519566298853,1.3765822818332791,-0.2290778130332124,0.013989854859610228,0.2309555732143903,0.18470131281221994,0.0025201104082715037,0.0006057380456292723,-0.031199179203312527,2.2997835971460456,231,0.06722926930796083,0.14092028878398402
2024-04-03 00:00:00-04:00,210.19038240254338,211.64969753543448,209.50072205541585,210.670166015625,2526800,0.1,0.0,0.05280829015544042,6.083607,0.0016,0.098500006,0.34451,0.06216,0.356,142027210752,0.181,29.523,12943287296,0.315,0.227,0.45,0.2202793529903911,-0.018757948025446166,1.0263519566298853,1.3765822818332791,-0.2290778130332124,0.013989854859610228,0.2309555732143903,0.18470131281221994,0.0025201104082715037,0.0006057380456292723,-0.031199179203312527,2.2997835971460456,231,0.06722926930796083,0.14092028878398402
2024-04-04 00:00:00-04:00,211.09996276982602,212.13947871814827,208.27130135975702,209.14089965820312,2581400,0.0,0.0,0.05280829015544042,6.083607,0.0016,0.098500006,0.34451,0.06216,0.356,142027210752,0.181,29.523,12943287296,0.315,0.227,0.45,0.2202793529903911,-0.018757948025446166,1.0263519566298853,1.3765822818332791,-0.2290778130332124,0.013989854859610228,0.2309555732143903,0.18470131281221994,0.0025201104082715037,0.0006057380456292723,-0.031199179203312527,2.2997835971460456,231,0.06722926930796083,0.14092028878398402
2024-04-05 00:00:00-04:00,210.14042041391812,211.94956062497764,209.1808684296085,210.90005493164062,3035900,0.0,0.0,0.05280829015544042,6.083607,0.0016,0.098500006,0.34451,0.06216,0.356,142027210752,0.181,29.523,12943287296,0.315,0.227,0.45,0.2202793529903911,-0.018757948025446166,1.0263519566298853,1.3765822818332791,-0.2290778130332124,0.013989854859610228,0.2309555732143903,0.18470131281221994,0.0025201104082715037,0.0006057380456292723,-0.031199179203312527,2.2997835971460456,231,0.06722926930796083,0.14092028878398402
2024-04-08 00:00:00-04:00,210.60019496074347,210.86008156788836,208.6011422980851,210.29034423828125,2793700,0.0,0.0,0.05280829015544042,6.083607,0.0016,0.098500006,0.34451,0.06216,0.356,142027210752,0.181,29.523,12943287296,0.315,0.227,0.45,0.2202793529903911,-0.018757948025446166,1.0263519566298853,1.3765822818332791,-0.2290778130332124,0.013989854859610228,0.2309555732143903,0.18470131281221994,0.0025201104082715037,0.0006057380456292723,-0.031199179203312527,2.2997835971460456,231,0.06722926930796083,0.14092028878398402
2024-04-09 00:00:00-04:00,210.46025849018693,210.95003187520146,204.0932807428043,204.71298217773438,2662100,0.0,0.0,0.05280829015544042,6.083607,0.0016,0.098500006,0.34451,0.06216,0.356,142027210752,0.181,29.523,12943287296,0.315,0.227,0.45,0.2202793529903911,-0.018757948025446166,1.0263519566298853,1.3765822818332791,-0.2290778130332124,0.013989854859610228,0.2309555732143903,0.18470131281221994,0.0025201104082715037,0.0006057380456292723,-0.031199179203312527,2.2997835971460456,231,0.06722926930796083,0.14092028878398402
2024-04-10 00:00:00-04:00,203.85338286878954,206.99189479506435,203.1137431785497,206.05233764648438,2367300,0.0,0.0,0.05280829015544042,6.083607,0.0016,0.098500006,0.34451,0.06216,0.356,142027210752,0.181,29.523,12943287296,0.315,0.227,0.45,0.2202793529903911,-0.018757948025446166,1.0263519566298853,1.3765822818332791,-0.2290778130332124,0.013989854859610228,0.2309555732143903,0.18470131281221994,0.0025201104082715037,0.0006057380456292723,-0.031199179203312527,2.2997835971460456,231,0.06722926930796083,0.14092028878398402
2024-04-11 00:00:00-04:00,206.15230001016195,206.99189844437416,201.9942669289763,202.1641845703125,3896400,0.0,0.0,0.05280829015544042,6.083607,0.0016,0.098500006,0.34451,0.06216,0.356,142027210752,0.181,29.523,12943287296,0.315,0.227,0.45,0.2202793529903911,-0.018757948025446166,1.0263519566298853,1.3765822818332791,-0.2290778130332124,0.013989854859610228,0.2309555732143903,0.18470131281221994,0.0025201104082715037,0.0006057380456292723,-0.031199179203312527,2.2997835971460456,231,0.06722926930796083,0.14092028878398402
2024-04-12 00:00:00-04:00,207.9014696781136,209.40075912290771,203.16370954200238,203.80340576171875,5367700,0.0,0.0,0.05280829015544042,6.083607,0.0016,0.098500006,0.34451,0.06216,0.356,142027210752,0.181,29.523,12943287296,0.315,0.227,0.45,0.2202793529903911,-0.018757948025446166,1.0263519566298853,1.3765822818332791,-0.2290778130332124,0.013989854859610228,0.2309555732143903,0.18470131281221994,0.0025201104082715037,0.0006057380456292723,-0.031199179203312527,2.2997835971460456,231,0.06722926930796083,0.14092028878398402
2024-04-15 00:00:00-04:00,207.66158570446865,208.68110683579792,205.03284181656375,206.4921417236328,3841900,0.0,0.0,0.05280829015544042,6.083607,0.0016,0.098500006,0.34451,0.06216,0.356,142027210752,0.181,29.523,12943287296,0.315,0.227,0.45,0.2202793529903911,-0.018757948025446166,1.0263519566298853,1.3765822818332791,-0.2290778130332124,0.013989854859610228,0.2309555732143903,0.18470131281221994,0.0025201104082715037,0.0006057380456292723,-0.031199179203312527,2.2997835971460456,231,0.06722926930796083,0.14092028878398402
2024-04-16 00:00:00-04:00,207.56163666347564,210.5202259926254,206.62207949423177,208.25131225585938,2916800,0.0,0.0,0.05280829015544042,6.083607,0.0016,0.098500006,0.34451,0.06216,0.356,142027210752,0.181,29.523,12943287296,0.315,0.227,0.45,0.2202793529903911,-0.018757948025446166,1.0263519566298853,1.3765822818332791,-0.2290778130332124,0.013989854859610228,0.2309555732143903,0.18470131281221994,0.0025201104082715037,0.0006057380456292723,-0.031199179203312527,2.2997835971460456,231,0.06722926930796083,0.14092028878398402
2024-04-17 00:00:00-04:00,208.98096071726468,209.93050765232996,207.49166103911068,209.02093505859375,3554600,0.0,0.0,0.05280829015544042,6.083607,0.0016,0.098500006,0.34451,0.06216,0.356,142027210752,0.181,29.523,12943287296,0.315,0.227,0.45,0.2202793529903911,-0.018757948025446166,1.0263519566298853,1.3765822818332791,-0.2290778130332124,0.013989854859610228,0.2309555732143903,0.18470131281221994,0.0025201104082715037,0.0006057380456292723,-0.031199179203312527,2.2997835971460456,231,0.06722926930796083,0.14092028878398402
2024-04-18 00:00:00-04:00,209.26083536148715,209.9505109770259,207.92147372492408,209.65065002441406,2116500,0.0,0.0,0.05280829015544042,6.083607,0.0016,0.098500006,0.34451,0.06216,0.356,142027210752,0.181,29.523,12943287296,0.315,0.227,0.45,0.2202793529903911,-0.018757948025446166,1.0263519566298853,1.3765822818332791,-0.2290778130332124,0.013989854859610228,0.2309555732143903,0.18470131281221994,0.0025201104082715037,0.0006057380456292723,-0.031199179203312527,2.2997835971460456,231,0.06722926930796083,0.14092028878398402
2024-04-19 00:00:00-04:00,210.8000894151723,215.07806073562406,210.44025933908006,214.5883026123047,4191100,0.0,0.0,0.05280829015544042,6.083607,0.0016,0.098500006,0.34451,0.06216,0.356,142027210752,0.181,29.523,12943287296,0.315,0.227,0.45,0.2202793529903911,-0.018757948025446166,1.0263519566298853,1.3765822818332791,-0.2290778130332124,0.013989854859610228,0.2309555732143903,0.18470131281221994,0.0025201104082715037,0.0006057380456292723,-0.031199179203312527,2.2997835971460456,231,0.06722926930796083,0.14092028878398402
2024-04-22 00:00:00-04:00,214.95813069204,216.1075951256986,212.76916558295488,212.89910888671875,2732400,0.0,0.0,0.05280829015544042,6.083607,0.0016,0.098500006,0.34451,0.06216,0.356,142027210752,0.181,29.523,12943287296,0.315,0.227,0.45,0.2202793529903911,-0.018757948025446166,1.0263519566298853,1.3765822818332791,-0.2290778130332124,0.013989854859610228,0.2309555732143903,0.18470131281221994,0.0025201104082715037,0.0006057380456292723,-0.031199179203312527,2.2997835971460456,231,0.06722926930796083,0.14092028878398402
2024-04-23 00:00:00-04:00,213.628753707506,215.1180533981669,212.25940754496162,213.9186248779297,2576100,0.0,0.0,0.05280829015544042,6.083607,0.0016,0.098500006,0.34451,0.06216,0.356,142027210752,0.181,29.523,12943287296,0.315,0.227,0.45,0.2202793529903911,-0.018757948025446166,1.0263519566298853,1.3765822818332791,-0.2290778130332124,0.013989854859610228,0.2309555732143903,0.18470131281221994,0.0025201104082715037,0.0006057380456292723,-0.031199179203312527,2.2997835971460456,231,0.06722926930796083,0.14092028878398402
2024-04-24 00:00:00-04:00,213.70872532979024,214.9981228553865,209.690625153476,212.0994873046875,2633200,0.0,0.0,0.05280829015544042,6.083607,0.0016,0.098500006,0.34451,0.06216,0.356,142027210752,0.181,29.523,12943287296,0.315,0.227,0.45,0.2202793529903911,-0.018757948025446166,1.0263519566298853,1.3765822818332791,-0.2290778130332124,0.013989854859610228,0.2309555732143903,0.18470131281221994,0.0025201104082715037,0.0006057380456292723,-0.031199179203312527,2.2997835971460456,231,0.06722926930796083,0.14092028878398402
2024-04-25 00:00:00-04:00,212.03951634580957,212.20943399277172,208.98096819736816,209.9705047607422,1882500,0.0,0.0,0.05280829015544042,6.083607,0.0016,0.098500006,0.34451,0.06216,0.356,142027210752,0.181,29.523,12943287296,0.315,0.227,0.45,0.2202793529903911,-0.018757948025446166,1.0263519566298853,1.3765822818332791,-0.2290778130332124,0.013989854859610228,0.2309555732143903,0.18470131281221994,0.0025201104082715037,0.0006057380456292723,-0.031199179203312527,2.2997835971460456,231,0.06722926930796083,0.14092028878398402
2024-04-26 00:00:00-04:00,208.9109890351099,209.8105718670815,205.4026571696358,207.93145751953125,2628700,0.0,0.0,0.05280829015544042,6.083607,0.0016,0.098500006,0.34451,0.06216,0.356,142027210752,0.181,29.523,12943287296,0.315,0.227,0.45,0.2202793529903911,-0.018757948025446166,1.0263519566298853,1.3765822818332791,-0.2290778130332124,0.013989854859610228,0.2309555732143903,0.18470131281221994,0.0025201104082715037,0.0006057380456292723,-0.031199179203312527,2.2997835971460456,231,0.06722926930796083,0.14092028878398402
2024-04-29 00:00:00-04:00,207.9014695822789,207.9314541510361,205.14278249569136,206.5720977783203,2691600,0.0,0.0,0.05280829015544042,6.083607,0.0016,0.098500006,0.34451,0.06216,0.356,142027210752,0.181,29.523,12943287296,0.315,0.227,0.45,0.2202793529903911,-0.018757948025446166,1.0263519566298853,1.3765822818332791,-0.2290778130332124,0.013989854859610228,0.2309555732143903,0.18470131281221994,0.0025201104082715037,0.0006057380456292723,-0.031199179203312527,2.2997835971460456,231,0.06722926930796083,0.14092028878398402
2024-04-30 00:00:00-04:00,206.7420161856497,210.6801522470237,206.1023199638544,208.15135192871094,3578400,0.0,0.0,0.05280829015544042,6.083607,0.0016,0.098500006,0.34451,0.06216,0.356,142027210752,0.181,29.523,12943287296,0.315,0.227,0.45,0.2202793529903911,-0.018757948025446166,1.0263519566298853,1.3765822818332791,-0.2290778130332124,0.013989854859610228,0.2309555732143903,0.18470131281221994,0.0025201104082715037,0.0006057380456292723,-0.031199179203312527,2.2997835971460456,231,0.06722926930796083,0.14092028878398402
2024-05-01 00:00:00-04:00,209.06092765280292,213.63876000453035,208.38124182796332,211.69967651367188,2360600,0.0,0.0,0.05280829015544042,6.083607,0.0016,0.098500006,0.34451,0.06216,0.356,142027210752,0.181,29.523,12943287296,0.315,0.227,0.45,0.2202793529903911,-0.018757948025446166,1.0263519566298853,1.3765822818332791,-0.2290778130332124,0.013989854859610228,0.2309555732143903,0.18470131281221994,0.0025201104082715037,0.0006057380456292723,-0.031199179203312527,2.2997835971460456,231,0.06722926930796083,0.14092028878398402
2024-05-02 00:00:00-04:00,211.64969729520206,212.67920817998416,208.22132935397957,208.9309844970703,2023100,0.0,0.0,0.05280829015544042,6.083607,0.0016,0.098500006,0.34451,0.06216,0.356,142027210752,0.181,29.523,12943287296,0.315,0.227,0.45,0.2202793529903911,-0.018757948025446166,1.0263519566298853,1.3765822818332791,-0.2290778130332124,0.013989854859610228,0.2309555732143903,0.18470131281221994,0.0025201104082715037,0.0006057380456292723,-0.031199179203312527,2.2997835971460456,231,0.06722926930796083,0.14092028878398402
2024-05-03 00:00:00-04:00,207.70157712101536,209.16087704088784,204.5530599896996,208.6211395263672,2150800,0.0,0.0,0.05280829015544042,6.083607,0.0016,0.098500006,0.34451,0.06216,0.356,142027210752,0.181,29.523,12943287296,0.315,0.227,0.45,0.2202793529903911,-0.018757948025446166,1.0263519566298853,1.3765822818332791,-0.2290778130332124,0.013989854859610228,0.2309555732143903,0.18470131281221994,0.0025201104082715037,0.0006057380456292723,-0.031199179203312527,2.2997835971460456,231,0.06722926930796083,0.14092028878398402
2024-05-06 00:00:00-04:00,209.11090955012747,215.43789777768828,208.9709764744315,215.4079132080078,2644700,0.0,0.0,0.05280829015544042,6.083607,0.0016,0.098500006,0.34451,0.06216,0.356,142027210752,0.181,29.523,12943287296,0.315,0.227,0.45,0.2202793529903911,-0.018757948025446166,1.0263519566298853,1.3765822818332791,-0.2290778130332124,0.013989854859610228,0.2309555732143903,0.18470131281221994,0.0025201104082715037,0.0006057380456292723,-0.031199179203312527,2.2997835971460456,231,0.06722926930796083,0.14092028878398402
2024-05-07 00:00:00-04:00,216.22752366368945,216.22752366368945,213.15897063948327,215.35794067382812,2706200,0.0,0.0,0.05280829015544042,6.083607,0.0016,0.098500006,0.34451,0.06216,0.356,142027210752,0.181,29.523,12943287296,0.315,0.227,0.45,0.2202793529903911,-0.018757948025446166,1.0263519566298853,1.3765822818332791,-0.2290778130332124,0.013989854859610228,0.2309555732143903,0.18470131281221994,0.0025201104082715037,0.0006057380456292723,-0.031199179203312527,2.2997835971460456,231,0.06722926930796083,0.14092028878398402
2024-05-08 00:00:00-04:00,216.3574770507524,217.6668541085414,215.767744922281,215.7977294921875,1840000,0.0,0.0,0.05280829015544042,6.083607,0.0016,0.098500006,0.34451,0.06216,0.356,142027210752,0.181,29.523,12943287296,0.315,0.227,0.45,0.2202793529903911,-0.018757948025446166,1.0263519566298853,1.3765822818332791,-0.2290778130332124,0.013989854859610228,0.2309555732143903,0.18470131281221994,0.0025201104082715037,0.0006057380456292723,-0.031199179203312527,2.2997835971460456,231,0.06722926930796083,0.14092028878398402
2024-05-09 00:00:00-04:00,214.44836780319503,215.0280948795099,213.4188569483002,213.61875915527344,1923300,0.0,0.0,0.05280829015544042,6.083607,0.0016,0.098500006,0.34451,0.06216,0.356,142027210752,0.181,29.523,12943287296,0.315,0.227,0.45,0.2202793529903911,-0.018757948025446166,1.0263519566298853,1.3765822818332791,-0.2290778130332124,0.013989854859610228,0.2309555732143903,0.18470131281221994,0.0025201104082715037,0.0006057380456292723,-0.031199179203312527,2.2997835971460456,231,0.06722926930796083,0.14092028878398402
2024-05-10 00:00:00-04:00,214.288444973605,215.99764167425445,213.6287539486834,215.6577911376953,2128400,0.0,0.0,0.05280829015544042,6.083607,0.0016,0.098500006,0.34451,0.06216,0.356,142027210752,0.181,29.523,12943287296,0.315,0.227,0.45,0.2202793529903911,-0.018757948025446166,1.0263519566298853,1.3765822818332791,-0.2290778130332124,0.013989854859610228,0.2309555732143903,0.18470131281221994,0.0025201104082715037,0.0006057380456292723,-0.031199179203312527,2.2997835971460456,231,0.06722926930796083,0.14092028878398402
2024-05-13 00:00:00-04:00,216.39744615531825,217.54689531140795,212.30938720703125,212.30938720703125,1549300,0.0,0.0,0.05280829015544042,6.083607,0.0016,0.098500006,0.34451,0.06216,0.356,142027210752,0.181,29.523,12943287296,0.315,0.227,0.45,0.2202793529903911,-0.018757948025446166,1.0263519566298853,1.3765822818332791,-0.2290778130332124,0.013989854859610228,0.2309555732143903,0.18470131281221994,0.0025201104082715037,0.0006057380456292723,-0.031199179203312527,2.2997835971460456,231,0.06722926930796083,0.14092028878398402
2024-05-14 00:00:00-04:00,212.00952800464867,214.28844679046244,211.40980611298767,213.56878662109375,1777000,0.0,0.0,0.05280829015544042,6.083607,0.0016,0.098500006,0.34451,0.06216,0.356,142027210752,0.181,29.523,12943287296,0.315,0.227,0.45,0.2202793529903911,-0.018757948025446166,1.0263519566298853,1.3765822818332791,-0.2290778130332124,0.013989854859610228,0.2309555732143903,0.18470131281221994,0.0025201104082715037,0.0006057380456292723,-0.031199179203312527,2.2997835971460456,231,0.06722926930796083,0.14092028878398402
2024-05-15 00:00:00-04:00,207.26177480361082,213.1289893218195,206.9519240899254,209.15087890625,3641800,0.0,0.0,0.05280829015544042,6.083607,0.0016,0.098500006,0.34451,0.06216,0.356,142027210752,0.181,29.523,12943287296,0.315,0.227,0.45,0.2202793529903911,-0.018757948025446166,1.0263519566298853,1.3765822818332791,-0.2290778130332124,0.013989854859610228,0.2309555732143903,0.18470131281221994,0.0025201104082715037,0.0006057380456292723,-0.031199179203312527,2.2997835971460456,231,0.06722926930796083,0.14092028878398402
2024-05-16 00:00:00-04:00,209.8905409936544,211.3098665619831,205.5425953271531,206.9119415283203,3419000,0.0,0.0,0.05280829015544042,6.083607,0.0016,0.098500006,0.34451,0.06216,0.356,142027210752,0.181,29.523,12943287296,0.315,0.227,0.45,0.2202793529903911,-0.018757948025446166,1.0263519566298853,1.3765822818332791,-0.2290778130332124,0.013989854859610228,0.2309555732143903,0.18470131281221994,0.0025201104082715037,0.0006057380456292723,-0.031199179203312527,2.2997835971460456,231,0.06722926930796083,0.14092028878398402
2024-05-17 00:00:00-04:00,209.21084909309005,209.58066894656085,207.1818119079181,209.1208953857422,2005000,0.0,0.0,0.05280829015544042,6.083607,0.0016,0.098500006,0.34451,0.06216,0.356,142027210752,0.181,29.523,12943287296,0.315,0.227,0.45,0.2202793529903911,-0.018757948025446166,1.0263519566298853,1.3765822818332791,-0.2290778130332124,0.013989854859610228,0.2309555732143903,0.18470131281221994,0.0025201104082715037,0.0006057380456292723,-0.031199179203312527,2.2997835971460456,231,0.06722926930796083,0.14092028878398402
2024-05-20 00:00:00-04:00,208.90100548919798,209.41075843308312,206.8019940702608,206.8819580078125,2172500,0.0,0.0,0.05280829015544042,6.083607,0.0016,0.098500006,0.34451,0.06216,0.356,142027210752,0.181,29.523,12943287296,0.315,0.227,0.45,0.2202793529903911,-0.018757948025446166,1.0263519566298853,1.3765822818332791,-0.2290778130332124,0.013989854859610228,0.2309555732143903,0.18470131281221994,0.0025201104082715037,0.0006057380456292723,-0.031199179203312527,2.2997835971460456,231,0.06722926930796083,0.14092028878398402
2024-05-21 00:00:00-04:00,207.89148179913903,211.17991663398425,207.6915643367636,209.28082275390625,2669100,0.0,0.0,0.05280829015544042,6.083607,0.0016,0.098500006,0.34451,0.06216,0.356,142027210752,0.181,29.523,12943287296,0.315,0.227,0.45,0.2202793529903911,-0.018757948025446166,1.0263519566298853,1.3765822818332791,-0.2290778130332124,0.013989854859610228,0.2309555732143903,0.18470131281221994,0.0025201104082715037,0.0006057380456292723,-0.031199179203312527,2.2997835971460456,231,0.06722926930796083,0.14092028878398402
2024-05-22 00:00:00-04:00,209.29082221760106,209.7705905960834,206.2322740209884,206.2422637939453,1684000,0.0,0.0,0.05280829015544042,6.083607,0.0016,0.098500006,0.34451,0.06216,0.356,142027210752,0.181,29.523,12943287296,0.315,0.227,0.45,0.2202793529903911,-0.018757948025446166,1.0263519566298853,1.3765822818332791,-0.2290778130332124,0.013989854859610228,0.2309555732143903,0.18470131281221994,0.0025201104082715037,0.0006057380456292723,-0.031199179203312527,2.2997835971460456,231,0.06722926930796083,0.14092028878398402
2024-05-23 00:00:00-04:00,205.6525455210293,207.3717320548659,202.92384286912193,203.08375549316406,2469300,0.0,0.0,0.05280829015544042,6.083607,0.0016,0.098500006,0.34451,0.06216,0.356,142027210752,0.181,29.523,12943287296,0.315,0.227,0.45,0.2202793529903911,-0.018757948025446166,1.0263519566298853,1.3765822818332791,-0.2290778130332124,0.013989854859610228,0.2309555732143903,0.18470131281221994,0.0025201104082715037,0.0006057380456292723,-0.031199179203312527,2.2997835971460456,231,0.06722926930796083,0.14092028878398402
2024-05-24 00:00:00-04:00,203.36363173375364,204.84292641659545,202.85386354966502,203.81341552734375,1721200,0.0,0.0,0.05280829015544042,6.083607,0.0016,0.098500006,0.34451,0.06216,0.356,142027210752,0.181,29.523,12943287296,0.315,0.227,0.45,0.2202793529903911,-0.018757948025446166,1.0263519566298853,1.3765822818332791,-0.2290778130332124,0.013989854859610228,0.2309555732143903,0.18470131281221994,0.0025201104082715037,0.0006057380456292723,-0.031199179203312527,2.2997835971460456,231,0.06722926930796083,0.14092028878398402
2024-05-28 00:00:00-04:00,202.8838545255953,205.56259307801233,202.7539264709824,205.0828094482422,2876200,0.0,0.0,0.05280829015544042,6.083607,0.0016,0.098500006,0.34451,0.06216,0.356,142027210752,0.181,29.523,12943287296,0.315,0.227,0.45,0.2202793529903911,-0.018757948025446166,1.0263519566298853,1.3765822818332791,-0.2290778130332124,0.013989854859610228,0.2309555732143903,0.18470131281221994,0.0025201104082715037,0.0006057380456292723,-0.031199179203312527,2.2997835971460456,231,0.06722926930796083,0.14092028878398402
2024-05-29 00:00:00-04:00,204.3331644809773,204.9428761647523,201.6844257531787,203.05377197265625,3075800,0.0,0.0,0.05280829015544042,6.083607,0.0016,0.098500006,0.34451,0.06216,0.356,142027210752,0.181,29.523,12943287296,0.315,0.227,0.45,0.2202793529903911,-0.018757948025446166,1.0263519566298853,1.3765822818332791,-0.2290778130332124,0.013989854859610228,0.2309555732143903,0.18470131281221994,0.0025201104082715037,0.0006057380456292723,-0.031199179203312527,2.2997835971460456,231,0.06722926930796083,0.14092028878398402
2024-05-30 00:00:00-04:00,203.0537620159161,207.01189287989607,203.00379790209806,206.83197021484375,2589000,0.0,0.0,0.05280829015544042,6.083607,0.0016,0.098500006,0.34451,0.06216,0.356,142027210752,0.181,29.523,12943287296,0.315,0.227,0.45,0.2202793529903911,-0.018757948025446166,1.0263519566298853,1.3765822818332791,-0.2290778130332124,0.013989854859610228,0.2309555732143903,0.18470131281221994,0.0025201104082715037,0.0006057380456292723,-0.031199179203312527,2.2997835971460456,231,0.06722926930796083,0.14092028878398402
2024-05-31 00:00:00-04:00,207.35172723775653,211.24988894653097,207.12184045991083,211.0799560546875,4520600,0.0,0.0,0.05280829015544042,6.083607,0.0016,0.098500006,0.34451,0.06216,0.356,142027210752,0.181,29.523,12943287296,0.315,0.227,0.45,0.2202793529903911,-0.018757948025446166,1.0263519566298853,1.3765822818332791,-0.2290778130332124,0.013989854859610228,0.2309555732143903,0.18470131281221994,0.0025201104082715037,0.0006057380456292723,-0.031199179203312527,2.2997835971460456,231,0.06722926930796083,0.14092028878398402
2024-06-03 00:00:00-04:00,211.3598392998099,211.64969521775657,207.07186290777076,209.28082275390625,1827300,0.0,0.0,0.05280829015544042,6.083607,0.0016,0.098500006,0.34451,0.06216,0.356,142027210752,0.181,29.523,12943287296,0.315,0.227,0.45,0.2202793529903911,-0.018757948025446166,1.0263519566298853,1.3765822818332791,-0.2290778130332124,0.013989854859610228,0.2309555732143903,0.18470131281221994,0.0025201104082715037,0.0006057380456292723,-0.031199179203312527,2.2997835971460456,231,0.06722926930796083,0.14092028878398402
2024-06-04 00:00:00-04:00,208.78106567479176,212.31938218897923,208.5211790667677,211.86959838867188,2768600,0.0,0.0,0.05280829015544042,6.083607,0.0016,0.098500006,0.34451,0.06216,0.356,142027210752,0.181,29.523,12943287296,0.315,0.227,0.45,0.2202793529903911,-0.018757948025446166,1.0263519566298853,1.3765822818332791,-0.2290778130332124,0.013989854859610228,0.2309555732143903,0.18470131281221994,0.0025201104082715037,0.0006057380456292723,-0.031199179203312527,2.2997835971460456,231,0.06722926930796083,0.14092028878398402
2024-06-05 00:00:00-04:00,212.29938536356826,213.19896820714996,210.200389231667,212.50929260253906,2126000,0.0,0.0,0.05280829015544042,6.083607,0.0016,0.098500006,0.34451,0.06216,0.356,142027210752,0.181,29.523,12943287296,0.315,0.227,0.45,0.2202793529903911,-0.018757948025446166,1.0263519566298853,1.3765822818332791,-0.2290778130332124,0.013989854859610228,0.2309555732143903,0.18470131281221994,0.0025201104082715037,0.0006057380456292723,-0.031199179203312527,2.2997835971460456,231,0.06722926930796083,0.14092028878398402
2024-06-06 00:00:00-04:00,213.36888592640807,214.34841745496914,211.4397921873649,213.08901977539062,1756300,0.0,0.0,0.05280829015544042,6.083607,0.0016,0.098500006,0.34451,0.06216,0.356,142027210752,0.181,29.523,12943287296,0.315,0.227,0.45,0.2202793529903911,-0.018757948025446166,1.0263519566298853,1.3765822818332791,-0.2290778130332124,0.013989854859610228,0.2309555732143903,0.18470131281221994,0.0025201104082715037,0.0006057380456292723,-0.031199179203312527,2.2997835971460456,231,0.06722926930796083,0.14092028878398402
2024-06-07 00:00:00-04:00,214.9081422189397,216.39744188227104,211.64969200263693,212.4293212890625,2113000,0.0,0.0,0.05280829015544042,6.083607,0.0016,0.098500006,0.34451,0.06216,0.356,142027210752,0.181,29.523,12943287296,0.315,0.227,0.45,0.2202793529903911,-0.018757948025446166,1.0263519566298853,1.3765822818332791,-0.2290778130332124,0.013989854859610228,0.2309555732143903,0.18470131281221994,0.0025201104082715037,0.0006057380456292723,-0.031199179203312527,2.2997835971460456,231,0.06722926930796083,0.14092028878398402
2024-06-10 00:00:00-04:00,211.64969428724228,212.3893492407207,209.20085789952026,210.18038940429688,2629000,0.0,0.0,0.05280829015544042,6.083607,0.0016,0.098500006,0.34451,0.06216,0.356,142027210752,0.181,29.523,12943287296,0.315,0.227,0.45,0.2202793529903911,-0.018757948025446166,1.0263519566298853,1.3765822818332791,-0.2290778130332124,0.013989854859610228,0.2309555732143903,0.18470131281221994,0.0025201104082715037,0.0006057380456292723,-0.031199179203312527,2.2997835971460456,231,0.06722926930796083,0.14092028878398402
2024-06-11 00:00:00-04:00,209.81057617270147,209.94050422490014,207.241786176726,208.39125061035156,2298100,0.0,0.0,0.05280829015544042,6.083607,0.0016,0.098500006,0.34451,0.06216,0.356,142027210752,0.181,29.523,12943287296,0.315,0.227,0.45,0.2202793529903911,-0.018757948025446166,1.0263519566298853,1.3765822818332791,-0.2290778130332124,0.013989854859610228,0.2309555732143903,0.18470131281221994,0.0025201104082715037,0.0006057380456292723,-0.031199179203312527,2.2997835971460456,231,0.06722926930796083,0.14092028878398402
2024-06-12 00:00:00-04:00,206.9719280799686,207.9014802623149,201.24463112815636,202.3441162109375,3002100,0.0,0.0,0.05280829015544042,6.083607,0.0016,0.098500006,0.34451,0.06216,0.356,142027210752,0.181,29.523,12943287296,0.315,0.227,0.45,0.2202793529903911,-0.018757948025446166,1.0263519566298853,1.3765822818332791,-0.2290778130332124,0.013989854859610228,0.2309555732143903,0.18470131281221994,0.0025201104082715037,0.0006057380456292723,-0.031199179203312527,2.2997835971460456,231,0.06722926930796083,0.14092028878398402
2024-06-13 00:00:00-04:00,203.35363245350123,204.64302998331618,202.20418325390776,203.50357055664062,2520500,0.0,0.0,0.05280829015544042,6.083607,0.0016,0.098500006,0.34451,0.06216,0.356,142027210752,0.181,29.523,12943287296,0.315,0.227,0.45,0.2202793529903911,-0.018757948025446166,1.0263519566298853,1.3765822818332791,-0.2290778130332124,0.013989854859610228,0.2309555732143903,0.18470131281221994,0.0025201104082715037,0.0006057380456292723,-0.031199179203312527,2.2997835971460456,231,0.06722926930796083,0.14092028878398402
2024-06-14 00:00:00-04:00,205.70252443951765,208.81105197630714,203.2936622925151,203.8234100341797,2913800,0.0,0.0,0.05280829015544042,6.083607,0.0016,0.098500006,0.34451,0.06216,0.356,142027210752,0.181,29.523,12943287296,0.315,0.227,0.45,0.2202793529903911,-0.018757948025446166,1.0263519566298853,1.3765822818332791,-0.2290778130332124,0.013989854859610228,0.2309555732143903,0.18470131281221994,0.0025201104082715037,0.0006057380456292723,-0.031199179203312527,2.2997835971460456,231,0.06722926930796083,0.14092028878398402
2024-06-17 00:00:00-04:00,204.52307692145297,208.21133159437417,204.52307692145297,208.14137268066406,2489400,0.0,0.0,0.05280829015544042,6.083607,0.0016,0.098500006,0.34451,0.06216,0.356,142027210752,0.181,29.523,12943287296,0.315,0.227,0.45,0.2202793529903911,-0.018757948025446166,1.0263519566298853,1.3765822818332791,-0.2290778130332124,0.013989854859610228,0.2309555732143903,0.18470131281221994,0.0025201104082715037,0.0006057380456292723,-0.031199179203312527,2.2997835971460456,231,0.06722926930796083,0.14092028878398402
2024-06-18 00:00:00-04:00,209.00096463494683,211.7696416267544,208.07139720419732,210.65017700195312,2722100,0.0,0.0,0.05280829015544042,6.083607,0.0016,0.098500006,0.34451,0.06216,0.356,142027210752,0.181,29.523,12943287296,0.315,0.227,0.45,0.2202793529903911,-0.018757948025446166,1.0263519566298853,1.3765822818332791,-0.2290778130332124,0.013989854859610228,0.2309555732143903,0.18470131281221994,0.0025201104082715037,0.0006057380456292723,-0.031199179203312527,2.2997835971460456,231,0.06722926930796083,0.14092028878398402
2024-06-20 00:00:00-04:00,210.77011687500848,212.1194835502523,209.09091992512097,210.75013732910156,2545300,0.0,0.0,0.05280829015544042,6.083607,0.0016,0.098500006,0.34451,0.06216,0.356,142027210752,0.181,29.523,12943287296,0.315,0.227,0.45,0.2202793529903911,-0.018757948025446166,1.0263519566298853,1.3765822818332791,-0.2290778130332124,0.013989854859610228,0.2309555732143903,0.18470131281221994,0.0025201104082715037,0.0006057380456292723,-0.031199179203312527,2.2997835971460456,231,0.06722926930796083,0.14092028878398402
2024-06-21 00:00:00-04:00,208.98096336073743,210.17040211350567,206.57210128593468,209.09091186523438,3950700,0.0,0.0,0.05280829015544042,6.083607,0.0016,0.098500006,0.34451,0.06216,0.356,142027210752,0.181,29.523,12943287296,0.315,0.227,0.45,0.2202793529903911,-0.018757948025446166,1.0263519566298853,1.3765822818332791,-0.2290778130332124,0.013989854859610228,0.2309555732143903,0.18470131281221994,0.0025201104082715037,0.0006057380456292723,-0.031199179203312527,2.2997835971460456,231,0.06722926930796083,0.14092028878398402
2024-06-24 00:00:00-04:00,209.71061716742517,212.69920638911043,209.47074060886945,210.5802001953125,2927400,0.0,0.0,0.05280829015544042,6.083607,0.0016,0.098500006,0.34451,0.06216,0.356,142027210752,0.181,29.523,12943287296,0.315,0.227,0.45,0.2202793529903911,-0.018757948025446166,1.0263519566298853,1.3765822818332791,-0.2290778130332124,0.013989854859610228,0.2309555732143903,0.18470131281221994,0.0025201104082715037,0.0006057380456292723,-0.031199179203312527,2.2997835971460456,231,0.06722926930796083,0.14092028878398402
2024-06-25 00:00:00-04:00,210.87006362233066,212.43931197426755,207.70156709817851,208.18133544921875,2331500,0.0,0.0,0.05280829015544042,6.083607,0.0016,0.098500006,0.34451,0.06216,0.356,142027210752,0.181,29.523,12943287296,0.315,0.227,0.45,0.2202793529903911,-0.018757948025446166,1.0263519566298853,1.3765822818332791,-0.2290778130332124,0.013989854859610228,0.2309555732143903,0.18470131281221994,0.0025201104082715037,0.0006057380456292723,-0.031199179203312527,2.2997835971460456,231,0.06722926930796083,0.14092028878398402
2024-06-26 00:00:00-04:00,207.121843147017,208.31128189598698,204.7829552423452,208.0913848876953,3213100,0.0,0.0,0.05280829015544042,6.083607,0.0016,0.098500006,0.34451,0.06216,0.356,142027210752,0.181,29.523,12943287296,0.315,0.227,0.45,0.2202793529903911,-0.018757948025446166,1.0263519566298853,1.3765822818332791,-0.2290778130332124,0.013989854859610228,0.2309555732143903,0.18470131281221994,0.0025201104082715037,0.0006057380456292723,-0.031199179203312527,2.2997835971460456,231,0.06722926930796083,0.14092028878398402
2024-06-27 00:00:00-04:00,208.78106196547967,211.29985730307519,207.67158714360025,211.24989318847656,1987600,0.0,0.0,0.05280829015544042,6.083607,0.0016,0.098500006,0.34451,0.06216,0.356,142027210752,0.181,29.523,12943287296,0.315,0.227,0.45,0.2202793529903911,-0.018757948025446166,1.0263519566298853,1.3765822818332791,-0.2290778130332124,0.013989854859610228,0.2309555732143903,0.18470131281221994,0.0025201104082715037,0.0006057380456292723,-0.031199179203312527,2.2997835971460456,231,0.06722926930796083,0.14092028878398402
2024-06-28 00:00:00-04:00,210.30033102376348,211.73965136068207,207.43169537409673,207.6116180419922,4068200,0.0,0.0,0.05280829015544042,6.083607,0.0016,0.098500006,0.34451,0.06216,0.356,142027210752,0.181,29.523,12943287296,0.315,0.227,0.45,0.2202793529903911,-0.018757948025446166,1.0263519566298853,1.3765822818332791,-0.2290778130332124,0.013989854859610228,0.2309555732143903,0.18470131281221994,0.0025201104082715037,0.0006057380456292723,-0.031199179203312527,2.2997835971460456,231,0.06722926930796083,0.14092028878398402
